0
678
728
2284
817
2611
684
674
2281
366
368
1369
355
364
1367
1417
322
328
1338
323
327
1336
1342
371
1396
1480
438
431
1467
2039
350
349
1357
353
361
1361
1409
346
338
1347
333
329
1339
1390
1462
448
451
1486
2045
2139
2643
3266
337
1349
356
352
1358
1406
445
1469
403
411
1423
387
375
1402
1492
2063
2220
362
1366
339
1348
1412
372
369
1370
1478
354
344
1359
343
332
1344
1408
386
374
1398
1472
2032
722
2349
2595
741
753
2320
690
715
2259
2905
3551
4304
2347
378
359
1386
345
340
1351
1393
1452
377
1380
382
1378
1439
1531
489
2091
370
379
1375
1495
426
1476
2051
2258
2655
475
477
2069
381
1376
363
1362
1427
419
412
1437
1516
2212
2700
3355
757
452
1487
2031
376
1371
357
1360
1425
1509
2147
2350
655
334
1345
1382
398
1436
1514
2168
360
1365
348
351
1354
1413
1353
1415
1474
409
1426
2026
1383
1441
416
1447
1526
2152
2365
2789
347
1346
341
1352
1394
384
1399
1457
427
1466
2015
1379
1435
385
1392
1517
487
2086
2217
751
2618
3456
3935
391
1405
1460
424
421
1451
1543
1384
383
1389
1449
456
1532
2126
2456
418
1444
394
1428
1519
493
2088
697
2239
2040
2174
2494
2971
1529
325
326
1337
324
1335
1341
1403
1489
2092
1438
1414
1521
497
2095
2208
2477
3723
2173
1395
1471
434
1502
2047
2170
2355
502
2105
2435
2861
2493
2042
2162
413
1433
1507
499
2083
2370
3042
3683
4284
4954
706
2085
2277
2801
395
1410
1511
471
2121
2364
800
2860
3472
686
1364
1429
373
1397
1523
2100
2230
2033
1385
1443
396
1446
1525
380
1373
1430
441
1524
2096
2226
2566
862
3140
4209
1091
1092
3922
883
3586
4144
5100
5422
1123
1108
5174
698
668
2271
725
701
2291
2683
1
405
408
1424
1510
2073
2341
436
1498
453
1494
2059
2358
2735
3371
1060
1048
4587
5274
5461
708
2243
230
75
65
1253
111
1269
1671
80
79
1261
118
1287
199
1682
1881
336
342
1343
330
1356
1401
1377
1459
439
1473
2017
2241
2542
2172
765
2369
3136
331
1340
1404
414
1461
440
425
1463
2025
2140
2688
3816
3043
3856
4528
5425
225
112
1727
177
295
122
1272
1586
1907
511
463
2129
2052
2191
2395
801
2923
599
2106
2244
796
2491
470
2089
2444
2209
388
1400
1455
365
367
1368
1355
1421
1539
444
1464
2113
2470
2963
410
1434
1513
2076
687
2232
778
2517
3545
4139
696
2234
2552
870
3155
3748
996
911
3925
4612
5228
912
3412
3913
1528
492
2094
2072
2268
2747
3698
4555
1089
1090
3893
683
2034
2248
435
1497
2065
1445
1522
490
2084
2214
2443
2875
824
2743
3623
4206
5329
5518
1168
5671
5331
5499
1158
5648
5944
228
665
500
2222
2590
3697
961
3919
4627
5233
400
402
1418
1481
2144
422
1465
1544
415
1501
2165
2465
2348
2854
2856
3514
1050
4344
4960
5551
1106
1121
5031
673
2274
2579
2082
2363
2756
667
2203
2190
2414
2445
2881
3513
74
61
1251
62
63
1248
78
1252
1280
2053
2181
2653
3991
2562
220
203
1689
229
83
85
1279
1710
1880
726
2288
2231
2601
2269
2141
2624
3215
1877
555
1818
1974
186
221
1647
70
71
1249
73
76
1254
1267
1606
1827
530
132
1740
2010
3133
217
231
1673
181
195
1623
1852
202
213
1633
1661
1824
2604
1720
3224
3791
2146
2947
946
3665
4652
752
2149
2304
2610
3470
443
1468
2020
2263
2704
4088
126
1639
541
1802
84
1277
1613
2582
125
1644
3192
1878
184
93
1609
142
131
1562
1769
2712
3841
771
2366
82
127
1271
260
245
1303
1680
543
1935
537
517
1779
3196
1605
1610
1783
2906
3931
1823
2852
224
1657
1804
218
104
1692
1839
2877
3521
4793
928
859
138
160
1563
1863
561
523
1825
709
681
2282
2833
3612
2235
2842
3469
4026
4734
294
310
1548
64
263
1304
282
298
1325
1565
1828
190
1703
214
1640
1884
2631
2122
2279
736
720
2307
2714
2035
2440
3157
2744
2564
3348
2733
3387
3928
815
981
1175
5701
1179
1207
5790
6077
39
833
811
2713
959
3884
2156
2525
2145
2605
3153
205
162
1665
590
2790
2155
460
2046
1381
1500
2167
2315
774
761
2336
2779
3693
792
749
2569
767
2616
3263
4455
719
2260
2702
389
1422
1545
442
1534
2132
2308
3406
4196
5094
1167
1209
5796
1186
1232
5869
6284
1096
1097
3939
937
3614
4203
3724
735
2306
2176
2677
2736
3384
506
503
2109
779
2418
3164
3961
4688
5309
1087
1088
3892
2290
2638
3565
4214
2964
3576
4145
4896
5505
5670
17
2689
3583
1109
5218
2458
2037
2161
2966
3594
1021
1023
3826
1052
1067
3907
4646
5249
5475
3361
4148
4146
4887
1115
4970
5395
5427
5595
5690
4138
939
3588
4211
4905
5379
5580
994
3898
4578
5266
5564
5704
6057
2606
2539
3333
2758
3402
4335
1130
5508
4556
2433
2993
3772
2097
2289
2343
2771
3652
4529
5324
5507
5731
700
2246
2637
914
3414
3924
4686
5300
4283
2148
2451
671
693
2264
2537
3070
2151
429
1454
2018
1419
1387
1504
2183
2498
855
3102
3688
478
2193
2169
2560
3100
972
3774
4422
5253
5607
1226
5827
6220
3212
769
2501
358
1363
1416
433
1488
2158
2367
812
2962
3548
4357
1236
1194
5882
6336
2254
2523
745
2583
3139
501
401
1440
1537
2103
2247
734
2325
2672
3757
4204
4879
5424
5669
4683
550
1221
5832
6234
664
4888
1137
5441
5631
1212
5805
4147
4140
4866
248
241
1296
1315
249
266
1314
1598
277
272
1308
6406
6410
96
107
1282
6423
695
2238
2175
2509
1134
5407
5592
5843
1243
5921
6376
3213
598
14
613
4141
4149
4873
935
3539
4451
5059
5413
1195
5884
1063
3754
4762
5465
730
2334
510
2280
2581
3523
4003
3386
1004
3940
4926
468
465
2049
2166
2585
1219
5816
1648
1790
1587
121
1567
1767
1968
3324
5630
2855
798
3001
3542
4443
1069
1032
3963
1442
1520
2127
197
276
2186
2787
3409
1016
4066
4768
564
1973
2563
3379
21
2676
3310
2466
2303
2983
2324
2750
3672
4189
504
2188
2521
3292
4069
4985
1163
5663
567
2591
3193
553
552
1812
153
1572
1798
2599
182
1718
3182
3786
3840
4815
135
128
1546
319
6404
6413
287
286
1258
188
1625
533
1778
6444
1160
5653
5841
2403
2792
3855
3682
4548
4212
4861
5359
1144
5623
6311
2242
2505
3003
672
666
2292
2981
3615
1432
1540
3410
871
305
315
1615
5689
4867
4142
5412
5597
5213
5527
5754
6016
1234
5851
675
2225
2437
5230
5636
4955
5646
5809
677
2276
1608
156
1584
1932
192
1830
2661
1934
3680
856
3037
2293
2666
3271
2452
2917
3552
4363
1070
3046
1019
459
457
1533
2078
657
2251
2510
3060
964
3749
2874
3738
317
318
1334
215
144
1655
2001
3217
4243
1174
5693
6005
494
2134
2311
2752
783
2548
4364
139
1674
1632
1882
117
1166
4863
852
3597
4487
5089
176
4115
3932
4915
1231
1675
92
102
1268
1758
519
313
1702
247
252
1295
1318
1603
1939
1757
2740
3619
2598
1690
1842
3166
4290
2863
810
2692
3289
4447
5868
6343
2673
3775
4864
5349
2732
2654
3572
4092
4800
5577
472
2066
2179
3571
4095
1290
1188
5877
6324
916
3510
1220
860
3053
3637
3725
4322
3852
5051
966
273
297
1317
1685
308
1578
1905
1706
560
1893
2628
524
1735
1923
1132
1073
4678
461
467
2019
458
447
1535
2135
2482
760
2329
3027
140
299
1570
172
1732
1997
2513
3014
3648
161
124
1571
133
291
1289
1743
108
1616
1942
1110
2994
3591
3727
4319
180
1641
1969
5853
6164
480
495
2108
2317
2707
785
814
2556
3096
1617
1836
3170
1085
641
724
2354
3044
717
2453
2512
3280
2538
804
2615
3205
2596
3330
3862
4536
905
3669
4238
4143
4856
1133
5383
5583
1152
5699
6321
143
1589
1611
1751
1951
573
3273
581
575
3302
3958
5501
764
2330
3047
953
955
3744
611
514
1765
1949
2044
2837
223
204
1696
1846
170
1707
2866
3480
5130
3777
4418
5312
5568
5232
3264
4113
5319
5588
5729
1211
5807
6129
189
1622
1838
152
174
1585
110
1580
1787
2011
3106
232
233
1704
716
688
2297
3085
2530
3064
3712
4546
5148
5530
5688
103
1285
1224
5811
6133
4732
5260
4213
5120
5229
5447
1807
2506
167
1612
1841
3134
1624
1849
1978
1697
1847
3191
3770
739
712
2328
566
3008
3617
4501
2312
2344
2351
3050
2907
3547
4262
925
940
3599
4120
3512
455
437
1515
2133
2496
2973
3978
4731
584
474
534
532
1734
6236
5147
5536
5666
3148
3969
5686
6303
658
2159
509
483
2192
2372
154
2374
2218
2772
49
2441
3447
838
3127
4179
3728
5118
5522
1139
5685
3992
4194
4871
2157
2619
1508
390
392
1407
1499
2068
2262
2762
3353
742
3005
3596
1038
4346
151
100
1566
2439
3504
4030
841
2285
829
2693
3347
4802
430
1456
407
1458
1541
486
2124
2545
2571
4207
5111
5498
5732
5981
2838
3487
984
5598
251
278
1306
3613
4424
3265
5194
731
1025
3920
5179
1180
5777
1214
5849
763
756
2484
772
2541
3104
877
3187
3846
2701
3300
2857
3910
4595
1176
2757
703
679
2275
2565
3396
3897
4660
5722
1241
5904
6349
3071
4070
4629
464
2048
670
2197
512
482
2125
2416
557
3222
1744
2821
921
3462
3996
950
4685
3194
5273
5575
97
3756
4659
5791
6118
1213
5803
239
242
1291
262
256
1301
1312
6408
2480
2918
193
4454
3175
4859
4957
5394
5584
5552
5702
6039
913
3419
3917
836
2784
3448
1017
4107
4806
5802
2463
3159
2753
3845
5469
5655
5889
747
2429
2886
2131
2613
3505
3392
4168
571
2873
2937
3527
4278
4918
5367
3158
3689
4369
714
2255
2519
3313
5238
1834
2608
1982
3307
2667
3241
4010
116
114
1596
1755
1709
1906
3385
3871
4552
5171
1800
2777
1959
3529
1837
2867
562
2995
3564
4165
750
2342
29
786
101
1560
1713
432
1484
2043
654
2153
2340
3012
4311
2253
2729
3357
417
420
1448
1527
2130
2831
3507
4270
948
1636
1774
1806
3421
1679
147
134
1652
1899
4236
758
2337
3031
168
1708
2236
2621
2221
791
2427
3417
806
2778
2310
5110
4684
5292
5559
5710
59
6073
748
2468
3228
226
529
1729
1189
4845
3941
4710
5366
5180
5615
2602
2607
3220
976
967
3943
4633
4687
5438
5500
5640
5785
685
2112
2256
2858
3466
1933
580
2782
3058
3836
3331
732
2345
3026
886
2272
2770
5280
847
3151
3741
909
3441
4372
5099
5417
5628
5736
3073
3800
989
3880
4583
1791
2006
1483
488
2070
885
3844
4514
1027
4159
4834
165
191
1594
3288
3902
4589
1074
1055
3813
4479
1046
1047
4347
5415
1297
1321
2965
3975
3729
4582
87
1558
1854
2640
1840
2870
3444
3223
4061
4005
5317
827
2982
3628
2589
3687
4376
846
2941
3782
4416
4986
692
2327
3274
2864
3475
878
3535
4051
200
1725
77
137
1550
1947
784
2419
3124
3312
3853
4718
5237
5458
5297
5467
1154
5642
5792
6074
1183
572
2540
3401
4157
8
3311
3842
4796
4549
5173
5546
4615
1206
5839
6199
922
1120
1568
1898
296
1324
290
1323
1686
3197
3847
155
1574
1745
1952
507
2120
2398
406
1470
2028
2137
2921
449
1505
1493
2058
3776
4408
3394
4463
3415
3887
3584
4106
4790
145
754
2464
3942
4670
3977
4944
3097
4380
5183
5649
5938
3485
4171
4438
5318
5840
6253
630
777
2650
3231
2727
428
1453
1542
1496
2154
2182
2405
930
3525
2038
2249
2932
91
281
1273
1164
5667
1142
5759
6027
5651
5865
6188
4105
978
3803
2462
5632
5744
3745
4407
5024
3122
620
69
68
1250
236
246
1293
1322
3465
1147
1153
5638
5778
6034
3464
586
4525
43
1058
4466
2476
2926
527
1717
1148
5626
4375
5046
5476
5715
723
2266
3080
4906
2397
3119
5808
6083
610
2587
962
5720
5960
9
1225
1240
5888
6372
2373
768
2164
2360
3015
4073
923
3524
5353
5134
5511
5639
5765
271
254
1260
2180
2558
568
2904
1964
3022
3653
2670
3239
2847
3451
3947
4739
1014
816
2592
3423
1005
3953
4692
3380
1851
2957
1621
1785
1992
3708
1801
2731
175
265
259
1298
6403
6409
209
1638
6419
6442
6460
6466
1129
6472
187
1660
2717
3832
4520
38
2759
3831
4499
1075
4457
5078
3911
4592
546
518
1814
558
1888
2626
2116
2807
1817
505
2107
889
5842
5770
6347
2570
2716
5748
5850
6178
2526
3305
4717
6440
729
2399
2396
2851
3161
3325
3859
234
2824
3452
3945
4934
3916
4601
5156
3751
5146
2594
3516
1098
4667
5279
5471
4894
2944
5335
813
2516
2614
3235
625
212
1649
1662
1858
1962
528
2812
3429
4631
526
5866
2323
2431
2848
1237
5861
2763
3432
780
2486
2980
3645
4823
491
2123
2379
1006
1961
3293
4067
258
257
1299
5593
820
2617
3178
2749
3839
3004
3611
5325
5491
5622
5798
2887
3577
237
250
1262
737
2322
4103
3762
4621
5519
5643
5787
1131
5375
5547
5697
6313
943
3659
4255
826
2138
2332
582
3021
651
3138
3730
4965
3
2102
2227
797
2529
3062
5959
516
120
1573
3362
3883
4594
6312
3162
2432
2893
2522
3639
3234
479
2080
830
3024
1146
790
2425
2985
3460
1151
5321
5661
1065
1034
5334
5493
5724
5994
2908
5887
6374
3643
4289
2862
3455
1026
4102
5032
3918
2021
2250
89
1278
1749
2811
2952
3981
4388
5277
5549
579
766
2681
3368
538
1792
2007
6193
4614
1233
3575
4827
115
1712
1900
3633
4489
5035
32
2198
2392
3405
4226
3607
4453
5071
1181
3203
3807
1126
5202
1957
3291
5703
3889
4580
906
3671
4251
6007
5635
5764
6259
5769
6342
5585
5855
842
2803
3731
4709
805
2531
1102
4721
5262
4889
5236
5446
2748
3434
3881
4560
3764
2335
3783
1045
4219
5087
776
2547
3598
3107
4190
4878
872
3703
4232
5665
6075
1196
5757
6045
5528
5856
6162
1965
37
3540
4403
1530
542
1887
149
88
1553
1829
2959
3785
958
1637
1773
2691
4185
931
3784
4719
795
2449
1786
2705
3404
577
1972
3295
4101
1228
5831
6134
5745
787
3694
1076
794
2420
2536
3038
3970
4647
5226
5611
5885
5258
4404
5012
854
2774
4379
3995
5015
5456
2543
3088
4136
908
1950
1756
4124
3971
4911
283
513
2818
759
2644
3255
5440
3710
3422
4273
5166
5634
5346
5733
5972
2622
2502
4791
3079
2257
2785
5673
5898
1217
5824
2668
3243
3810
4788
4610
5363
1681
1876
2977
882
3519
4001
4745
5854
5838
6396
1861
2902
2346
3029
5883
6202
3960
4698
33
423
1475
2022
1031
3461
993
4502
5158
4613
1924
5512
5682
4634
4862
5504
20
2796
3481
4332
1155
1013
4022
4735
166
640
2219
2507
106
1276
1752
1988
4401
866
3440
4542
5767
713
2489
2955
3563
865
3476
4384
3654
99
1719
1654
1909
4392
3536
4065
5003
150
1583
647
992
4223
4675
4032
5357
5548
5771
3147
3933
4596
5153
1104
304
1618
1754
2975
1983
2036
2422
3091
6422
710
2245
173
1723
3691
957
3737
4642
2490
4632
5924
6449
1650
1920
5826
6149
5821
6171
809
2699
40
1171
5782
6060
2450
2318
3049
4297
1125
1668
1746
963
977
3797
4458
2499
3236
1420
1538
3630
5039
3065
1775
2000
3132
3238
109
1284
3424
880
3458
3937
3173
4222
1966
3338
799
2421
5234
5463
5830
2511
1388
1503
476
2075
2213
3116
3072
4117
3408
5718
6110
839
2805
2797
4628
5243
5347
5533
5707
6046
1200
1246
5926
6388
4553
5341
5515
5747
6205
280
270
1307
6401
5101
5418
1095
1036
1039
4151
5062
5526
2056
659
2189
2557
3284
818
2593
496
2150
3117
2005
3109
3720
960
3900
4691
5969
42
3666
2687
3605
4181
1020
1024
3838
1044
4513
1022
3753
4584
1040
4152
4841
5435
2376
2788
3686
6411
6424
5674
5900
881
6281
998
3926
1061
1080
4512
6429
6437
6451
6462
6317
1579
1918
3317
3957
5290
5627
5957
944
823
2734
3657
3726
4287
4982
3610
4177
1172
5758
6042
2544
3329
4340
2171
2378
4111
5314
2576
680
5313
875
3704
5396
896
6235
5594
5750
6136
113
90
1264
5225
4953
3773
4725
4386
5098
919
3450
2368
3129
3865
3427
746
2339
2754
3574
4468
3125
3758
4382
5216
314
539
1722
292
311
1547
301
1333
1750
2016
656
2143
2876
3154
2802
520
1715
3290
4056
235
1688
864
3843
4491
2718
3570
4076
5315
1222
5818
6232
4761
5386
3526
2009
3211
2649
2647
3296
3849
4532
4794
4902
3214
1987
3660
4250
15
3240
3798
4533
508
466
2114
2286
5064
25
3824
5006
4527
5193
293
302
1329
727
2469
2101
2409
5768
6022
1190
5772
6028
3635
4336
999
3909
4713
2636
5247
2356
3059
1831
3168
4857
5369
211
1629
4537
5128
3103
3705
5084
4448
5307
5817
6248
6185
1766
1940
289
316
1263
3002
4034
2656
3482
1001
3952
1868
1143
4598
1199
5892
6375
4754
3752
4600
4261
5609
1372
1479
2142
6177
1184
4617
4801
850
849
2967
3967
1850
2895
1853
1996
3118
3699
5121
5430
4781
5380
3711
2708
3624
4205
821
2888
3459
3973
5139
4055
5265
3566
4449
3692
4249
5162
6337
5050
10
2698
770
540
1797
2741
3556
676
2278
2577
6210
321
1185
2204
2413
5876
6258
5404
5343
711
691
2294
2163
2665
3269
4385
3915
4574
5170
86
267
285
1309
72
1316
1591
5483
5728
1162
5617
5705
521
6184
970
5717
5712
6154
5740
5988
5600
2760
5067
5466
2177
2518
3277
6113
1010
1999
3569
3966
938
2495
1170
5755
6274
1041
1156
1227
5819
1029
4510
4387
1319
788
2767
3389
1235
5886
4033
66
5742
2682
3364
2652
3279
4414
5053
5397
548
733
450
1485
2062
2305
3039
261
1257
1576
2880
1205
5794
6092
2411
2859
5188
185
1677
2828
556
1820
2697
3602
3115
968
3743
4924
5372
4395
5606
1866
5185
1049
1042
4350
3739
3999
4751
2099
2400
828
2737
3316
4131
5042
5545
933
3818
4766
3323
3567
3425
5766
1015
3835
2448
3188
4006
4770
129
6353
3706
1103
4775
5658
6032
6038
1122
986
3806
910
3696
164
1597
1883
861
3304
4183
3156
3135
4271
1178
1216
5814
6123
4966
1229
5852
6278
5242
5224
5539
4082
1141
5681
5725
5967
874
3722
1193
5560
5784
6132
60
1173
5694
6295
3201
3948
789
2407
2794
587
5184
4410
1083
5167
4760
5451
1895
5235
5604
5878
67
255
1302
159
1554
1819
627
851
5629
5657
5859
3872
5310
5472
2024
965
3631
4174
3372
4195
3625
1859
3701
4321
5603
4635
531
952
4477
5077
3851
5391
5377
5605
2199
2549
279
275
1310
6407
6412
6433
4917
2958
990
3974
4993
5486
3642
773
2648
5227
853
3075
2945
3055
3678
4702
1138
5650
5835
5596
5881
307
1676
1762
2050
2228
2474
4987
6061
5283
2946
3499
535
2710
3319
4161
4442
863
3123
3174
884
3283
5299
4002
4763
5327
4755
954
918
3755
622
1107
5086
300
6270
3009
3604
6096
650
3854
4292
1327
1557
309
1556
1741
4093
2715
929
3592
4135
4883
3286
2997
1054
1066
3908
1043
4852
5589
1313
6405
4868
5534
4809
4886
4810
5402
569
2002
201
1607
1845
4547
5151
5045
2871
3453
3618
4230
1270
1642
141
1626
971
3980
4748
196
1595
5662
988
3878
1431
454
1506
2077
2201
1265
1873
2434
2869
2635
5756
6036
6421
2302
835
2768
148
169
1552
1911
5945
3474
4119
4940
1128
5285
5198
1614
1832
2766
3445
5621
3879
3149
4294
3251
4097
5056
3982
4697
4707
3742
4624
5356
6135
1192
404
1482
2118
2850
857
3538
4040
867
3437
1833
2978
2261
637
2554
3341
269
892
4974
848
3457
4063
699
2240
6189
628
171
253
1300
1764
6058
2746
3664
702
2436
831
4133
669
682
2287
2835
6298
58
5950
5459
5761
6012
639
320
1187
3430
3930
4640
2023
3550
6043
6247
6130
268
1256
1600
4228
662
879
3209
2061
2223
2455
5330
3270
956
3857
4482
3490
3793
536
2738
3714
4516
1078
4563
5590
4391
5351
5602
5713
3685
1094
4653
3656
3997
1230
3765
4406
5040
5163
3141
1161
1182
6277
6255
3230
5019
808
24
547
2883
3501
4009
4742
5261
207
1627
1780
1955
834
3034
4053
3433
6397
2428
2844
3585
4096
5060
2751
3309
618
2832
3959
4121
4838
2497
3000
31
563
3186
4256
5093
718
2301
2935
3268
917
3533
4361
515
1730
4711
6021
5301
5468
481
3901
2027
3137
4577
4747
5490
832
3067
469
2071
2415
4942
4324
837
3332
4483
5080
1116
3779
4723
6239
1215
3950
4663
4480
2004
3032
1634
626
2684
5453
462
2067
2353
216
1643
1777
924
3508
4036
603
5291
5574
6093
1776
2711
4716
5176
949
3641
4497
987
4094
5762
2674
227
5741
6264
5517
2609
4545
3350
6438
6452
6463
5711
1068
4029
5521
5862
3509
2806
3489
4045
4089
1879
34
4308
3500
3436
4224
55
3486
5102
3081
5137
781
2561
3420
4210
5902
6357
3750
5905
6327
2658
6331
5829
5954
19
5401
4019
3388
3242
2633
985
3955
4995
2853
3769
4715
868
3546
4397
3870
1239
5920
6365
4586
5479
6143
81
5030
2200
2988
3837
1512
2081
2202
5828
6079
4720
982
3163
3944
5135
5434
5618
5907
1631
2939
3502
3993
5209
1210
5127
222
1855
2629
4409
5541
179
6431
6445
4575
858
3634
4939
3418
4354
5875
6280
3899
4757
4648
5255
4225
1177
5751
1736
636
2776
1659
3035
4374
4662
1149
638
4609
4956
5378
6380
5656
6025
1201
5797
1057
4508
5092
941
3609
1592
3358
2999
3590
2472
2899
3627
3190
5727
5965
4636
157
4506
4811
2195
2696
3365
5964
6066
793
57
1127
5168
876
194
1593
904
3382
5114
2309
4017
4880
1011
6344
743
2313
2900
2224
2447
1914
3285
5112
6271
6155
206
1731
5029
2377
2836
705
2299
2991
3219
3093
5678
6226
4908
4423
3373
4216
5143
5122
6453
6464
4840
5591
3587
4109
5055
5555
2755
975
3809
4771
6348
3244
4012
5947
3620
6124
1191
5864
6269
2799
3020
775
2535
3069
6267
4903
335
1350
5734
6090
525
1728
1986
934
614
3463
3986
4750
3794
4981
6
2104
920
5524
2442
2942
3306
4188
6418
6443
473
5431
4215
5187
5448
484
2074
2391
607
4704
1033
3983
1112
5017
5983
4700
4011
4753
4571
1119
5026
5420
6120
5245
5645
5795
1012
4434
1028
2326
4122
4484
5075
5911
4000
5961
1145
5624
6100
3869
4531
5208
5894
4708
1118
704
2426
947
2719
5974
130
1275
274
284
1259
1656
1759
3314
4150
5562
5654
446
1477
4104
1753
1808
5980
5268
2375
4050
1105
5016
5481
803
1255
2703
3351
44
2508
5154
2459
3252
94
1561
1793
2029
660
2265
3040
873
3199
3780
4427
3356
974
4366
5567
1197
5773
689
2237
844
2840
3662
4356
6262
5949
5684
4655
4689
4218
5142
1799
2742
3677
4693
6153
4323
2951
3985
5196
1915
1549
1737
2632
6047
6011
3233
4042
3108
3882
565
2663
3397
3895
4919
1159
5659
5572
2810
54
4874
945
26
3796
5013
4672
3903
3621
2922
3090
4268
5893
6370
5738
596
3684
1084
907
3411
4193
635
5117
4377
4964
5510
2115
4315
2461
1976
2
1490
2054
2206
2992
4241
2620
1202
5806
6208
12
3817
4488
1700
2383
1157
1051
4349
4925
5361
4279
6450
6465
6471
4590
5870
1244
5928
2319
2720
4579
2401
6127
1803
2916
4359
2210
6260
782
5217
578
1971
3560
6175
549
1794
2819
3428
6241
5614
4329
4428
721
2446
2933
183
1663
6308
48
4916
47
4910
973
3858
4837
2534
2645
3483
4048
2671
1140
5683
6053
3176
544
5281
899
399
1450
1536
4402
3143
3788
2430
2878
3531
652
5721
6104
2976
3582
2567
2584
3172
1944
6428
6436
6455
5793
50
5437
5520
5644
5739
5986
4417
1374
1064
4235
5485
5423
5676
4651
1993
1967
2998
2550
3061
5660
5834
522
554
1943
6219
3308
762
2600
3179
1630
3877
4602
46
2834
2316
3183
4694
5293
219
1653
3746
4581
6010
1331
3256
2300
3200
6246
6157
3894
4820
6222
2438
2919
2931
3511
4825
4969
1956
198
1620
1843
3600
4996
1086
4644
5251
3790
4884
1871
53
5586
5847
1135
5416
5601
6268
3496
4239
3593
4100
2943
3554
6454
694
2488
2970
2559
4557
5191
1218
5815
6400
4086
5244
1695
1937
2745
3349
845
3747
4669
2361
3626
4872
5384
4299
1169
5760
6030
1203
5932
3084
3160
3761
4412
4920
1635
3328
3951
4816
5918
2404
5908
1002
3927
4573
4127
3381
4475
5177
3544
4394
559
2865
3484
1912
3718
3965
4912
6254
4114
5288
5286
105
1559
2825
3530
4085
1082
4620
1815
2822
3407
4446
5043
3105
3675
4639
52
4083
1059
4277
3493
4016
5946
1835
5103
4605
3638
5497
4860
5433
1981
3318
3834
4472
4784
3850
4561
1150
5641
5848
3473
3976
4980
4365
119
1646
6415
6448
3202
3337
1100
5695
3632
393
397
1411
1136
7
2816
3863
4566
4390
4182
5150
3864
2572
3181
2969
807
2809
4306
4437
5303
5554
6020
4869
1979
2515
3260
1760
5116
4818
5896
5696
5937
5746
2603
3171
980
3804
4773
3503
4922
5991
4564
16
4240
5004
969
3938
4677
1813
915
4201
4921
619
5204
6197
1062
591
4460
5068
3334
4130
4330
663
2185
4108
5287
926
1726
1928
1977
3112
5294
5376
3208
4824
3561
4079
570
1970
3640
4233
6206
5608
6302
3006
6366
5403
2267
2575
995
4220
4923
5140
6052
2690
2553
4851
5587
35
4509
4679
5269
5576
1724
3690
5298
2798
5910
3366
4456
5070
2187
2986
648
3045
4726
1601
4285
1035
4467
6441
6459
178
3395
869
3130
3829
5189
6318
6402
6426
3988
2662
2739
3390
3247
3886
6316
2646
4668
4593
5211
5995
5730
6182
4018
4217
5123
3403
4948
1590
5259
825
2695
6211
4296
942
2879
5305
3866
5837
2387
6320
6329
6168
4064
5691
5159
3144
5714
4037
6391
1771
707
2298
3298
4821
3254
5557
1518
545
1770
1953
2827
3906
1093
4638
2273
3051
5165
5443
2381
3278
2041
2252
5968
2984
5364
5781
4373
3914
4657
5550
5763
6065
3644
3589
4134
4567
5207
1198
5799
6072
1165
5132
5426
5633
4421
5082
4674
3954
5516
4389
2030
2295
2885
3732
6249
3555
5708
6071
4846
6017
4180
3987
5021
5414
5556
1738
2800
6107
5652
6172
3413
3098
4317
1003
4470
5129
6473
5578
1030
4186
4626
13
3795
4465
4991
5529
5774
6031
5899
3873
4885
1857
4622
4959
5565
5124
1071
4665
6064
2233
5752
6304
6251
5036
5450
6468
3023
4603
5250
608
5181
661
4044
6106
5812
6384
2961
3543
2804
4257
3929
4658
36
5620
1716
583
3281
95
1000
4348
4930
5775
6048
1009
4334
3086
5833
3007
4538
5091
2424
2890
5001
5753
1582
6435
1714
1763
1948
5680
5977
4949
5457
6286
6256
3709
6126
6169
5723
6223
4435
4858
979
3820
1008
4043
4783
1926
4521
6173
1602
6430
5254
264
1311
1328
2527
3377
5186
5400
5822
6195
1848
6125
3376
4166
5737
5825
6165
5028
3275
6300
27
11
3559
5022
6084
1283
1867
2533
3063
1687
1575
1896
3354
4081
4202
4909
617
4932
240
238
1294
5931
4736
5436
5672
802
2990
4666
2830
3964
4585
6078
1391
642
5637
6023
589
1274
1936
2578
3150
208
840
5340
4199
4333
3110
6122
1903
3679
3346
5195
6221
5190
4320
3048
3674
3454
4383
4370
4971
4492
2532
3216
3315
5890
5061
6198
3821
4471
4767
3165
5494
98
1281
3167
2574
2478
1678
1904
4656
5267
1551
312
5923
1099
4680
4436
5038
621
6102
3128
1739
5820
6139
4842
4729
6356
1077
4568
5205
4619
51
5553
6059
6095
6156
6076
4714
2940
4013
5903
2568
5223
3185
4252
5332
4828
5408
4031
4776
5477
6315
2898
4154
4854
1667
1747
1721
2894
3792
4978
4576
5000
951
3299
1245
5909
6361
3823
4819
2930
4184
485
2087
2410
3400
3802
4295
3246
6119
5454
5962
2093
2390
5916
6217
5872
6227
4870
56
5948
2055
2160
3426
4074
1670
3282
4078
5455
4744
163
744
2454
6131
4227
4511
5182
1588
1816
2659
4813
5337
2920
888
3767
3811
4462
5783
6354
6368
5323
2968
146
158
1569
2780
4599
6377
2359
1079
4530
5460
4269
6099
3766
4452
1927
740
2333
3249
3661
4835
997
3890
4550
649
576
1963
3019
41
3646
4125
3488
6282
4459
604
4799
3041
5813
6085
1805
6341
4444
4898
2483
3861
3998
4743
2178
2504
2057
3204
4014
4035
4500
6196
4118
5008
5492
4110
5278
4699
2394
1111
5069
5444
5982
3778
4690
891
4432
5381
2723
843
2362
3056
5248
6352
2128
243
2929
3528
5958
6273
4316
4983
2110
2321
1990
4343
4740
1018
4077
5033
6395
3177
3113
1645
2013
5979
3471
4098
5743
3092
4400
3439
4559
2987
2868
4650
6098
3498
5462
5370
2270
2791
6191
5616
2196
1320
1684
1897
303
2896
3399
1864
3294
4433
3875
4623
6213
4931
4068
3180
5133
5160
2845
5473
5679
5895
6008
3077
2664
3345
28
5023
1223
4172
4833
6128
6147
6417
2012
1204
5800
5716
6067
2423
2938
5126
3326
5523
2630
4041
6252
2642
5388
4200
5810
4445
5915
4890
5373
18
4301
1072
4752
5445
4817
3344
4024
4087
5976
6314
2651
3768
3595
4129
5698
6288
5052
5049
2184
3822
4544
5344
1619
1699
4490
903
3650
5874
2412
3131
5846
3495
2119
2388
5569
4951
5152
5735
5990
1945
3801
4733
6142
1784
2471
2911
3492
1208
5919
6385
136
819
6082
6225
3229
4291
3771
5212
6339
3700
6334
3537
551
5206
3520
4795
1811
5342
5780
4071
6458
3934
4976
615
4591
1705
2872
5788
6055
4785
5863
4072
4895
5399
5083
6088
6151
288
5506
1238
5858
6237
902
2481
3227
936
3805
4478
5214
5495
5664
1761
3936
5149
5429
5599
3374
6383
4090
4844
3360
5345
5385
1555
2814
22
3904
4977
6243
4325
4645
3759
4415
2331
4441
6204
3867
4539
2813
1037
6398
2775
5406
4927
5355
5470
3681
4015
4112
1286
2783
5276
2229
4481
2003
210
1875
3616
602
5442
594
4393
932
6018
3383
1117
1856
2627
2384
2371
2730
2402
983
3830
4517
991
5392
5706
2283
3120
5845
4312
3781
4429
4025
5095
6387
4260
4522
4554
6276
5096
4597
5200
6364
2215
2849
4420
1865
1910
45
4777
3018
4963
3868
4901
624
4413
6461
6469
1917
6115
3169
5131
5240
3557
3099
3715
3658
4498
5338
5776
5333
2820
4569
5503
6145
5963
1053
1056
3814
5625
6004
5502
4850
2669
606
4975
4765
4958
3074
1658
4244
6272
4293
5382
592
4173
4899
2473
6081
6266
5779
4730
5879
2972
4807
3443
4540
4826
1796
5306
3946
4961
4405
5365
6330
1101
4681
5295
6332
612
5398
5985
1742
6305
4535
3262
5726
3812
600
3670
4028
4772
1821
5410
3054
3716
3541
498
2117
2385
5308
5619
5487
3733
5018
5482
5857
2079
5570
5992
5358
3819
6138
3359
2357
1669
5155
5677
5891
3713
4664
5289
6296
3184
3391
4162
5989
3494
4381
3198
3905
2520
6111
4914
6009
3327
5668
4505
4091
646
2686
4503
3549
4266
6358
5014
1998
2500
3467
4654
5201
1242
5913
6369
3025
3218
5489
5125
1954
5362
4263
3719
4461
6160
4282
4237
593
2314
3010
2679
3094
5231
4782
4937
4274
4052
2090
2207
2580
4572
5164
3622
4604
4989
5066
2910
4941
5409
6231
2492
5296
4351
4611
4758
6214
4891
4897
1604
2914
5241
2623
1266
3352
4305
4360
2136
4741
4167
3478
5169
5326
6242
4990
4625
5419
2479
2205
3888
4848
3340
4164
3695
4526
6141
4
2680
3707
4607
5011
2612
2216
2728
5389
3095
4327
6319
2706
3601
5109
6285
3787
2808
5072
5823
2934
2843
4155
1984
4865
6192
4913
2846
3891
6293
6446
4169
1081
4588
4928
5387
6470
5906
5871
6029
1666
5927
1007
3972
4727
1599
1930
4123
4281
4616
1577
1795
4362
5901
6250
2393
5897
5215
3052
3702
3921
5984
306
1564
1908
6035
4696
4004
1919
1994
2528
3036
4805
5020
6238
6362
5005
3912
4822
3257
6014
4682
3253
4399
895
1332
3647
3126
4208
3267
3078
5284
4671
3491
822
755
2694
3343
4338
5311
2996
3799
4494
2897
5914
4253
4191
595
4248
5942
2457
5993
4630
6091
4565
5867
6322
5873
4988
5119
5647
3636
4493
3553
4331
3322
3011
5354
4836
4746
5271
4474
2823
6245
4643
3477
4007
5975
5421
4021
4945
3763
4904
738
2417
2829
5936
2949
5145
3874
2064
4276
4047
4997
2475
2924
3518
4426
1772
5474
2909
3579
4187
1995
6109
5157
3206
4303
5801
6290
4342
1733
3438
4272
1711
3568
5074
6013
3226
6094
4008
3580
4247
5302
2953
5282
4877
4075
3449
30
5749
5390
6301
6292
3101
2211
2892
4789
4023
4046
2586
2773
3250
5952
1860
4378
4938
5371
6121
4341
4439
4080
5085
5048
588
6434
4275
5439
653
6346
2925
5405
5934
6261
3558
2641
3287
5860
6287
5973
6257
5044
3370
1960
4057
3573
5221
6209
4464
927
3497
4450
3145
6212
2382
3339
4769
4126
2928
6425
4288
2882
3956
1788
2008
2989
6345
3393
4774
644
2634
6161
4812
3979
4738
6216
2954
3375
4264
1874
6037
6146
3968
5998
4099
1491
3225
3828
4473
4259
4411
5339
3734
5939
1694
4661
5543
6328
2685
6378
4476
5175
3378
897
1124
5076
5675
2514
3033
3232
4198
4562
2889
4496
2111
2467
4175
244
1292
3848
4608
3885
2913
4830
6194
6382
6263
585
3522
6050
5700
5943
1869
4507
5115
1929
2724
5264
5449
6389
5
2781
4504
4882
5275
5478
4265
1886
6174
5836
6086
2765
6381
6144
5558
6170
1894
6456
6467
1305
605
4523
6070
23
1941
4759
3245
4062
4780
4999
2555
5041
5544
1628
2194
2546
5987
5804
6097
1748
6051
3603
4728
643
5047
2839
5161
3068
4764
5582
5571
6335
1672
1922
5025
6056
3321
1844
2678
6033
6379
5316
6114
4722
1938
4881
3336
5956
6240
4229
4551
6006
4705
5172
5531
4367
894
623
4695
5090
3721
3189
4058
5088
6229
123
1288
1985
4060
4156
3152
5037
5542
4318
3083
1581
1810
3736
2912
1862
3066
3479
3608
4158
2761
5222
4280
5350
5107
5687
5929
2927
2793
5058
4929
5532
2060
2460
4973
5203
2722
4703
5360
898
5917
6360
1113
5537
4310
2485
3082
4935
6187
2625
5272
3651
2675
3248
2948
6201
629
4234
6158
4059
3013
5348
2841
4242
5880
4968
1958
4524
3532
3111
6390
5368
4054
2098
2524
2786
4712
4345
6167
2721
2296
3789
6063
5514
4396
5912
574
2884
2639
2950
3581
3221
5027
6333
6224
6338
5257
4313
2956
1931
3016
4431
2386
2551
3416
4254
1664
3089
6265
3303
2764
4486
6001
3860
4649
5199
3017
893
1247
5925
5941
3114
3320
4128
4786
1885
6166
5002
6003
3994
6233
3949
4724
1822
4832
2657
3506
1872
1916
6041
6080
4286
5063
5136
5940
5113
900
3398
6019
3210
4027
1892
4178
5692
5933
6291
5104
4132
5844
1870
6044
6183
4558
5509
5252
2660
5009
4943
4519
3760
3442
901
5566
597
2725
4947
4992
2960
4876
4485
4038
6310
3435
3962
1781
5141
4797
2726
3655
631
6069
5105
5428
4849
4946
2979
4231
4153
4495
3649
3076
3815
3297
4137
5535
4116
4163
4258
6244
6457
5719
6176
3446
6054
4994
5955
2408
2891
4814
5999
1698
1946
5488
6140
6386
4049
4430
4831
4933
2901
6180
2597
645
4979
6289
6200
1902
2915
4618
2487
1901
3301
4570
4778
2014
5007
3237
1693
4371
5978
5970
4368
1114
4749
5581
6307
5073
2380
1991
5540
4936
2338
6373
5220
4737
5922
6355
4853
6068
5108
5709
2352
633
887
3272
5034
6000
3578
4298
3827
3562
5613
1768
6420
5197
4300
5097
5263
6294
6108
3087
5079
6351
4893
2817
6105
5210
5789
5411
4541
4641
4706
5239
5010
3369
3673
5106
6350
3833
1989
5953
4804
3896
3468
4847
6148
5270
890
5573
6087
4779
4245
3534
3342
2974
6150
6414
6179
4353
5561
6275
6101
6112
5322
4756
3606
6393
632
6399
4084
1890
1921
3629
6215
2389
634
3121
5464
4803
6359
2769
5579
5966
1980
6116
6203
2903
4302
4176
4843
6447
5452
6394
5393
4419
4673
2815
609
6040
3030
5971
1809
3259
5144
4246
3367
4398
6367
4808
3207
4792
4339
4160
4900
4221
4875
1330
1701
5610
5951
5138
6228
6309
4518
6015
1326
1683
3142
3363
5352
3876
4967
4307
2936
4314
5496
3517
4170
3057
3676
616
4309
6306
4798
601
1913
5178
5538
3258
5328
6283
3335
4328
4952
4469
1782
5432
6152
6363
4020
6163
4606
6089
4192
4998
5563
4855
1651
5336
3808
4039
6218
6002
6299
3261
4984
3989
6323
2588
3735
5935
1925
6427
4972
3923
4676
6392
4962
5480
6439
2709
5374
3431
3663
1789
6186
1891
4326
5081
6062
2826
4425
6049
3990
2795
6117
4839
5192
4829
4515
4440
3825
6371
5997
6279
3740
3195
6340
6230
5996
5246
5304
5484
6159
5525
2406
4907
4358
1826
4337
6207
4637
3146
6190
5065
4701
3668
4197
2573
4787
5612
5054
3515
6325
4267
6432
5057
3984
1691
6103
4543
1975
5786
5256
3667
5320
6181
6326
5930
2503
5513
1889
4352
6297
4534
6137
3717
6026
4355
6416
4892
5219
3028
3276
4950
6024
