ID,SIRE,DAM
1,0,0
2,0,0
3,0,0
4,0,0
5,0,0
6,0,0
7,0,0
8,0,0
9,0,0
10,0,0
11,0,0
12,0,0
13,0,0
14,0,0
15,0,0
16,0,0
17,0,0
18,0,0
19,0,0
20,0,0
21,0,0
22,0,0
23,0,0
24,0,0
25,0,0
26,0,0
27,0,0
28,0,0
29,0,0
30,0,0
31,0,0
32,0,0
33,0,0
34,0,0
35,0,0
36,0,0
37,0,0
38,0,0
39,0,0
40,0,0
41,0,0
42,0,0
43,0,0
44,0,0
45,0,0
46,0,0
47,0,0
48,0,0
49,0,0
50,0,0
51,0,0
52,0,0
53,0,0
54,0,0
55,0,0
56,0,0
57,0,0
58,0,0
59,0,0
60,0,0
61,0,0
62,0,0
63,0,0
64,0,0
65,0,0
66,0,0
67,0,0
68,0,0
69,0,0
70,0,0
71,0,0
72,0,0
73,0,0
74,0,0
75,0,0
76,0,0
77,0,0
78,0,0
79,0,0
80,0,0
81,0,0
82,0,0
83,0,0
84,0,0
85,0,0
86,0,0
87,0,0
88,0,0
89,0,0
90,0,0
91,0,0
92,0,0
93,0,0
94,0,0
95,0,0
96,0,0
97,0,0
98,0,0
99,0,0
100,0,0
101,0,0
102,0,0
103,0,0
104,0,0
105,0,0
106,0,0
107,0,0
108,0,0
109,0,0
110,0,0
111,0,0
112,0,0
113,0,0
114,0,0
115,0,0
116,0,0
117,0,0
118,0,0
119,0,0
120,0,0
121,0,0
122,0,0
123,0,0
124,0,0
125,0,0
126,0,0
127,0,0
128,0,0
129,0,0
130,0,0
131,0,0
132,0,0
133,0,0
134,0,0
135,0,0
136,0,0
137,0,0
138,0,0
139,0,0
140,0,0
141,0,0
142,0,0
143,0,0
144,0,0
145,0,0
146,0,0
147,0,0
148,0,0
149,0,0
150,0,0
151,0,0
152,0,0
153,0,0
154,0,0
155,0,0
156,0,0
157,0,0
158,0,0
159,0,0
160,0,0
161,0,0
162,0,0
163,0,0
164,0,0
165,0,0
166,0,0
167,0,0
168,0,0
169,0,0
170,0,0
171,0,0
172,0,0
173,0,0
174,0,0
175,0,0
176,0,0
177,0,0
178,0,0
179,0,0
180,0,0
181,0,0
182,0,0
183,0,0
184,0,0
185,0,0
186,0,0
187,0,0
188,0,0
189,0,0
190,0,0
191,0,0
192,0,0
193,0,0
194,0,0
195,0,0
196,0,0
197,0,0
198,0,0
199,0,0
200,0,0
201,0,0
202,0,0
203,0,0
204,0,0
205,0,0
206,0,0
207,0,0
208,0,0
209,0,0
210,0,0
211,0,0
212,0,0
213,0,0
214,0,0
215,0,0
216,0,0
217,0,0
218,0,0
219,0,0
220,0,0
221,0,0
222,0,0
223,0,0
224,0,0
225,0,0
226,0,0
227,0,0
228,0,0
229,0,0
230,0,0
231,0,0
232,0,0
233,0,0
234,0,0
235,0,0
236,0,0
237,0,0
238,0,0
239,0,0
240,0,0
241,0,0
242,0,0
243,0,0
244,0,0
245,0,0
246,0,0
247,0,0
248,0,0
249,0,0
250,0,0
251,0,0
252,0,0
253,0,0
254,0,0
255,0,0
256,0,0
257,0,0
258,0,0
259,0,0
260,0,0
261,0,0
262,0,0
263,0,0
264,0,0
265,0,0
266,0,0
267,0,0
268,0,0
269,0,0
270,0,0
271,0,0
272,0,0
273,0,0
274,0,0
275,0,0
276,0,0
277,0,0
278,0,0
279,0,0
280,0,0
281,0,0
282,0,0
283,0,0
284,0,0
285,0,0
286,0,0
287,0,0
288,0,0
289,0,0
290,0,0
291,0,0
292,0,0
293,0,0
294,0,0
295,0,0
296,0,0
297,0,0
298,0,0
299,0,0
300,0,0
301,0,0
302,0,0
303,0,0
304,0,0
305,0,0
306,0,0
307,0,0
308,0,0
309,0,0
310,0,0
311,0,0
312,0,0
313,0,0
314,0,0
315,0,0
316,0,0
317,0,0
318,0,0
319,0,0
320,0,0
321,0,0
322,0,0
323,0,0
324,0,0
325,0,0
326,0,0
327,0,0
328,0,0
329,0,0
330,0,0
331,0,0
332,0,0
333,0,0
334,0,0
335,0,0
336,0,0
337,0,0
338,0,0
339,0,0
340,0,0
341,0,0
342,0,0
343,0,0
344,0,0
345,0,0
346,0,0
347,0,0
348,0,0
349,0,0
350,0,0
351,0,0
352,0,0
353,0,0
354,0,0
355,0,0
356,0,0
357,0,0
358,0,0
359,0,0
360,0,0
361,0,0
362,0,0
363,0,0
364,0,0
365,0,0
366,0,0
367,0,0
368,0,0
369,0,0
370,0,0
371,0,0
372,0,0
373,0,0
374,0,0
375,0,0
376,0,0
377,0,0
378,0,0
379,0,0
380,0,0
381,0,0
382,0,0
383,0,0
384,0,0
385,0,0
386,0,0
387,0,0
388,0,0
389,0,0
390,0,0
391,0,0
392,0,0
393,0,0
394,0,0
395,0,0
396,0,0
397,0,0
398,0,0
399,0,0
400,0,0
401,0,0
402,0,0
403,0,0
404,0,0
405,0,0
406,0,0
407,0,0
408,0,0
409,0,0
410,0,0
411,0,0
412,0,0
413,0,0
414,0,0
415,0,0
416,0,0
417,0,0
418,0,0
419,0,0
420,0,0
421,0,0
422,0,0
423,0,0
424,0,0
425,0,0
426,0,0
427,0,0
428,0,0
429,0,0
430,0,0
431,0,0
432,0,0
433,0,0
434,0,0
435,0,0
436,0,0
437,0,0
438,0,0
439,0,0
440,0,0
441,0,0
442,0,0
443,0,0
444,0,0
445,0,0
446,0,0
447,0,0
448,0,0
449,0,0
450,0,0
451,0,0
452,0,0
453,0,0
454,0,0
455,0,0
456,0,0
457,0,0
458,0,0
459,0,0
460,0,0
461,0,0
462,0,0
463,0,0
464,0,0
465,0,0
466,0,0
467,0,0
468,0,0
469,0,0
470,0,0
471,0,0
472,0,0
473,0,0
474,0,0
475,0,0
476,0,0
477,0,0
478,0,0
479,0,0
480,0,0
481,0,0
482,0,0
483,0,0
484,0,0
485,0,0
486,0,0
487,0,0
488,0,0
489,0,0
490,0,0
491,0,0
492,0,0
493,0,0
494,0,0
495,0,0
496,0,0
497,0,0
498,0,0
499,0,0
500,0,0
501,0,0
502,0,0
503,0,0
504,0,0
505,0,0
506,0,0
507,0,0
508,0,0
509,0,0
510,0,0
511,0,0
512,0,0
513,0,0
514,0,0
515,0,0
516,0,0
517,0,0
518,0,0
519,0,0
520,0,0
521,0,0
522,0,0
523,0,0
524,0,0
525,0,0
526,0,0
527,0,0
528,0,0
529,0,0
530,0,0
531,0,0
532,0,0
533,0,0
534,0,0
535,0,0
536,0,0
537,0,0
538,0,0
539,0,0
540,0,0
541,0,0
542,0,0
543,0,0
544,0,0
545,0,0
546,0,0
547,0,0
548,0,0
549,0,0
550,0,0
551,0,0
552,0,0
553,0,0
554,0,0
555,0,0
556,0,0
557,0,0
558,0,0
559,0,0
560,0,0
561,0,0
562,0,0
563,0,0
564,0,0
565,0,0
566,0,0
567,0,0
568,0,0
569,0,0
570,0,0
571,0,0
572,0,0
573,0,0
574,0,0
575,0,0
576,0,0
577,0,0
578,0,0
579,0,0
580,0,0
581,0,0
582,0,0
583,0,0
584,0,0
585,0,0
586,0,0
587,0,0
588,0,0
589,0,0
590,0,0
591,0,0
592,0,0
593,0,0
594,0,0
595,0,0
596,0,0
597,0,0
598,0,0
599,0,0
600,0,0
601,0,0
602,0,0
603,0,0
604,0,0
605,0,0
606,0,0
607,0,0
608,0,0
609,0,0
610,0,0
611,0,0
612,0,0
613,0,0
614,0,0
615,0,0
616,0,0
617,0,0
618,0,0
619,0,0
620,0,0
621,0,0
622,0,0
623,0,0
624,0,0
625,0,0
626,0,0
627,0,0
628,0,0
629,0,0
630,0,0
631,0,0
632,0,0
633,0,0
634,0,0
635,0,0
636,0,0
637,0,0
638,0,0
639,0,0
640,0,0
641,0,0
642,0,0
643,0,0
644,0,0
645,0,0
646,0,0
647,0,0
648,0,0
649,0,0
650,0,0
651,0,0
652,0,0
653,0,0
654,0,0
655,0,0
656,0,0
657,0,0
658,0,0
659,0,0
660,0,0
661,0,0
662,0,0
663,0,0
664,0,0
665,0,0
666,0,0
667,0,0
668,0,0
669,0,0
670,0,0
671,0,0
672,0,0
673,0,0
674,0,0
675,0,0
676,0,0
677,0,0
678,0,0
679,0,0
680,0,0
681,0,0
682,0,0
683,0,0
684,0,0
685,0,0
686,0,0
687,0,0
688,0,0
689,0,0
690,0,0
691,0,0
692,0,0
693,0,0
694,0,0
695,0,0
696,0,0
697,0,0
698,0,0
699,0,0
700,0,0
701,0,0
702,0,0
703,0,0
704,0,0
705,0,0
706,0,0
707,0,0
708,0,0
709,0,0
710,0,0
711,0,0
712,0,0
713,0,0
714,0,0
715,0,0
716,0,0
717,0,0
718,0,0
719,0,0
720,0,0
721,0,0
722,0,0
723,0,0
724,0,0
725,0,0
726,0,0
727,0,0
728,0,0
729,0,0
730,0,0
731,0,0
732,0,0
733,0,0
734,0,0
735,0,0
736,0,0
737,0,0
738,0,0
739,0,0
740,0,0
741,0,0
742,0,0
743,0,0
744,0,0
745,0,0
746,0,0
747,0,0
748,0,0
749,0,0
750,0,0
751,0,0
752,0,0
753,0,0
754,0,0
755,0,0
756,0,0
757,0,0
758,0,0
759,0,0
760,0,0
761,0,0
762,0,0
763,0,0
764,0,0
765,0,0
766,0,0
767,0,0
768,0,0
769,0,0
770,0,0
771,0,0
772,0,0
773,0,0
774,0,0
775,0,0
776,0,0
777,0,0
778,0,0
779,0,0
780,0,0
781,0,0
782,0,0
783,0,0
784,0,0
785,0,0
786,0,0
787,0,0
788,0,0
789,0,0
790,0,0
791,0,0
792,0,0
793,0,0
794,0,0
795,0,0
796,0,0
797,0,0
798,0,0
799,0,0
800,0,0
801,0,0
802,0,0
803,0,0
804,0,0
805,0,0
806,0,0
807,0,0
808,0,0
809,0,0
810,0,0
811,0,0
812,0,0
813,0,0
814,0,0
815,0,0
816,0,0
817,0,0
818,0,0
819,0,0
820,0,0
821,0,0
822,0,0
823,0,0
824,0,0
825,0,0
826,0,0
827,0,0
828,0,0
829,0,0
830,0,0
831,0,0
832,0,0
833,0,0
834,0,0
835,0,0
836,0,0
837,0,0
838,0,0
839,0,0
840,0,0
841,0,0
842,0,0
843,0,0
844,0,0
845,0,0
846,0,0
847,0,0
848,0,0
849,0,0
850,0,0
851,0,0
852,0,0
853,0,0
854,0,0
855,0,0
856,0,0
857,0,0
858,0,0
859,0,0
860,0,0
861,0,0
862,0,0
863,0,0
864,0,0
865,0,0
866,0,0
867,0,0
868,0,0
869,0,0
870,0,0
871,0,0
872,0,0
873,0,0
874,0,0
875,0,0
876,0,0
877,0,0
878,0,0
879,0,0
880,0,0
881,0,0
882,0,0
883,0,0
884,0,0
885,0,0
886,0,0
887,0,0
888,0,0
889,0,0
890,0,0
891,0,0
892,0,0
893,0,0
894,0,0
895,0,0
896,0,0
897,0,0
898,0,0
899,0,0
900,0,0
901,0,0
902,0,0
903,0,0
904,0,0
905,0,0
906,0,0
907,0,0
908,0,0
909,0,0
910,0,0
911,0,0
912,0,0
913,0,0
914,0,0
915,0,0
916,0,0
917,0,0
918,0,0
919,0,0
920,0,0
921,0,0
922,0,0
923,0,0
924,0,0
925,0,0
926,0,0
927,0,0
928,0,0
929,0,0
930,0,0
931,0,0
932,0,0
933,0,0
934,0,0
935,0,0
936,0,0
937,0,0
938,0,0
939,0,0
940,0,0
941,0,0
942,0,0
943,0,0
944,0,0
945,0,0
946,0,0
947,0,0
948,0,0
949,0,0
950,0,0
951,0,0
952,0,0
953,0,0
954,0,0
955,0,0
956,0,0
957,0,0
958,0,0
959,0,0
960,0,0
961,0,0
962,0,0
963,0,0
964,0,0
965,0,0
966,0,0
967,0,0
968,0,0
969,0,0
970,0,0
971,0,0
972,0,0
973,0,0
974,0,0
975,0,0
976,0,0
977,0,0
978,0,0
979,0,0
980,0,0
981,0,0
982,0,0
983,0,0
984,0,0
985,0,0
986,0,0
987,0,0
988,0,0
989,0,0
990,0,0
991,0,0
992,0,0
993,0,0
994,0,0
995,0,0
996,0,0
997,0,0
998,0,0
999,0,0
1000,0,0
1001,0,0
1002,0,0
1003,0,0
1004,0,0
1005,0,0
1006,0,0
1007,0,0
1008,0,0
1009,0,0
1010,0,0
1011,0,0
1012,0,0
1013,0,0
1014,0,0
1015,0,0
1016,0,0
1017,0,0
1018,0,0
1019,0,0
1020,0,0
1021,0,0
1022,0,0
1023,0,0
1024,0,0
1025,0,0
1026,0,0
1027,0,0
1028,0,0
1029,0,0
1030,0,0
1031,0,0
1032,0,0
1033,0,0
1034,0,0
1035,0,0
1036,0,0
1037,0,0
1038,0,0
1039,0,0
1040,0,0
1041,0,0
1042,0,0
1043,0,0
1044,0,0
1045,0,0
1046,0,0
1047,0,0
1048,0,0
1049,0,0
1050,0,0
1051,0,0
1052,0,0
1053,0,0
1054,0,0
1055,0,0
1056,0,0
1057,0,0
1058,0,0
1059,0,0
1060,0,0
1061,0,0
1062,0,0
1063,0,0
1064,0,0
1065,0,0
1066,0,0
1067,0,0
1068,0,0
1069,0,0
1070,0,0
1071,0,0
1072,0,0
1073,0,0
1074,0,0
1075,0,0
1076,0,0
1077,0,0
1078,0,0
1079,0,0
1080,0,0
1081,0,0
1082,0,0
1083,0,0
1084,0,0
1085,0,0
1086,0,0
1087,0,0
1088,0,0
1089,0,0
1090,0,0
1091,0,0
1092,0,0
1093,0,0
1094,0,0
1095,0,0
1096,0,0
1097,0,0
1098,0,0
1099,0,0
1100,0,0
1101,0,0
1102,0,0
1103,0,0
1104,0,0
1105,0,0
1106,0,0
1107,0,0
1108,0,0
1109,0,0
1110,0,0
1111,0,0
1112,0,0
1113,0,0
1114,0,0
1115,0,0
1116,0,0
1117,0,0
1118,0,0
1119,0,0
1120,0,0
1121,0,0
1122,0,0
1123,0,0
1124,0,0
1125,0,0
1126,0,0
1127,0,0
1128,0,0
1129,0,0
1130,0,0
1131,0,0
1132,0,0
1133,0,0
1134,0,0
1135,0,0
1136,0,0
1137,0,0
1138,0,0
1139,0,0
1140,0,0
1141,0,0
1142,0,0
1143,0,0
1144,0,0
1145,0,0
1146,0,0
1147,0,0
1148,0,0
1149,0,0
1150,0,0
1151,0,0
1152,0,0
1153,0,0
1154,0,0
1155,0,0
1156,0,0
1157,0,0
1158,0,0
1159,0,0
1160,0,0
1161,0,0
1162,0,0
1163,0,0
1164,0,0
1165,0,0
1166,0,0
1167,0,0
1168,0,0
1169,0,0
1170,0,0
1171,0,0
1172,0,0
1173,0,0
1174,0,0
1175,0,0
1176,0,0
1177,0,0
1178,0,0
1179,0,0
1180,0,0
1181,0,0
1182,0,0
1183,0,0
1184,0,0
1185,0,0
1186,0,0
1187,0,0
1188,0,0
1189,0,0
1190,0,0
1191,0,0
1192,0,0
1193,0,0
1194,0,0
1195,0,0
1196,0,0
1197,0,0
1198,0,0
1199,0,0
1200,0,0
1201,0,0
1202,0,0
1203,0,0
1204,0,0
1205,0,0
1206,0,0
1207,0,0
1208,0,0
1209,0,0
1210,0,0
1211,0,0
1212,0,0
1213,0,0
1214,0,0
1215,0,0
1216,0,0
1217,0,0
1218,0,0
1219,0,0
1220,0,0
1221,0,0
1222,0,0
1223,0,0
1224,0,0
1225,0,0
1226,0,0
1227,0,0
1228,0,0
1229,0,0
1230,0,0
1231,0,0
1232,0,0
1233,0,0
1234,0,0
1235,0,0
1236,0,0
1237,0,0
1238,0,0
1239,0,0
1240,0,0
1241,0,0
1242,0,0
1243,0,0
1244,0,0
1245,0,0
1246,0,0
1247,0,0
1248,62,63
1249,70,71
1250,69,68
1251,74,61
1252,1248,78
1253,75,65
1254,73,76
1255,73,66
1256,276,268
1257,1248,261
1258,287,286
1259,274,284
1260,271,254
1261,80,79
1262,237,250
1263,289,316
1264,113,90
1265,99,116
1266,94,117
1267,1249,1254
1268,92,102
1269,1253,111
1270,1253,111
1271,82,127
1272,295,122
1273,91,281
1274,82,130
1275,82,130
1276,1253,106
1277,83,84
1278,96,89
1279,83,85
1280,1251,1252
1281,81,98
1282,96,107
1283,96,107
1284,1253,109
1285,1253,103
1286,320,1260
1287,1261,118
1288,123,95
1289,133,291
1290,1261,122
1291,239,242
1292,243,244
1293,236,246
1294,240,238
1295,247,252
1296,248,241
1297,248,241
1298,265,259
1299,258,257
1300,260,253
1301,262,256
1302,67,255
1303,260,245
1304,64,263
1305,1292,1294
1306,251,278
1307,280,270
1308,277,272
1309,267,285
1310,279,275
1311,264,269
1312,1291,1301
1313,1291,1299
1314,249,266
1315,1248,1296
1316,72,283
1317,273,297
1318,1248,1295
1319,1248,1296
1320,282,300
1321,1248,1297
1322,1250,1293
1323,282,290
1324,294,296
1325,282,298
1326,282,300
1327,282,300
1328,1302,1311
1329,293,302
1330,304,303
1331,273,301
1332,273,301
1333,273,301
1334,317,318
1335,323,324
1336,323,327
1337,325,326
1338,322,328
1339,333,329
1340,1337,331
1341,1337,1335
1342,1338,1336
1343,336,342
1344,343,332
1345,345,334
1346,345,347
1347,346,338
1348,346,339
1349,346,337
1350,346,335
1351,345,340
1352,350,341
1353,348,351
1354,348,351
1355,348,330
1356,348,330
1357,350,349
1358,356,352
1359,354,344
1360,354,357
1361,353,361
1362,353,363
1363,356,358
1364,356,359
1365,355,360
1366,355,362
1367,355,364
1368,365,367
1369,366,368
1370,372,369
1371,372,376
1372,372,380
1373,372,380
1374,370,379
1375,370,379
1376,1342,381
1377,1342,381
1378,1342,382
1379,1342,382
1380,377,361
1381,377,361
1382,1345,362
1383,1345,362
1384,1345,1344
1385,1345,1344
1386,378,359
1387,378,359
1388,378,359
1389,1342,383
1390,1347,1339
1391,1345,1350
1392,1347,385
1393,1347,1351
1394,1346,1352
1395,1342,371
1396,1342,371
1397,387,373
1398,386,374
1399,378,384
1400,378,388
1401,1343,1356
1402,387,375
1403,1347,1341
1404,1357,1340
1405,1349,391
1406,1349,1358
1407,390,392
1408,1359,1344
1409,1357,1361
1410,1359,395
1411,393,397
1412,1366,1348
1413,1365,1354
1414,1365,1354
1415,1369,1353
1416,1365,1363
1417,1369,1367
1418,400,402
1419,1368,1355
1420,1368,1355
1421,1368,1355
1422,1365,389
1423,403,411
1424,405,408
1425,1371,1360
1426,1376,409
1427,1376,1362
1428,1376,394
1429,1376,1364
1430,1386,1373
1431,1382,1377
1432,1382,413
1433,1382,413
1434,1386,410
1435,1371,1379
1436,1382,398
1437,419,412
1438,1380,1378
1439,1380,1378
1440,1380,401
1441,1386,1383
1442,1386,1383
1443,1380,1385
1444,1380,418
1445,1380,418
1446,1386,396
1447,1382,416
1448,417,420
1449,1384,1389
1450,1384,399
1451,424,421
1452,1386,1393
1453,430,428
1454,1394,429
1455,1394,1400
1456,430,1395
1457,1394,1399
1458,1404,407
1459,1401,1377
1460,1408,1405
1461,1404,414
1462,1409,1390
1463,440,425
1464,1408,444
1465,1413,422
1466,1412,427
1467,438,431
1468,438,443
1469,1406,445
1470,1412,406
1471,1413,1395
1472,1408,1398
1473,1408,439
1474,1413,1415
1475,1413,423
1476,1412,426
1477,440,446
1478,1412,1370
1479,1416,1372
1480,1417,1396
1481,1412,1418
1482,1416,404
1483,1416,1399
1484,448,432
1485,1417,450
1486,448,451
1487,1412,452
1488,1416,433
1489,1409,1403
1490,1417,410
1491,1419,1374
1492,1423,1402
1493,448,1422
1494,448,453
1495,1417,1375
1496,1417,1375
1497,1417,435
1498,1429,436
1499,1417,1407
1500,1435,1381
1501,1427,415
1502,1417,434
1503,1419,1388
1504,1419,1387
1505,449,1405
1506,1431,454
1507,1435,1433
1508,1425,1390
1509,1425,1390
1510,1,1424
1511,1435,1410
1512,1427,1434
1513,1427,1434
1514,1425,1436
1515,455,437
1516,1427,1437
1517,1435,1392
1518,1435,1411
1519,1444,1428
1520,1425,1442
1521,1438,1414
1522,1441,1445
1523,1429,1397
1524,1430,441
1525,1443,1446
1526,1441,1447
1527,1443,1448
1528,1441,1393
1529,1449,1415
1530,1449,1415
1531,1452,1439
1532,1449,456
1533,459,457
1534,1435,442
1535,458,447
1536,1441,1450
1537,1441,1440
1538,1452,1420
1539,1455,1421
1540,1455,1432
1541,1456,1458
1542,1453,1446
1543,1460,1451
1544,1460,1465
1545,1459,1422
1546,135,128
1547,292,311
1548,294,310
1549,293,1321
1550,77,137
1551,293,1321
1552,148,169
1553,149,88
1554,142,159
1555,153,167
1556,293,309
1557,294,1327
1558,140,87
1559,153,105
1560,142,101
1561,142,101
1562,142,131
1563,138,160
1564,1309,306
1565,1304,1325
1566,151,100
1567,142,121
1568,161,126
1569,146,158
1570,140,299
1571,161,124
1572,153,112
1573,152,120
1574,155,125
1575,161,166
1576,77,1257
1577,161,178
1578,1304,308
1579,153,110
1580,153,110
1581,147,136
1582,155,144
1583,1267,150
1584,135,156
1585,152,174
1586,177,1272
1587,177,1272
1588,1267,1255
1589,161,143
1590,135,185
1591,1309,1316
1592,1267,1313
1593,171,194
1594,165,191
1595,186,196
1596,135,114
1597,1271,164
1598,1315,1314
1599,294,312
1600,1258,1256
1601,1258,1256
1602,1271,164
1603,1304,1318
1604,186,199
1605,1267,122
1606,1267,122
1607,1267,201
1608,184,93
1609,184,93
1610,184,93
1611,184,93
1612,1267,167
1613,177,1277
1614,177,1277
1615,305,315
1616,202,108
1617,186,203
1618,186,203
1619,1258,1273
1620,198,190
1621,186,189
1622,186,189
1623,181,195
1624,181,195
1625,1258,188
1626,202,141
1627,186,207
1628,212,208
1629,147,211
1630,1258,1263
1631,186,126
1632,186,126
1633,202,213
1634,202,213
1635,202,213
1636,202,213
1637,202,209
1638,202,209
1639,186,126
1640,186,214
1641,202,180
1642,212,86
1643,202,216
1644,202,125
1645,161,119
1646,161,119
1647,186,221
1648,186,221
1649,212,176
1650,212,176
1651,147,288
1652,147,134
1653,186,219
1654,193,112
1655,215,144
1656,1275,1259
1657,220,224
1658,147,157
1659,215,187
1660,215,187
1661,220,228
1662,217,1272
1663,217,183
1664,1275,163
1665,205,162
1666,1275,163
1667,161,97
1668,161,97
1669,1275,1262
1670,1258,227
1671,230,1269
1672,218,154
1673,217,231
1674,1287,139
1675,1287,139
1676,1317,307
1677,1258,185
1678,1258,185
1679,1271,1303
1680,1271,1303
1681,1287,199
1682,1287,199
1683,1324,1326
1684,1320,1329
1685,1317,1325
1686,1324,1323
1687,1324,1327
1688,212,235
1689,220,203
1690,220,203
1691,1324,1327
1692,218,104
1693,1320,1331
1694,1320,1329
1695,223,93
1696,223,204
1697,223,204
1698,513,531
1699,1317,1549
1700,1317,1549
1701,1317,1330
1702,519,313
1703,225,190
1704,232,233
1705,229,1278
1706,225,160
1707,229,170
1708,225,168
1709,229,1279
1710,229,1279
1711,229,1279
1712,516,115
1713,1287,1560
1714,1287,1560
1715,1546,520
1716,516,528
1717,1287,527
1718,1287,182
1719,230,118
1720,230,118
1721,516,221
1722,314,539
1723,526,173
1724,1546,515
1725,1546,200
1726,516,145
1727,225,112
1728,530,525
1729,226,529
1730,1546,515
1731,206,521
1732,1570,172
1733,1571,1580
1734,534,532
1735,524,1269
1736,530,536
1737,1547,1549
1738,147,129
1739,1570,1270
1740,530,132
1741,1557,1556
1742,1557,1556
1743,1571,1289
1744,1571,1289
1745,1574,1290
1746,1573,1668
1747,1574,1667
1748,1551,1332
1749,1585,1278
1750,1547,1333
1751,1589,1611
1752,1587,1276
1753,1587,1276
1754,1587,1618
1755,1546,1596
1756,1546,1596
1757,1587,1279
1758,1609,1268
1759,1585,221
1760,1548,1591
1761,1548,1591
1762,1548,1676
1763,1548,1676
1764,1546,1300
1765,1546,514
1766,1548,1603
1767,1587,1567
1768,1609,1266
1769,1609,1562
1770,1590,545
1771,1590,1600
1772,1609,1637
1773,1609,1637
1774,1609,1636
1775,1609,1636
1776,1621,1643
1777,1621,1643
1778,1625,533
1779,537,517
1780,537,517
1781,1609,1285
1782,1593,1272
1783,1605,1610
1784,1605,1281
1785,1621,1566
1786,1621,1566
1787,1585,1580
1788,1585,1580
1789,1585,1631
1790,1605,1648
1791,1605,1648
1792,1605,538
1793,1609,1561
1794,1621,549
1795,1633,1577
1796,1609,551
1797,1605,540
1798,1647,1572
1799,1647,1572
1800,1647,1572
1801,1647,1572
1802,1639,541
1803,1621,1583
1804,1633,1657
1805,1633,1657
1806,1633,1657
1807,1633,1657
1808,1633,1657
1809,1633,1655
1810,1576,1581
1811,1649,1660
1812,553,552
1813,1674,1659
1814,546,518
1815,1647,548
1816,1671,1588
1817,1671,1594
1818,1671,555
1819,1639,1554
1820,1625,556
1821,1649,1595
1822,1633,1661
1823,1633,1661
1824,1633,1661
1825,1647,523
1826,1625,1651
1827,1647,1606
1828,1548,1565
1829,1671,1553
1830,1625,192
1831,1647,1613
1832,1647,1614
1833,1647,1614
1834,1673,1617
1835,1673,1617
1836,1673,1617
1837,1673,1617
1838,1674,1622
1839,1671,1692
1840,1671,1612
1841,1671,1612
1842,1673,1690
1843,1647,1620
1844,1647,1607
1845,1647,1607
1846,1674,1696
1847,1674,1697
1848,1671,1624
1849,1671,1624
1850,1671,1624
1851,1671,1624
1852,1673,1623
1853,1673,1558
1854,1673,1558
1855,1673,222
1856,1671,1559
1857,1671,1559
1858,1649,1662
1859,1597,1264
1860,1689,1563
1861,1689,1563
1862,1689,1563
1863,1689,1563
1864,1689,1563
1865,1703,1284
1866,1703,1284
1867,1649,1283
1868,1703,1688
1869,1674,1268
1870,1674,1268
1871,1647,1265
1872,1647,1265
1873,1647,1265
1874,1546,1666
1875,544,210
1876,1671,1681
1877,1689,1710
1878,1689,1710
1879,1689,1710
1880,1689,1710
1881,1671,1682
1882,1674,1632
1883,1597,1264
1884,1703,1640
1885,1703,1643
1886,1658,1257
1887,542,550
1888,1671,558
1889,1706,1628
1890,1706,1628
1891,1673,1616
1892,1597,1715
1893,1706,560
1894,1703,1642
1895,1703,1580
1896,1671,1575
1897,1719,1641
1898,1703,1568
1899,1679,1652
1900,1727,1712
1901,1680,1550
1902,1727,1561
1903,1703,1635
1904,1678,1724
1905,1685,1578
1906,1709,1289
1907,1727,1586
1908,1615,1564
1909,1719,1654
1910,1719,1654
1911,1719,1552
1912,1719,1552
1913,1727,1604
1914,1729,1734
1915,1608,1730
1916,1597,1260
1917,1726,1663
1918,1719,1579
1919,1608,1730
1920,1719,1650
1921,1719,1650
1922,1726,1672
1923,1735,1277
1924,1735,1277
1925,1726,1583
1926,1726,1583
1927,1726,1646
1928,1726,1740
1929,1726,1740
1930,1626,1599
1931,1626,1599
1932,1608,1584
1933,1608,1584
1934,1608,1584
1935,1680,543
1936,1629,1274
1937,1743,1695
1938,1733,1675
1939,1702,1603
1940,1702,1766
1941,1743,1711
1942,1743,1616
1943,522,554
1944,1713,1700
1945,1743,1723
1946,1713,1698
1947,1725,1550
1948,1714,1763
1949,1765,1665
1950,1765,1665
1951,1751,1798
1952,1751,1798
1953,1608,1770
1954,1793,1744
1955,1627,1780
1956,1804,1662
1957,1804,1662
1958,1804,1662
1959,1804,1836
1960,1713,1722
1961,1827,1718
1962,1827,1858
1963,1827,576
1964,1802,561
1965,1790,1717
1966,1790,1717
1967,1790,1767
1968,1790,1767
1969,1790,1641
1970,1812,570
1971,569,578
1972,1804,577
1973,1827,564
1974,1877,1818
1975,1812,1648
1976,1812,1648
1977,1881,1845
1978,1804,1849
1979,1804,1849
1980,1804,1849
1981,1827,1720
1982,1827,1720
1983,1827,1720
1984,1881,1882
1985,1838,1288
1986,1827,1728
1987,1852,1752
1988,1852,1752
1989,1878,1653
1990,1804,1783
1991,1827,1813
1992,1827,1785
1993,1827,1785
1994,1827,1785
1995,1838,1759
1996,1877,1853
1997,1877,1732
1998,1852,1289
1999,1846,1586
2000,1877,1775
2001,1881,1655
2002,1852,197
2003,1852,1588
2004,1834,1791
2005,1834,1791
2006,1834,1791
2007,1881,1792
2008,1838,1788
2009,1827,1740
2010,1827,1740
2011,1838,1787
2012,1804,1645
2013,1804,1645
2014,1881,1796
2015,1457,1466
2016,1457,1466
2017,1459,1473
2018,1471,1454
2019,461,467
2020,1457,1468
2021,1457,1468
2022,1460,1475
2023,1460,1475
2024,1461,1463
2025,1461,1463
2026,1474,1426
2027,1462,1470
2028,1462,1470
2029,1460,1477
2030,1460,1477
2031,1480,1487
2032,1478,1472
2033,1478,1472
2034,1478,1472
2035,1478,1472
2036,1478,1472
2037,1478,1472
2038,1478,1472
2039,1480,1467
2040,1480,1467
2041,1480,1467
2042,1480,1467
2043,1462,1484
2044,1462,1486
2045,1462,1486
2046,1469,460
2047,1471,1502
2048,1471,464
2049,468,465
2050,1495,1476
2051,1495,1476
2052,1495,1476
2053,1495,1476
2054,1483,1490
2055,1483,1490
2056,1478,1500
2057,1478,1500
2058,1505,1493
2059,1498,1494
2060,1505,1482
2061,1505,1482
2062,1483,1485
2063,1469,1492
2064,1483,1481
2065,1498,1497
2066,1498,472
2067,1505,462
2068,1508,1499
2069,475,477
2070,1483,488
2071,1507,469
2072,1495,1510
2073,1495,1510
2074,473,484
2075,1503,476
2076,1495,1513
2077,1519,1506
2078,1519,1533
2079,1507,479
2080,1507,479
2081,1512,481
2082,1507,499
2083,1507,499
2084,1522,490
2085,1517,487
2086,1517,487
2087,1525,485
2088,1519,493
2089,1519,470
2090,1522,482
2091,1531,489
2092,1529,1489
2093,1529,1489
2094,1528,492
2095,1521,497
2096,1525,1524
2097,1525,1524
2098,1525,1524
2099,1529,1523
2100,1529,1523
2101,1529,1523
2102,1529,1523
2103,501,1537
2104,501,504
2105,1517,502
2106,1517,502
2107,1529,505
2108,480,495
2109,506,503
2110,1538,1526
2111,1538,1526
2112,1539,1464
2113,1539,1464
2114,508,466
2115,508,466
2116,1540,1501
2117,1542,498
2118,508,1482
2119,1542,1504
2120,1511,507
2121,1511,471
2122,1511,471
2123,1541,491
2124,1541,486
2125,512,482
2126,1543,1532
2127,510,1520
2128,510,1520
2129,511,463
2130,510,1527
2131,1545,1534
2132,1545,1534
2133,1545,1515
2134,1543,494
2135,2019,1535
2136,2024,2022
2137,2039,2028
2138,2039,2045
2139,2039,2045
2140,2039,2025
2141,2039,2025
2142,2018,1479
2143,2016,656
2144,2026,1481
2145,2026,1481
2146,2031,1509
2147,2031,1509
2148,2031,1509
2149,2031,1509
2150,1543,496
2151,2026,1526
2152,2026,1526
2153,2043,654
2154,1542,1496
2155,2031,1510
2156,2031,1510
2157,2031,1510
2158,2046,1488
2159,658,474
2160,2015,2055
2161,2015,2037
2162,2015,2042
2163,2015,2042
2164,1544,1501
2165,1544,1501
2166,2015,2049
2167,2046,1500
2168,655,1514
2169,655,1514
2170,2063,2047
2171,2063,2047
2172,2063,2047
2173,2015,2040
2174,2015,2040
2175,2015,2040
2176,2015,2040
2177,2015,2040
2178,2015,2040
2179,2033,2066
2180,2033,2053
2181,2033,2053
2182,2026,1494
2183,2018,1504
2184,2016,661
2185,2016,663
2186,2065,664
2187,2056,2068
2188,2018,504
2189,2056,659
2190,2015,2052
2191,2015,2052
2192,509,483
2193,1545,478
2194,2048,2073
2195,2048,2073
2196,2065,662
2197,2048,670
2198,2063,2083
2199,2063,2083
2200,2056,2077
2201,2056,2077
2202,2056,2081
2203,2033,667
2204,2033,2080
2205,2033,2080
2206,2,2054
2207,2091,2090
2208,2092,2095
2209,2092,2095
2210,2092,2095
2211,2070,1527
2212,2069,1516
2213,2065,2075
2214,2065,2084
2215,2065,2084
2216,2033,2079
2217,2015,2086
2218,2015,2086
2219,2015,2086
2220,2063,674
2221,2063,674
2222,665,500
2223,2039,675
2224,2039,675
2225,2039,675
2226,2033,2096
2227,3,2102
2228,2050,2102
2229,2063,2099
2230,686,2100
2231,686,2100
2232,2076,687
2233,2076,687
2234,2076,696
2235,2076,696
2236,2076,696
2237,2050,689
2238,683,695
2239,2088,697
2240,2076,699
2241,2088,2017
2242,2088,2017
2243,2088,708
2244,2092,2106
2245,2092,710
2246,2088,700
2247,2088,2103
2248,683,2034
2249,2078,2038
2250,2078,2021
2251,2078,657
2252,2078,2041
2253,683,2047
2254,690,2113
2255,686,714
2256,685,2112
2257,2091,2051
2258,2091,2051
2259,690,715
2260,686,719
2261,2092,2068
2262,2092,2068
2263,2092,2020
2264,671,693
2265,2029,660
2266,684,723
2267,684,723
2268,2094,2072
2269,698,2083
2270,698,2083
2271,698,668
2272,698,668
2273,706,2082
2274,698,673
2275,703,679
2276,706,677
2277,706,2085
2278,706,676
2279,709,2122
2280,709,2122
2281,684,674
2282,709,681
2283,678,680
2284,678,728
2285,678,728
2286,2114,2127
2287,669,682
2288,726,687
2289,726,2097
2290,725,701
2291,725,701
2292,672,666
2293,672,675
2294,711,691
2295,731,2030
2296,716,2126
2297,716,688
2298,2109,707
2299,733,705
2300,736,718
2301,736,718
2302,2146,742
2303,752,2149
2304,752,2149
2305,733,2062
2306,736,735
2307,736,720
2308,2146,2132
2309,2146,2132
2310,2146,2132
2311,2155,2134
2312,2155,2134
2313,2155,743
2314,2150,2133
2315,2155,2167
2316,2155,772
2317,2129,2108
2318,736,2053
2319,736,2053
2320,741,753
2321,758,2110
2322,737,715
2323,757,734
2324,757,734
2325,757,734
2326,757,734
2327,758,692
2328,739,712
2329,757,760
2330,2155,764
2331,2109,2107
2332,2153,2138
2333,2155,740
2334,730,2174
2335,774,761
2336,774,761
2337,758,2140
2338,758,2178
2339,2153,746
2340,2153,2176
2341,2173,2073
2342,750,2141
2343,2173,2072
2344,2173,2072
2345,757,732
2346,757,732
2347,2032,722
2348,2032,722
2349,2032,722
2350,757,2147
2351,757,2147
2352,2173,2067
2353,2173,2067
2354,2173,724
2355,2173,2170
2356,2172,2137
2357,2162,2059
2358,2162,2059
2359,2162,2059
2360,768,2164
2361,768,2164
2362,2162,2054
2363,2162,2082
2364,2162,2121
2365,2168,2152
2366,2168,771
2367,2168,2158
2368,2172,765
2369,2172,765
2370,2162,2083
2371,2159,2192
2372,2159,2192
2373,2172,2085
2374,2172,2122
2375,2172,2122
2376,2172,2122
2377,2162,773
2378,2162,2171
2379,2153,2123
2380,2153,2123
2381,2153,2185
2382,752,787
2383,2154,2212
2384,2154,776
2385,2109,2117
2386,2109,2117
2387,2109,2124
2388,2172,2119
2389,2109,2096
2390,2109,2093
2391,2109,2074
2392,2109,2198
2393,2129,2200
2394,2129,2200
2395,2129,2191
2396,2129,2191
2397,2129,2191
2398,2203,2120
2399,2203,729
2400,2197,2099
2401,2197,2099
2402,2129,2128
2403,2129,2100
2404,2154,2182
2405,2154,2182
2406,2129,2205
2407,763,789
2408,2197,2101
2409,2197,2101
2410,2197,2087
2411,2129,2097
2412,2109,782
2413,2109,2204
2414,2203,2190
2415,2197,2071
2416,2197,2125
2417,2203,738
2418,2109,779
2419,2168,784
2420,752,794
2421,774,799
2422,2203,2036
2423,2220,790
2424,2220,790
2425,2220,790
2426,2220,704
2427,2221,791
2428,2159,747
2429,2159,747
2430,2159,747
2431,768,2169
2432,768,2169
2433,2220,2105
2434,2220,2105
2435,2220,2105
2436,2217,702
2437,2217,2225
2438,2217,2225
2439,2144,2132
2440,2217,2035
2441,2217,2035
2442,763,793
2443,2248,2214
2444,2217,2089
2445,2217,2089
2446,2220,721
2447,2224,2021
2448,2220,795
2449,2220,795
2450,2220,717
2451,2168,2148
2452,2168,2148
2453,2168,2148
2454,2168,744
2455,2223,2058
2456,2217,2126
2457,2217,2126
2458,2217,2040
2459,2217,2040
2460,2217,2060
2461,2217,2108
2462,2217,2047
2463,2217,2042
2464,2144,754
2465,2144,2165
2466,2144,2165
2467,2209,2111
2468,2144,748
2469,2144,727
2470,2209,2113
2471,2221,2233
2472,2209,2228
2473,2209,2228
2474,2209,2228
2475,2217,2213
2476,2208,2051
2477,2208,2051
2478,2208,2051
2479,2208,2110
2480,2188,2149
2481,2188,2149
2482,2188,2135
2483,2208,2235
2484,763,756
2485,780,2157
2486,780,2157
2487,2209,2104
2488,2223,694
2489,2209,713
2490,2244,800
2491,2244,796
2492,2244,2237
2493,2239,2174
2494,2239,2174
2495,2239,2106
2496,2188,2133
2497,2239,2107
2498,2151,2183
2499,2151,2183
2500,2151,2183
2501,2151,769
2502,2151,769
2503,2244,2178
2504,2244,2178
2505,2230,2242
2506,2230,2242
2507,2230,2219
2508,2188,764
2509,2238,2175
2510,2230,2251
2511,2241,2249
2512,2234,2176
2513,2234,2176
2514,763,802
2515,763,807
2516,2188,813
2517,2232,778
2518,2234,2177
2519,2144,2255
2520,2188,2258
2521,2188,2258
2522,2188,2258
2523,2144,2254
2524,2217,2098
2525,2144,2156
2526,2144,2156
2527,2144,2156
2528,2144,2164
2529,2227,797
2530,2234,2085
2531,2151,805
2532,2232,2161
2533,2232,2115
2534,2232,2115
2535,2168,775
2536,2144,786
2537,2168,2264
2538,2144,2147
2539,2144,2147
2540,2144,2147
2541,2144,772
2542,2241,2170
2543,2241,2170
2544,792,810
2545,2248,2124
2546,2232,2194
2547,792,776
2548,2234,783
2549,2232,2199
2550,2232,2191
2551,1280,2205
2552,2234,2100
2553,803,815
2554,2151,770
2555,2248,2252
2556,785,814
2557,2241,2189
2558,2241,2180
2559,2151,2253
2560,2193,2169
2561,2230,781
2562,2241,2268
2563,2241,2268
2564,2241,2268
2565,2230,2275
2566,2230,2226
2567,2151,788
2568,2151,788
2569,792,749
2570,792,749
2571,792,749
2572,792,749
2573,2241,2276
2574,2241,2103
2575,2241,2267
2576,1280,2225
2577,2241,2278
2578,2241,2278
2579,2241,2274
2580,2280,2207
2581,2280,697
2582,1802,1613
2583,2220,745
2584,2220,745
2585,2280,2042
2586,1334,610
2587,1334,610
2588,1334,589
2589,2347,2165
2590,2347,2222
2591,1852,567
2592,2280,816
2593,2280,818
2594,2280,2051
2595,2220,2349
2596,2220,2349
2597,1827,1563
2598,1812,1798
2599,1812,1798
2600,2220,762
2601,2288,2231
2602,2220,2135
2603,2220,2135
2604,1852,1824
2605,2220,2145
2606,2217,2348
2607,2217,2348
2608,1834,1823
2609,1834,1823
2610,2217,2304
2611,2284,817
2612,2284,819
2613,2217,2131
2614,2217,2131
2615,804,2308
2616,2217,767
2617,2217,820
2618,2217,751
2619,2217,2157
2620,1877,1839
2621,2284,2236
2622,2281,2138
2623,2217,2310
2624,2269,2141
2625,1814,1832
2626,1814,1888
2627,1814,1856
2628,1905,1893
2629,1905,1855
2630,1905,1855
2631,1828,1884
2632,1737,1895
2633,1905,1873
2634,1905,1873
2635,1828,1884
2636,804,2312
2637,2281,2246
2638,2281,2290
2639,1881,1716
2640,1878,1854
2641,2269,2245
2642,2209,808
2643,2281,2139
2644,2209,759
2645,2209,759
2646,1877,1767
2647,1877,1767
2648,1877,1767
2649,1881,1644
2650,2347,777
2651,1280,2181
2652,1280,2181
2653,1280,2181
2654,1280,2181
2655,2347,2258
2656,2347,809
2657,1932,1830
2658,1932,1830
2659,1932,1830
2660,1932,1830
2661,1932,1830
2662,1804,1845
2663,1877,565
2664,2294,2163
2665,2294,2163
2666,2281,2293
2667,1827,1880
2668,1827,1880
2669,1827,1880
2670,1827,1880
2671,1834,1849
2672,2247,2325
2673,2247,2325
2674,2347,2261
2675,2347,2261
2676,2347,2158
2677,2306,2176
2678,1804,1844
2679,1932,1830
2680,4,1670
2681,2311,766
2682,2311,823
2683,2271,2291
2684,1634,626
2685,1634,599
2686,647,646
2687,2271,2140
2688,2271,2140
2689,2271,2140
2690,1827,1813
2691,1834,1773
2692,2311,810
2693,2285,829
2694,822,755
2695,2285,825
2696,2285,2195
2697,1932,1820
2698,2271,2095
2699,2271,2095
2700,2347,2212
2701,2347,2212
2702,2347,2260
2703,2347,2260
2704,2347,2263
2705,1877,1786
2706,1877,1786
2707,2341,2317
2708,2341,2317
2709,2341,2338
2710,1827,535
2711,1804,1776
2712,1878,1769
2713,833,811
2714,2279,2307
2715,2279,2199
2716,2279,2327
2717,1827,1660
2718,2271,2334
2719,2279,2100
2720,2279,2319
2721,2279,2357
2722,2285,2202
2723,1827,1736
2724,1827,1736
2725,2279,2337
2726,2279,2337
2727,2289,2297
2728,2289,2216
2729,2311,2253
2730,1812,1801
2731,1812,1801
2732,2341,2358
2733,2341,2358
2734,2341,2358
2735,2341,2358
2736,2341,2358
2737,2315,828
2738,1812,536
2739,1812,1757
2740,1812,1757
2741,1877,1797
2742,1877,1799
2743,2341,824
2744,2341,2370
2745,2341,2370
2746,2341,2370
2747,2341,2268
2748,2315,2324
2749,2315,2324
2750,2315,2324
2751,2315,2324
2752,2311,2366
2753,2341,2275
2754,2341,2339
2755,2341,2339
2756,2341,2363
2757,2341,2363
2758,2341,2363
2759,2341,38
2760,1834,1787
2761,1812,1740
2762,2311,2262
2763,2315,2254
2764,2315,2254
2765,1828,1884
2766,1814,1832
2767,2311,788
2768,2302,835
2769,1877,1734
2770,2374,2272
2771,2289,2343
2772,2374,2218
2773,2374,2218
2774,2374,2218
2775,2289,2353
2776,2289,2353
2777,1846,1800
2778,2315,806
2779,2315,2336
2780,1933,1569
2781,5,1943
2782,1933,580
2783,1933,1286
2784,2364,836
2785,2374,2257
2786,2374,2257
2787,2341,2186
2788,2341,2376
2789,2350,2365
2790,2350,2365
2791,2364,2270
2792,2364,2403
2793,2411,2368
2794,2323,2407
2795,2323,2405
2796,2323,2405
2797,2323,2405
2798,2323,2405
2799,1932,1731
2800,1933,1738
2801,2355,2277
2802,2398,2214
2803,2395,842
2804,2302,2383
2805,2355,839
2806,2355,2399
2807,2364,2116
2808,2350,843
2809,2350,2421
2810,2350,2421
2811,2250,1749
2812,2248,528
2813,2248,1811
2814,2248,1555
2815,6,1745
2816,7,1745
2817,8,1745
2818,9,1745
2819,1827,1794
2820,1827,1794
2821,2044,1744
2822,2250,1815
2823,1834,1620
2824,1827,234
2825,1827,1559
2826,1932,1274
2827,1932,1731
2828,1806,1677
2829,2374,2417
2830,2320,2130
2831,2320,2130
2832,2320,2222
2833,2355,2282
2834,2355,2282
2835,2414,2287
2836,2374,2377
2837,2044,1798
2838,2044,1798
2839,2411,2400
2840,2364,844
2841,2320,2335
2842,2355,2235
2843,2320,2148
2844,2311,2428
2845,2311,2428
2846,1812,1824
2847,1812,1824
2848,2323,2431
2849,2398,2215
2850,2411,2118
2851,2398,2396
2852,1827,1823
2853,1827,1823
2854,2465,2348
2855,2465,2348
2856,2465,2348
2857,2465,2348
2858,2465,2256
2859,2411,841
2860,2364,800
2861,2355,2435
2862,2355,2435
2863,2355,2435
2864,2355,2435
2865,1827,559
2866,1846,1707
2867,2248,1837
2868,2395,2426
2869,2422,2434
2870,2248,1840
2871,2244,572
2872,10,1705
2873,2244,571
2874,2444,2174
2875,2444,2443
2876,2398,2143
2877,1804,1839
2878,2315,2430
2879,2315,2430
2880,2315,2349
2881,2414,2445
2882,2395,2028
2883,1834,547
2884,1877,574
2885,2395,2295
2886,2315,2429
2887,2323,2310
2888,2323,821
2889,2398,2424
2890,2398,2424
2891,2395,2423
2892,2395,2229
2893,2482,2432
2894,1834,1721
2895,1878,1850
2896,2414,2472
2897,2414,2472
2898,2414,2472
2899,2414,2472
2900,2350,2313
2901,1878,1767
2902,1846,1842
2903,2411,2457
2904,1834,568
2905,2320,2259
2906,2320,2259
2907,2320,2259
2908,2320,2312
2909,2395,2462
2910,2398,2471
2911,2398,2471
2912,2398,2471
2913,2414,2436
2914,2398,2449
2915,2398,2463
2916,2320,2452
2917,2320,2452
2918,2320,2480
2919,2395,2438
2920,2398,2245
2921,2398,2137
2922,2398,2137
2923,2395,801
2924,2395,801
2925,1812,1825
2926,2398,2476
2927,2398,2476
2928,2395,2477
2929,2395,2477
2930,2395,2477
2931,2395,2249
2932,2395,2249
2933,2414,2446
2934,2414,2240
2935,2422,2301
2936,2422,2176
2937,1827,1847
2938,1827,1847
2939,1827,1631
2940,2466,846
2941,2466,846
2942,2466,2442
2943,2320,2316
2944,1878,1717
2945,1834,1841
2946,1834,1841
2947,2146,1880
2948,1804,1708
2949,1804,1708
2950,2367,2255
2951,2367,2258
2952,2444,2293
2953,2444,2293
2954,2458,2163
2955,2456,2489
2956,1828,1851
2957,1828,1851
2958,1887,1829
2959,1887,1829
2960,2444,2298
2961,2444,2490
2962,2367,812
2963,2444,2470
2964,2444,2470
2965,2444,2470
2966,2458,2161
2967,2444,849
2968,2411,2491
2969,2444,2112
2970,2444,2488
2971,2456,2494
2972,2456,2494
2973,2466,2496
2974,2485,2502
2975,1846,1754
2976,1827,1876
2977,1827,1876
2978,1827,1849
2979,2444,2296
2980,2466,2486
2981,2493,2292
2982,2367,827
2983,2466,2303
2984,2456,2243
2985,2456,2425
2986,2450,2187
2987,2450,2187
2988,2493,2200
2989,2493,2200
2990,648,586
2991,2493,2299
2992,2456,2206
2993,2493,2433
2994,2493,2433
2995,1878,562
2996,2450,2495
2997,2420,2263
2998,1846,1967
2999,1827,1853
3000,2456,2497
3001,2451,798
3002,2322,1657
3003,2505,2509
3004,2505,2509
3005,2444,852
3006,2493,826
3007,2322,1769
3008,2328,566
3009,2444,851
3010,2484,2314
3011,2456,2340
3012,2456,2340
3013,2456,2513
3014,2456,2513
3015,2482,2360
3016,2482,2360
3017,2493,2196
3018,2511,2518
3019,2328,1963
3020,2332,1879
3021,2332,582
3022,1877,1964
3023,2511,2327
3024,2505,830
3025,2384,2526
3026,2482,2345
3027,2482,2329
3028,2420,2346
3029,2420,2346
3030,2456,2512
3031,2493,2337
3032,2493,2337
3033,2482,2514
3034,2420,834
3035,2456,2334
3036,2420,2528
3037,2367,856
3038,2420,2536
3039,2511,2305
3040,2456,2265
3041,2456,2202
3042,2493,2370
3043,2493,2370
3044,2493,2354
3045,2404,2262
3046,2367,2324
3047,2367,2330
3048,2493,831
3049,2450,2318
3050,2367,2351
3051,2450,2273
3052,2505,860
3053,2505,860
3054,2332,1965
3055,2332,1965
3056,2332,1965
3057,2332,1965
3058,1877,1968
3059,2493,2356
3060,2552,2510
3061,2542,2550
3062,2529,2344
3063,2505,2533
3064,2505,2530
3065,1878,1982
3066,2404,2520
3067,2482,832
3068,2482,2535
3069,2482,2535
3070,2451,2537
3071,2451,2537
3072,2451,2519
3073,2493,2307
3074,2450,2506
3075,2505,853
3076,2493,2548
3077,2493,2548
3078,2525,2336
3079,2525,2336
3080,2505,2266
3081,2529,2342
3082,2485,2522
3083,2501,2539
3084,2328,1800
3085,2505,2297
3086,2505,2297
3087,2450,2359
3088,2552,2543
3089,1805,1664
3090,2542,2358
3091,2505,2225
3092,2542,2376
3093,2542,2376
3094,2542,2376
3095,2501,840
3096,2498,2556
3097,2505,2214
3098,1808,652
3099,1877,1973
3100,2498,2560
3101,2498,2560
3102,2498,855
3103,2498,855
3104,2484,2541
3105,1877,2011
3106,1877,2011
3107,1877,2011
3108,1877,2002
3109,1974,2005
3110,2451,2559
3111,2451,2361
3112,1977,2006
3113,1977,39
3114,2566,2564
3115,2552,2563
3116,2511,2213
3117,2150,1744
3118,2150,1996
3119,2542,2397
3120,2505,2283
3121,2505,2283
3122,2542,829
3123,2505,863
3124,2451,2419
3125,2451,2419
3126,2451,2419
3127,2566,838
3128,1634,2587
3129,2562,2368
3130,2501,869
3131,2542,2412
3132,1878,2000
3133,1974,2010
3134,1878,1824
3135,2482,2540
3136,2542,2369
3137,2542,2369
3138,1978,651
3139,2523,2583
3140,2566,862
3141,2523,2570
3142,2150,1835
3143,1877,1837
3144,2523,2452
3145,1805,1770
3146,1953,1730
3147,2523,2312
3148,2523,2312
3149,2523,2312
3150,2601,2578
3151,2552,847
3152,2567,2590
3153,2525,2605
3154,2525,2605
3155,2552,870
3156,2593,2441
3157,2601,2440
3158,2562,2463
3159,2562,2463
3160,2562,2463
3161,2598,1817
3162,2598,1817
3163,2598,1767
3164,2566,2418
3165,2566,2445
3166,2598,1842
3167,2598,1831
3168,2598,1831
3169,2598,1831
3170,2032,1836
3171,2525,2603
3172,2567,2584
3173,2538,2480
3174,2538,2480
3175,2538,2571
3176,2538,2571
3177,2538,2309
3178,2538,2617
3179,2569,2600
3180,2569,2600
3181,2569,2572
3182,2599,1718
3183,2538,2316
3184,2538,2316
3185,2566,868
3186,2598,563
3187,2523,877
3188,2611,2448
3189,2538,2623
3190,1978,1847
3191,1978,1847
3192,2582,1644
3193,2591,1648
3194,2582,1841
3195,2582,1841
3196,1935,1779
3197,1935,1779
3198,1805,1936
3199,2566,873
3200,2566,2300
3201,2566,850
3202,2593,2476
3203,2538,2618
3204,2538,2618
3205,2538,2615
3206,2538,2496
3207,2538,2496
3208,2538,2496
3209,2523,879
3210,2601,2612
3211,2009,1858
3212,2569,2610
3213,2569,2610
3214,2601,2624
3215,2601,2624
3216,2601,2624
3217,2601,2624
3218,2611,2488
3219,2602,2607
3220,2602,2607
3221,2602,2645
3222,2604,557
3223,2604,1720
3224,2604,1720
3225,2604,1720
3226,2569,2508
3227,2516,2481
3228,2569,2468
3229,2523,2454
3230,2523,2650
3231,2523,2650
3232,2557,2184
3233,2516,2613
3234,2516,2613
3235,2516,2614
3236,2569,2499
3237,2569,2636
3238,2542,2622
3239,2591,2670
3240,2599,2667
3241,2599,2667
3242,2599,2668
3243,2599,2668
3244,2599,2648
3245,2599,2646
3246,2599,2646
3247,1952,579
3248,2606,2675
3249,2569,2333
3250,2569,2469
3251,2606,882
3252,2637,2459
3253,2542,2490
3254,2606,2644
3255,2606,2644
3256,2542,2290
3257,2557,2321
3258,2602,2642
3259,2602,2515
3260,2602,2515
3261,2611,2509
3262,2598,1959
3263,2569,2616
3264,2606,2673
3265,2606,2673
3266,2611,2643
3267,2637,2665
3268,2637,2665
3269,2637,2665
3270,2601,2513
3271,2611,2666
3272,2611,2666
3273,1951,573
3274,2566,2327
3275,2677,2518
3276,2677,2518
3277,2677,2518
3278,2611,2652
3279,2611,2652
3280,2677,2512
3281,2598,583
3282,2601,884
3283,2601,884
3284,2557,2354
3285,2557,2354
3286,2606,854
3287,2611,2641
3288,2606,2692
3289,2606,2692
3290,2606,2692
3291,2599,1969
3292,2606,2521
3293,2599,1961
3294,2599,1961
3295,2599,1972
3296,2649,2647
3297,2655,901
3298,2611,2653
3299,2611,2653
3300,2655,2701
3301,2655,2701
3302,581,575
3303,2637,2718
3304,2683,861
3305,2655,2526
3306,2655,2526
3307,2608,1982
3308,2608,1982
3309,2655,2751
3310,2676,2537
3311,2676,2537
3312,2676,2537
3313,2655,2519
3314,2655,2519
3315,2655,2519
3316,2655,2737
3317,1952,1918
3318,2598,1981
3319,2598,2710
3320,2655,2674
3321,2655,2674
3322,2682,2326
3323,2604,1968
3324,2604,1968
3325,2604,1968
3326,2595,2531
3327,2595,2531
3328,2611,2376
3329,2595,2544
3330,2606,2596
3331,2606,859
3332,2683,837
3333,2606,2539
3334,2606,2539
3335,2606,2539
3336,2606,2539
3337,2606,2681
3338,2599,1966
3339,2595,2382
3340,2606,2365
3341,2595,2554
3342,2595,2694
3343,2595,2694
3344,2677,2695
3345,2637,2664
3346,2611,2687
3347,2637,2693
3348,2744,2564
3349,2611,2745
3350,2608,2740
3351,2682,2703
3352,2619,2762
3353,2619,2762
3354,2619,2762
3355,2655,2700
3356,2619,2560
3357,2619,2729
3358,2619,2729
3359,2619,2729
3360,2619,2729
3361,2677,2688
3362,2677,2688
3363,2682,2778
3364,2682,2778
3365,2696,2753
3366,2601,2708
3367,2705,653
3368,2611,2343
3369,2611,2343
3370,2611,2343
3371,2683,2735
3372,2683,2735
3373,2683,2735
3374,2637,2743
3375,2702,2749
3376,2702,908
3377,2682,2527
3378,2682,2527
3379,2611,2563
3380,2702,2750
3381,2702,2750
3382,2611,904
3383,2702,2768
3384,2677,2736
3385,2677,2736
3386,2683,2733
3387,2683,2733
3388,2767,2522
3389,2767,2522
3390,2649,2739
3391,2649,2739
3392,2702,2704
3393,2702,2704
3394,2732,2714
3395,2757,2565
3396,2757,2565
3397,2604,2663
3398,2790,900
3399,2702,2540
3400,2702,2540
3401,2702,2540
3402,2601,2758
3403,2744,2553
3404,2705,1962
3405,2702,2308
3406,2702,2308
3407,2702,2752
3408,2702,2752
3409,2683,2787
3410,2683,2787
3411,2637,907
3412,2683,912
3413,2828,2782
3414,2637,914
3415,2637,914
3416,2637,2551
3417,2621,2427
3418,2621,2427
3419,2683,913
3420,2756,2561
3421,1806,1949
3422,2683,2373
3423,2756,2592
3424,2756,2592
3425,2608,2007
3426,2599,2812
3427,2599,2812
3428,2705,2819
3429,2599,2812
3430,2599,2812
3431,2599,2812
3432,2763,2452
3433,2763,2452
3434,2790,2748
3435,2790,2748
3436,2790,2713
3437,2801,867
3438,2763,2590
3439,2756,915
3440,2801,866
3441,2801,909
3442,2620,2761
3443,2637,2474
3444,2640,2870
3445,1940,2766
3446,1952,2765
3447,2732,2441
3448,2756,2784
3449,2789,2453
3450,2789,919
3451,2640,2847
3452,2640,2824
3453,2777,2871
3454,2862,2437
3455,2862,2437
3456,2789,2618
3457,2789,848
3458,2789,880
3459,2789,2888
3460,2789,2605
3461,2862,2874
3462,2821,921
3463,2821,921
3464,2789,2464
3465,2858,2496
3466,2858,2496
3467,2789,2500
3468,2789,2500
3469,2756,2842
3470,2789,2610
3471,2789,2610
3472,2801,2860
3473,2801,2860
3474,2637,2494
3475,2875,2864
3476,2732,865
3477,2875,911
3478,2837,2866
3479,2837,2866
3480,2837,2866
3481,2595,2796
3482,2918,2656
3483,2790,2645
3484,2867,2865
3485,2852,2838
3486,2852,2838
3487,2852,2838
3488,2732,2806
3489,2732,2806
3490,2619,2672
3491,2619,2672
3492,2790,2951
3493,2790,2951
3494,2732,932
3495,2854,2568
3496,2854,2906
3497,925,927
3498,2854,2499
3499,2374,2946
3500,2374,2946
3501,2821,2883
3502,2777,2939
3503,2854,2439
3504,2854,2439
3505,2854,2613
3506,2854,926
3507,2595,2831
3508,2756,924
3509,2732,916
3510,2732,916
3511,2861,2931
3512,2756,2881
3513,2756,2881
3514,2854,2856
3515,2801,2594
3516,2801,2594
3517,2801,2924
3518,2801,2924
3519,2854,882
3520,2852,2877
3521,2852,2877
3522,2852,2877
3523,2875,2581
3524,2744,923
3525,2837,930
3526,2873,2937
3527,2873,2937
3528,2790,928
3529,2777,1959
3530,2861,2666
3531,2501,2878
3532,2501,917
3533,2501,917
3534,2501,2886
3535,2732,878
3536,2971,2513
3537,2790,934
3538,2790,857
3539,2861,935
3540,2855,2973
3541,2744,2972
3542,2855,3001
3543,2744,2961
3544,2732,876
3545,2963,2517
3546,2971,2530
3547,2501,2907
3548,2501,2962
3549,2501,2962
3550,2595,2905
3551,2595,2905
3552,2595,2917
3553,2595,2917
3554,2595,2943
3555,2741,1972
3556,2741,1972
3557,2741,1961
3558,2852,2975
3559,11,1970
3560,2837,1971
3561,12,2965
3562,2801,2534
3563,2867,2902
3564,2867,2995
3565,2875,2638
3566,2875,2638
3567,2875,2638
3568,2867,1984
3569,2867,1999
3570,2732,2718
3571,2732,2654
3572,2732,2654
3573,2893,2526
3574,2893,2526
3575,2971,2964
3576,2971,2964
3577,2595,2887
3578,2595,2887
3579,2538,2909
3580,2538,920
3581,2619,2950
3582,2741,2976
3583,2875,2689
3584,2875,2689
3585,2875,2689
3586,2861,883
3587,2861,939
3588,2861,939
3589,2983,2674
3590,2741,2999
3591,3003,2994
3592,2893,929
3593,2893,929
3594,2833,2966
3595,2833,2966
3596,2993,3005
3597,2833,2358
3598,2893,2547
3599,925,940
3600,1956,1843
3601,1952,1923
3602,2828,2697
3603,2833,3006
3604,2993,3009
3605,925,2687
3606,2945,2706
3607,2980,2560
3608,2980,3034
3609,2980,941
3610,2993,3004
3611,2993,3004
3612,2833,2688
3613,2833,2688
3614,2861,937
3615,3003,2981
3616,2828,1875
3617,2947,3008
3618,2947,3008
3619,2947,2740
3620,2947,2740
3621,2947,2740
3622,2837,40
3623,2875,2743
3624,2744,2708
3625,2861,2343
3626,2861,2343
3627,2595,2899
3628,2619,2982
3629,2833,2733
3630,2833,2733
3631,2875,944
3632,2744,3024
3633,2744,3024
3634,2893,858
3635,2858,2923
3636,2875,948
3637,2875,3053
3638,2893,2522
3639,2893,2522
3640,947,945
3641,2971,949
3642,2947,2712
3643,2947,2712
3644,2861,942
3645,2980,2704
3646,2619,41
3647,2619,2911
3648,3003,3014
3649,2980,2703
3650,2947,903
3651,3003,3048
3652,2971,2771
3653,2904,3022
3654,3060,2787
3655,3060,2787
3656,3060,2787
3657,3060,2734
3658,3060,2734
3659,2980,943
3660,2957,1987
3661,2875,952
3662,2538,2840
3663,2861,2746
3664,2861,2746
3665,2947,946
3666,2947,42
3667,2945,3106
3668,2895,2813
3669,2971,905
3670,3060,906
3671,3060,906
3672,2983,2750
3673,2833,3115
3674,2945,3105
3675,2945,3105
3676,2895,3057
3677,2947,2742
3678,2945,3055
3679,2945,3055
3680,2661,1934
3681,2661,1934
3682,2861,3042
3683,2861,3042
3684,2861,3042
3685,2861,3042
3686,3085,2788
3687,3026,2589
3688,3070,3102
3689,3070,3102
3690,3070,3102
3691,3070,3102
3692,3070,3102
3693,2790,2779
3694,2790,2779
3695,2971,910
3696,2971,910
3697,2971,2747
3698,2971,2747
3699,2895,3118
3700,2895,3118
3701,2993,2805
3702,2833,3052
3703,3070,872
3704,3070,875
3705,2790,3103
3706,2957,43
3707,2828,2680
3708,2957,1992
3709,3117,3112
3710,3085,3064
3711,3085,3064
3712,3085,3064
3713,2945,2007
3714,2498,2738
3715,3117,3099
3716,3117,3099
3717,2947,3108
3718,3003,2585
3719,954,951
3720,3117,3109
3721,2971,2474
3722,2971,874
3723,2971,2477
3724,2971,2477
3725,2971,2477
3726,2971,2477
3727,2971,2477
3728,2971,2477
3729,3136,913
3730,3021,3138
3731,3085,2803
3732,3136,3075
3733,2947,3132
3734,2947,3132
3735,2947,3132
3736,2971,3123
3737,2971,957
3738,2993,2874
3739,3100,2857
3740,2945,2884
3741,2993,3151
3742,3003,968
3743,3003,968
3744,953,955
3745,3003,2842
3746,3003,2842
3747,3073,845
3748,2971,3155
3749,3060,964
3750,3100,2906
3751,3100,2906
3752,3139,966
3753,1019,1022
3754,2248,1063
3755,954,918
3756,3139,2672
3757,3139,2672
3758,3139,3125
3759,3159,2860
3760,2993,3160
3761,2993,3160
3762,3139,2856
3763,3159,2581
3764,3159,2581
3765,954,3168
3766,2993,974
3767,962,2877
3768,3136,2651
3769,962,2853
3770,3134,3191
3771,3100,3174
3772,2993,3164
3773,2993,3164
3774,3100,972
3775,3100,2673
3776,3100,2673
3777,3100,2673
3778,3060,2513
3779,3060,2513
3780,3060,3199
3781,963,881
3782,3100,2941
3783,2947,3162
3784,2993,931
3785,2959,871
3786,3193,3182
3787,3193,3182
3788,3192,3143
3789,3192,3143
3790,3192,44
3791,3133,3224
3792,3133,3224
3793,3133,3224
3794,3133,3224
3795,13,3223
3796,14,3223
3797,963,977
3798,15,3240
3799,3134,3241
3800,3073,2653
3801,3073,2653
3802,3073,2653
3803,3133,978
3804,3136,980
3805,3073,936
3806,1122,986
3807,3139,3203
3808,2957,2628
3809,3129,975
3810,3192,3243
3811,3192,3243
3812,3192,3243
3813,1052,1055
3814,1053,1056
3815,2341,2764
3816,3136,2688
3817,3136,2688
3818,3170,933
3819,3133,3281
3820,3159,979
3821,3159,979
3822,3222,981
3823,3222,984
3824,3222,3293
3825,3222,3293
3826,1021,1023
3827,3161,3225
3828,3161,3225
3829,3130,3290
3830,3133,983
3831,3136,2759
3832,3239,2717
3833,3239,2717
3834,3133,3318
3835,3133,3058
3836,3133,3058
3837,3133,3058
3838,1020,1024
3839,3178,2749
3840,3192,2712
3841,3192,2712
3842,3153,3311
3843,963,864
3844,3159,885
3845,3159,2753
3846,3187,3289
3847,3187,3289
3848,3192,2669
3849,3211,3296
3850,3211,3296
3851,2971,2981
3852,2971,2981
3853,3124,3312
3854,2957,650
3855,2971,2792
3856,2971,3043
3857,3270,956
3858,973,1983
3859,3161,3325
3860,3161,3325
3861,3205,3330
3862,3205,3330
3863,3194,2816
3864,3222,3107
3865,3129,3394
3866,3270,3372
3867,3270,3372
3868,3161,991
3869,3136,2747
3870,3270,950
3871,3386,3385
3872,3386,3385
3873,3205,3314
3874,3205,3401
3875,3205,3401
3876,3170,3367
3877,3371,988
3878,3371,988
3879,3371,988
3880,3371,989
3881,2542,922
3882,3307,3108
3883,3386,3362
3884,3371,959
3885,3371,959
3886,2958,3247
3887,3384,3415
3888,3384,3415
3889,3409,3042
3890,3386,997
3891,3170,2846
3892,1087,1088
3893,1089,1090
3894,3350,3397
3895,3350,3397
3896,3292,3101
3897,3348,3396
3898,996,994
3899,3239,960
3900,3239,960
3901,3288,3406
3902,3288,3406
3903,3235,3380
3904,2763,3323
3905,3198,2799
3906,1953,2827
3907,1052,1067
3908,1054,1066
3909,3386,999
3910,3300,2857
3911,3300,2857
3912,2538,2808
3913,3371,3412
3914,3371,3412
3915,3300,955
3916,3300,955
3917,3371,3419
3918,3371,3419
3919,3371,961
3920,1021,1025
3921,3300,2888
3922,1091,1092
3923,3371,3414
3924,3371,3414
3925,996,911
3926,3384,998
3927,3355,1002
3928,3348,3387
3929,3386,965
3930,3384,964
3931,3355,2906
3932,3355,2906
3933,3355,2906
3934,3371,3439
3935,3355,3456
3936,3355,3456
3937,3355,3458
3938,996,969
3939,1096,1097
3940,3386,1004
3941,3386,1004
3942,3386,1004
3943,3292,967
3944,982,3163
3945,3307,3452
3946,3239,3425
3947,3239,3451
3948,3409,3201
3949,3409,3201
3950,3222,970
3951,3239,1001
3952,3239,1001
3953,3423,1005
3954,3475,3199
3955,2957,985
3956,3273,3302
3957,3273,3317
3958,3273,3302
3959,3384,3164
3960,3384,3164
3961,3384,3164
3962,3355,3435
3963,1069,1032
3964,2854,1011
3965,3292,3147
3966,3292,3147
3967,3447,2967
3968,3292,3148
3969,3292,3148
3970,3292,3148
3971,3292,3148
3972,3409,1007
3973,3292,3459
3974,2958,990
3975,3384,2965
3976,3448,3473
3977,3292,2973
3978,3292,2973
3979,3447,971
3980,3447,971
3981,3423,976
3982,3423,3461
3983,1069,1033
3984,3292,3506
3985,3292,2951
3986,3242,3463
3987,3390,3224
3988,3292,3173
3989,3355,3492
3990,3409,3454
3991,3513,2653
3992,3513,2653
3993,3242,3502
3994,3409,3455
3995,3409,3455
3996,3222,3462
3997,3222,3462
3998,3222,3462
3999,3222,3462
4000,3355,3519
4001,3355,3519
4002,3371,1015
4003,3371,3523
4004,3371,3523
4005,3371,3523
4006,3409,3516
4007,3409,3477
4008,3222,3501
4009,3222,3501
4010,3307,3241
4011,3307,3241
4012,3161,3244
4013,3423,2689
4014,3355,3204
4015,3292,3493
4016,3292,3493
4017,3270,1014
4018,3270,1014
4019,3423,1010
4020,3355,3254
4021,3355,3254
4022,3475,1013
4023,3292,3219
4024,3292,3219
4025,3292,3219
4026,3371,3469
4027,3371,3469
4028,3371,3469
4029,1068,1055
4030,3355,3504
4031,3355,3504
4032,3355,3504
4033,3355,3460
4034,3355,3460
4035,3355,3460
4036,996,3508
4037,3447,3524
4038,3447,3524
4039,3292,3528
4040,3292,3538
4041,3355,2940
4042,3355,3233
4043,3270,1008
4044,3472,3489
4045,3472,3489
4046,3292,3503
4047,3447,902
4048,3806,3483
4049,3292,3540
4050,3448,938
4051,3475,3535
4052,3292,3034
4053,3292,3034
4054,3292,3034
4055,3355,3290
4056,3355,3290
4057,3355,3290
4058,3470,3537
4059,3470,3537
4060,3444,3223
4061,3444,3223
4062,3222,3245
4063,3806,3457
4064,3448,3546
4065,3448,3536
4066,3409,1016
4067,1006,3293
4068,3292,2700
4069,3292,2700
4070,3292,3071
4071,3292,3209
4072,3292,3471
4073,3292,3015
4074,3292,3067
4075,3448,3283
4076,3423,3570
4077,3448,1018
4078,3591,3282
4079,3591,3561
4080,3426,3308
4081,3355,3265
4082,3355,3265
4083,3355,3542
4084,3355,3542
4085,3447,3530
4086,3470,2704
4087,3470,2704
4088,3470,2704
4089,3470,2704
4090,3292,3311
4091,3292,3311
4092,3472,3572
4093,3472,3572
4094,3447,987
4095,3409,3571
4096,3409,3571
4097,3355,3251
4098,3355,3593
4099,3355,3593
4100,3355,3593
4101,3404,3295
4102,3448,1026
4103,3448,2753
4104,3409,3613
4105,3409,3613
4106,3447,3584
4107,3448,1017
4108,3409,3587
4109,3409,3587
4110,3355,3264
4111,3355,3264
4112,3355,3264
4113,3355,3264
4114,3355,3264
4115,3292,3263
4116,3292,3263
4117,3310,3072
4118,3310,3289
4119,3447,3474
4120,3409,3599
4121,3448,3615
4122,3423,3585
4123,3423,3585
4124,3514,3312
4125,3514,3312
4126,3274,2836
4127,3274,2836
4128,3274,2836
4129,3472,3595
4130,3310,3334
4131,3355,3316
4132,3355,3316
4133,3355,3331
4134,3434,3589
4135,3434,3592
4136,3447,3088
4137,3434,3297
4138,3922,3545
4139,3922,3545
4140,3922,3545
4141,3922,3545
4142,3922,3545
4143,3922,3586
4144,3922,3586
4145,3922,3576
4146,3922,3576
4147,3893,3361
4148,3893,3361
4149,3893,3361
4150,3434,3314
4151,1036,1039
4152,1031,1040
4153,2980,3574
4154,2980,3574
4155,3434,3313
4156,3355,3401
4157,3355,3401
4158,3310,3608
4159,3448,1027
4160,3514,3609
4161,3499,3319
4162,3404,3391
4163,3563,3525
4164,3310,3340
4165,3529,3564
4166,3505,3376
4167,3505,3376
4168,3505,3392
4169,3485,3324
4170,3485,3324
4171,3485,3324
4172,3472,1028
4173,3447,3410
4174,3448,3631
4175,3447,3395
4176,3447,3395
4177,3447,3610
4178,3447,3127
4179,3447,3127
4180,3448,3605
4181,3448,3605
4182,3472,3304
4183,3472,3304
4184,3447,3122
4185,3447,3611
4186,3310,1030
4187,3242,3109
4188,2942,3306
4189,3310,3672
4190,3310,3672
4191,3513,3641
4192,3596,3396
4193,3596,3411
4194,3648,994
4195,3596,3372
4196,3355,3406
4197,3355,3406
4198,3033,3232
4199,3355,3323
4200,3355,3323
4201,3355,3323
4202,3355,3141
4203,3939,3614
4204,3939,3614
4205,3939,3624
4206,3893,3623
4207,3893,3623
4208,3470,3126
4209,3472,3140
4210,3472,3420
4211,3893,3588
4212,3893,3588
4213,3892,3565
4214,3892,3565
4215,1046,1067
4216,3648,3373
4217,3648,3373
4218,3648,3373
4219,1045,1065
4220,3472,995
4221,3514,3398
4222,3470,3432
4223,3310,992
4224,3436,2857
4225,3657,3437
4226,3003,3405
4227,3003,3405
4228,3003,3405
4229,3355,3694
4230,3499,3618
4231,3260,3581
4232,3355,3703
4233,3648,3640
4234,3310,3645
4235,1036,1064
4236,3421,1899
4237,3355,3634
4238,3637,3669
4239,3274,3496
4240,3274,3496
4241,3271,2992
4242,3271,2992
4243,3333,3217
4244,3333,3217
4245,3333,3217
4246,3274,3550
4247,3271,3580
4248,3648,3685
4249,3355,3692
4250,3214,3660
4251,3513,3671
4252,3596,3185
4253,3505,1037
4254,3514,3659
4255,3514,3659
4256,3434,3186
4257,3307,3642
4258,3591,3165
4259,3710,3137
4260,3648,3722
4261,3050,3547
4262,3050,3547
4263,3292,45
4264,3212,2831
4265,3212,46
4266,16,3549
4267,3449,3532
4268,3212,3090
4269,3357,3507
4270,3357,3507
4271,3470,3135
4272,3470,3438
4273,3710,3422
4274,3657,3698
4275,3657,3698
4276,3723,3157
4277,3723,3157
4278,3723,3157
4279,3526,3163
4280,3526,3163
4281,3526,3650
4282,3526,3167
4283,3723,3683
4284,3723,3683
4285,3505,3691
4286,3657,3199
4287,3657,3726
4288,3657,3726
4289,3653,3643
4290,3619,3166
4291,3526,3191
4292,3526,3191
4293,3526,3451
4294,3693,3149
4295,3693,3149
4296,3212,3049
4297,3212,3049
4298,3383,3578
4299,3598,3531
4300,17,3577
4301,18,3577
4302,19,3577
4303,3266,3579
4304,3266,3551
4305,3352,3347
4306,3212,2809
4307,3212,3039
4308,3212,3039
4309,3212,3039
4310,3274,3037
4311,2179,3012
4312,2179,3012
4313,3505,3450
4314,3514,2906
4315,3687,3705
4316,3687,3705
4317,3413,3098
4318,3413,3098
4319,3591,3727
4320,3591,3727
4321,3723,3701
4322,3637,3725
4323,3637,3725
4324,3637,3725
4325,2179,3382
4326,2179,3354
4327,3274,3095
4328,3275,2880
4329,2179,2859
4330,3212,3417
4331,3212,3553
4332,20,3481
4333,21,3481
4334,3266,1009
4335,3333,3402
4336,3266,3635
4337,3266,3635
4338,3266,3343
4339,3292,3329
4340,3292,3329
4341,3266,3627
4342,3514,3690
4343,3514,3690
4344,3723,1050
4345,3648,3684
4346,3596,1038
4347,1046,1047
4348,3723,1000
4349,3723,1051
4350,1049,1042
4351,3637,3461
4352,3266,3389
4353,3292,3554
4354,3212,3418
4355,3212,3418
4356,3212,3662
4357,3212,3548
4358,3357,2916
4359,3357,2916
4360,3212,3093
4361,3268,3533
4362,3268,3533
4363,3271,3552
4364,3271,3552
4365,3271,3552
4366,3271,3552
4367,3271,3552
4368,3514,3639
4369,3158,3689
4370,3514,1062
4371,3514,1062
4372,3741,3441
4373,3591,3523
4374,3723,3469
4375,3723,3469
4376,3687,3757
4377,3687,3757
4378,3648,3488
4379,3723,3749
4380,3723,3749
4381,3710,3494
4382,3514,3758
4383,3514,3758
4384,3710,3476
4385,3657,3269
4386,3687,3213
4387,3693,3504
4388,3693,3504
4389,3693,3504
4390,3723,3524
4391,3604,3728
4392,3710,3738
4393,3485,3453
4394,3710,3544
4395,1045,1070
4396,3657,3743
4397,3657,3546
4398,3526,3246
4399,3526,3190
4400,3485,1988
4401,3485,1988
4402,3693,3540
4403,3693,3540
4404,3723,3745
4405,3723,3745
4406,3723,3745
4407,3723,3745
4408,3687,3776
4409,3687,3776
4410,1045,1024
4411,3653,3223
4412,3648,3761
4413,3720,3293
4414,3723,3279
4415,22,3759
4416,3688,3782
4417,3688,3777
4418,3688,3777
4419,3529,3793
4420,3529,3793
4421,3688,3774
4422,3688,3774
4423,3724,3613
4424,3724,3613
4425,3724,3613
4426,3670,3518
4427,3724,3780
4428,3724,3780
4429,3724,3781
4430,3724,3561
4431,3724,3561
4432,3724,3561
4433,2980,3294
4434,3693,1012
4435,3693,3305
4436,3724,3530
4437,3693,3311
4438,3693,3311
4439,3292,3794
4440,3529,3787
4441,3693,3542
4442,3693,3542
4443,3693,3542
4444,3693,3542
4445,3470,3567
4446,3693,3289
4447,3693,3289
4448,3693,3289
4449,3748,3566
4450,3724,3497
4451,3724,3539
4452,3724,3766
4453,3688,3607
4454,3693,3264
4455,3693,3263
4456,3693,3263
4457,3708,1075
4458,3724,3797
4459,3748,3585
4460,3724,3615
4461,3719,3325
4462,3767,3811
4463,3724,3394
4464,3724,3394
4465,3791,3795
4466,1074,1058
4467,1060,1035
4468,2971,3574
4469,3741,3820
4470,3708,1003
4471,3772,3821
4472,3770,3834
4473,3653,3828
4474,3526,3796
4475,3526,3796
4476,3526,3796
4477,3756,1076
4478,3805,3395
4479,1074,3813
4480,3714,3810
4481,3714,3810
4482,3816,3857
4483,3855,3332
4484,3855,3332
4485,3816,3597
4486,3816,3597
4487,3816,3597
4488,3748,3817
4489,3816,3633
4490,3816,3610
4491,3748,3843
4492,3434,3842
4493,3292,3636
4494,3855,3611
4495,3855,3611
4496,3772,3641
4497,3772,3641
4498,3816,3658
4499,3748,3831
4500,3770,3617
4501,3770,3617
4502,3505,993
4503,3855,3644
4504,3748,3420
4505,3748,3420
4506,3855,3845
4507,3855,3845
4508,1074,1057
4509,1061,1029
4510,1061,1029
4511,3775,1084
4512,1061,1080
4513,3838,1044
4514,3748,3844
4515,3816,3686
4516,3714,3564
4517,3653,3830
4518,23,3833
4519,3786,3823
4520,3786,3832
4521,3786,3832
4522,3765,3822
4523,3855,3437
4524,3748,3387
4525,3748,3387
4526,3772,3695
4527,3816,3856
4528,3816,3856
4529,3772,3652
4530,1059,1079
4531,3855,3869
4532,3526,3849
4533,3526,3798
4534,3526,3798
4535,3786,3618
4536,3003,3862
4537,3003,3862
4538,3846,1085
4539,3800,3867
4540,3871,3443
4541,3871,3443
4542,3855,3440
4543,3748,3656
4544,3871,3664
4545,3855,3712
4546,3855,3712
4547,3855,3712
4548,3855,3682
4549,3855,3682
4550,3772,3890
4551,3871,3683
4552,3871,3683
4553,3871,3683
4554,3816,3851
4555,3913,3698
4556,3913,3698
4557,3913,3698
4558,3913,3698
4559,3800,3726
4560,3434,3881
4561,3786,3850
4562,3772,3888
4563,1078,1034
4564,3748,3701
4565,3688,3643
4566,3855,3884
4567,3855,3884
4568,3826,1077
4569,3826,1077
4570,3748,3885
4571,3816,3872
4572,3775,3705
4573,3739,3927
4574,3846,3915
4575,3871,3727
4576,3871,3727
4577,3871,3727
4578,3816,3898
4579,3800,3889
4580,3800,3889
4581,3855,3746
4582,3772,3729
4583,3800,3880
4584,3838,3753
4585,3838,3753
4586,1060,1048
4587,1060,1048
4588,3826,1081
4589,3775,3902
4590,3470,3878
4591,3756,3911
4592,3756,3911
4593,3756,3911
4594,3800,3883
4595,3846,3910
4596,3839,3933
4597,3839,3933
4598,3756,3937
4599,3756,3937
4600,2993,3752
4601,3775,3916
4602,3800,3877
4603,3816,3510
4604,3800,3424
4605,3786,3427
4606,3786,3427
4607,3786,3427
4608,3767,3848
4609,3748,3925
4610,3748,3925
4611,3748,3925
4612,3748,3925
4613,3748,3516
4614,3748,3469
4615,3786,3462
4616,3786,3462
4617,3786,3462
4618,3770,3486
4619,3786,3674
4620,1074,1082
4621,3846,3762
4622,3846,3762
4623,3816,3749
4624,3748,3742
4625,3748,3742
4626,3748,3742
4627,3816,3919
4628,3816,3919
4629,3816,3919
4630,3800,3509
4631,3791,3429
4632,3791,3429
4633,3846,3943
4634,3846,3943
4635,3846,3943
4636,3846,3943
4637,3847,3758
4638,3855,1093
4639,3526,3675
4640,3772,3930
4641,3846,3504
4642,3772,3737
4643,3772,3508
4644,1060,1086
4645,3826,3907
4646,3826,3907
4647,3775,3970
4648,3846,3751
4649,3846,3751
4650,3612,3728
4651,3724,3918
4652,3791,3665
4653,3853,1094
4654,3847,3935
4655,3847,3935
4656,3847,3935
4657,3612,3914
4658,3724,3929
4659,3756,3744
4660,3724,3897
4661,3770,3950
4662,3770,3950
4663,3770,3950
4664,3770,3713
4665,3724,1071
4666,3917,3747
4667,3775,1098
4668,3786,3501
4669,3724,3942
4670,3724,3942
4671,3724,3942
4672,3724,3942
4673,3724,3954
4674,3724,3764
4675,3724,3940
4676,3724,3940
4677,3724,3938
4678,3371,1073
4679,3775,1100
4680,3775,1099
4681,3847,1101
4682,3724,3924
4683,3724,3924
4684,3724,3924
4685,3724,3924
4686,3724,3924
4687,3724,3924
4688,3724,3961
4689,3724,3926
4690,3724,3778
4691,3720,3900
4692,3724,3953
4693,3724,3953
4694,3724,3613
4695,3724,3613
4696,3724,3613
4697,3724,3960
4698,3724,3960
4699,3775,3966
4700,3775,3966
4701,3724,3763
4702,3786,3678
4703,3786,3678
4704,3786,3678
4705,3786,3678
4706,3775,4021
4707,3724,3941
4708,3724,3941
4709,3724,3941
4710,3724,3941
4711,3786,3783
4712,3786,3783
4713,3724,3909
4714,3770,3769
4715,3770,3769
4716,3775,3265
4717,3775,3305
4718,3853,3782
4719,3724,3784
4720,3724,3567
4721,3756,1102
4722,3775,3311
4723,3724,3779
4724,3724,4018
4725,3612,3773
4726,3612,3975
4727,3748,3972
4728,3917,3603
4729,3917,3599
4730,3748,3802
4731,3512,3978
4732,3775,3264
4733,3748,3801
4734,3612,4026
4735,3748,4022
4736,3748,3967
4737,3748,3967
4738,3772,3979
4739,3653,3947
4740,3653,3947
4741,3653,3709
4742,24,4009
4743,3619,3998
4744,3859,3582
4745,3847,4001
4746,3847,4001
4747,3748,3980
4748,3748,3980
4749,3772,4036
4750,3770,3986
4751,3739,3999
4752,3908,1072
4753,3514,4011
4754,3514,3952
4755,3775,3313
4756,3772,4027
4757,3859,3899
4758,3514,3795
4759,3514,3795
4760,3826,3754
4761,3826,3754
4762,3826,3754
4763,3816,4002
4764,3775,4032
4765,3786,3824
4766,3786,3818
4767,3772,3995
4768,3772,4066
4769,3816,4050
4770,3612,4006
4771,3917,3809
4772,3612,4028
4773,3991,3804
4774,3887,3395
4775,3706,1103
4776,3775,4031
4777,3992,4044
4778,3653,3796
4779,3653,3796
4780,3770,4012
4781,3991,3362
4782,3775,4072
4783,3992,4043
4784,3887,3410
4785,3887,4037
4786,3959,4013
4787,3959,3633
4788,3653,3810
4789,3653,3810
4790,3887,4106
4791,3887,4106
4792,3887,4108
4793,3931,3521
4794,3931,3521
4795,3931,3520
4796,3775,3842
4797,3816,4094
4798,3816,4094
4799,3816,4094
4800,3612,4092
4801,3612,4092
4802,3612,4092
4803,3991,4095
4804,3612,4038
4805,3991,3844
4806,3917,4107
4807,3917,4107
4808,3859,3799
4809,3917,3686
4810,3991,4105
4811,3991,3865
4812,3775,4091
4813,3992,4005
4814,3992,4005
4815,3786,3840
4816,3859,3951
4817,3786,3803
4818,3786,3803
4819,3894,3823
4820,3894,4101
4821,3826,4029
4822,3826,4029
4823,3724,3645
4824,3724,3645
4825,3959,4096
4826,3887,3652
4827,3887,3652
4828,3991,4076
4829,3770,3564
4830,3887,3870
4831,3992,4085
4832,3846,4156
4833,3887,4172
4834,3991,4159
4835,3612,3661
4836,3886,3854
4837,3785,3858
4838,3959,4121
4839,3917,4047
4840,3826,4152
4841,3826,4152
4842,3908,4151
4843,3816,4176
4844,3724,4090
4845,3991,3683
4846,3991,3683
4847,3992,4123
4848,3371,3704
4849,3371,3704
4850,3894,3677
4851,3983,3813
4852,3908,1043
4853,3739,3699
4854,3903,4154
4855,4147,4143
4856,4147,4143
4857,4147,4143
4858,4147,4143
4859,4139,4212
4860,4139,4212
4861,4139,4212
4862,4139,4212
4863,4139,4212
4864,4139,4212
4865,4213,4142
4866,4147,4140
4867,4147,4140
4868,4147,4140
4869,3775,4067
4870,3590,3849
4871,3992,4194
4872,4214,4149
4873,4214,4149
4874,4214,4149
4875,3991,4193
4876,3992,3697
4877,3371,4186
4878,4115,4190
4879,4139,4204
4880,4017,4195
4881,4135,3933
4882,4135,3933
4883,4135,3933
4884,4115,3911
4885,4115,3873
4886,4203,4206
4887,4148,4146
4888,4148,4146
4889,4148,4146
4890,4148,4146
4891,4148,4146
4892,4135,4197
4893,4214,4145
4894,4214,4145
4895,4214,4145
4896,4214,4145
4897,4115,4168
4898,4115,4168
4899,4115,4168
4900,4115,4160
4901,3882,3868
4902,4147,4144
4903,4147,4144
4904,4147,4144
4905,4138,4211
4906,4138,4211
4907,4138,4211
4908,3992,4183
4909,4189,4202
4910,3470,47
4911,4124,3971
4912,4124,3965
4913,4124,3965
4914,4115,3932
4915,4115,3932
4916,3786,48
4917,4003,4278
4918,4003,4278
4919,3882,3895
4920,3992,3942
4921,3786,4201
4922,4189,3503
4923,3816,4220
4924,3748,3743
4925,3981,4349
4926,4003,3940
4927,4003,3940
4928,4219,1032
4929,1106,1110
4930,3748,4348
4931,3748,1120
4932,4119,3897
4933,4119,3897
4934,3859,3945
4935,3748,4177
4936,3748,3961
4937,3748,3961
4938,3748,4378
4939,3846,3776
4940,4119,3953
4941,4135,3286
4942,4135,3286
4943,3846,3977
4944,3846,3977
4945,3846,4021
4946,3846,4021
4947,4135,4041
4948,3748,3941
4949,3748,3941
4950,3748,3941
4951,3846,3782
4952,3846,3782
4953,3846,3782
4954,3355,4284
4955,3355,4284
4956,3355,4284
4957,3355,4284
4958,3355,4284
4959,3514,4344
4960,3514,4344
4961,4010,3946
4962,3846,4389
4963,4135,4377
4964,4135,4377
4965,3730,3947
4966,3846,4382
4967,3846,4382
4968,3846,4382
4969,3846,4382
4970,3816,1115
4971,4376,4370
4972,4189,4016
4973,4189,4016
4974,4219,1109
4975,4209,3934
4976,4209,3934
4977,3730,3904
4978,3770,3792
4979,3770,3794
4980,3770,3794
4981,3770,3794
4982,3992,4287
4983,4294,4316
4984,4294,4316
4985,4189,4069
4986,4376,4416
4987,4376,4416
4988,4294,4408
4989,4294,4408
4990,4294,4068
4991,4189,4001
4992,4189,4253
4993,3958,3974
4994,4209,4027
4995,3958,3955
4996,3957,3600
4997,3957,3600
4998,3957,3600
4999,3958,3974
5000,3992,4319
5001,3859,4292
5002,3859,4292
5003,4209,4065
5004,4315,3314
5005,4135,3964
5006,25,3824
5007,4226,4056
5008,4226,4118
5009,4226,4118
5010,3894,3755
5011,4226,4082
5012,3992,4404
5013,26,3796
5014,4209,4019
5015,4379,3995
5016,4219,1105
5017,3983,1112
5018,4350,1104
5019,4350,1104
5020,4226,4040
5021,3786,3987
5022,27,3559
5023,28,3559
5024,4209,4407
5025,4294,4110
5026,3958,1119
5027,4226,4388
5028,4226,4388
5029,4226,4442
5030,4226,4447
5031,1106,1121
5032,3991,4102
5033,4322,4077
5034,3775,3996
5035,3775,3996
5036,4226,4114
5037,4226,4114
5038,4003,4436
5039,3816,3630
5040,3991,4406
5041,4226,4131
5042,4226,4131
5043,4386,4446
5044,3355,4375
5045,3355,4375
5046,3355,4375
5047,3355,4375
5048,3991,4092
5049,4294,4055
5050,4322,3852
5051,4322,3852
5052,3355,4414
5053,3355,4414
5054,4048,4444
5055,4003,4109
5056,4294,4097
5057,4322,4452
5058,4322,3696
5059,4209,4451
5060,4209,4096
5061,1095,4151
5062,1095,4151
5063,4410,1041
5064,4322,3856
5065,4294,4417
5066,3770,4433
5067,4226,4443
5068,4003,4460
5069,4219,1111
5070,4226,4456
5071,4226,4453
5072,4410,3814
5073,3894,3997
5074,4122,4484
5075,4122,4484
5076,1123,1124
5077,4376,4477
5078,4236,4457
5079,29,4420
5080,4324,4483
5081,4226,4509
5082,4226,4421
5083,4226,4421
5084,4226,3705
5085,30,4080
5086,1125,1107
5087,4219,4466
5088,4219,4466
5089,4003,4487
5090,4003,4487
5091,4369,4538
5092,4350,4508
5093,31,4256
5094,4455,4196
5095,4386,3873
5096,4369,4511
5097,4455,3933
5098,4386,3937
5099,4209,4529
5100,4209,4144
5101,4213,4206
5102,32,3486
5103,4455,4434
5104,4455,4434
5105,4214,4145
5106,4214,4145
5107,4214,4145
5108,4279,4061
5109,4279,4061
5110,4203,4207
5111,4203,4207
5112,4455,4223
5113,4279,3428
5114,4455,3944
5115,4214,4507
5116,4203,3728
5117,4203,3728
5118,4203,3728
5119,4213,4149
5120,4213,4149
5121,4213,4149
5122,3859,4520
5123,4423,4217
5124,4003,4212
5125,4455,3254
5126,4455,3254
5127,4455,4537
5128,4455,4537
5129,4317,4470
5130,4139,4528
5131,4139,4528
5132,4139,4528
5133,4139,4528
5134,4139,4528
5135,4139,4528
5136,4122,4523
5137,4139,4205
5138,4424,3973
5139,4424,3973
5140,4424,3973
5141,4424,3973
5142,4122,4218
5143,4423,4216
5144,4455,3970
5145,4455,3751
5146,4455,3751
5147,4139,4546
5148,4139,4546
5149,4455,3936
5150,4390,4182
5151,4139,4547
5152,4139,4547
5153,4455,4596
5154,4455,4596
5155,4424,4601
5156,4424,4601
5157,4455,4168
5158,4424,4502
5159,4424,4502
5160,4424,4502
5161,4139,4177
5162,4386,4249
5163,4386,4249
5164,4424,4572
5165,4138,3940
5166,4139,4273
5167,4410,1083
5168,4350,1127
5169,4492,3478
5170,4424,4574
5171,4139,4552
5172,4139,4552
5173,4213,4549
5174,1123,1108
5175,4467,4235
5176,4139,3879
5177,4424,3750
5178,3594,3920
5179,3594,3920
5180,3594,3920
5181,3594,3920
5182,4138,4380
5183,4138,4380
5184,4139,3961
5185,4139,3961
5186,3594,4215
5187,3594,4215
5188,4283,4512
5189,4424,4653
5190,4424,4653
5191,4139,4557
5192,4214,3949
5193,4139,4527
5194,4424,3265
5195,4424,3265
5196,4323,3985
5197,4424,4383
5198,4139,4321
5199,4346,4649
5200,4283,4597
5201,4424,4654
5202,4479,1126
5203,4424,4030
5204,4424,4030
5205,4467,4568
5206,4214,4580
5207,4139,4567
5208,4139,4531
5209,4424,4592
5210,4283,4371
5211,4283,4593
5212,4283,3771
5213,4139,4284
5214,4139,4284
5215,4283,4591
5216,4468,4382
5217,4283,4510
5218,3583,1109
5219,4139,4625
5220,4139,4625
5221,4139,4629
5222,4139,4665
5223,4139,4566
5224,4283,4647
5225,4283,4647
5226,4283,4647
5227,3594,4513
5228,4139,4612
5229,4139,4612
5230,4139,4612
5231,4214,4626
5232,4139,4627
5233,4139,4627
5234,4139,4627
5235,4283,4718
5236,4283,4718
5237,4283,4718
5238,4369,3313
5239,4283,4706
5240,4139,4628
5241,4139,4628
5242,4139,4628
5243,4139,4628
5244,4139,4628
5245,4139,4628
5246,4139,4628
5247,33,3963
5248,3594,4646
5249,3594,4646
5250,4139,4603
5251,4584,4644
5252,4283,4422
5253,4283,4422
5254,4283,4422
5255,4283,4648
5256,4283,4648
5257,4283,4648
5258,4139,4407
5259,4283,4732
5260,4283,4732
5261,4283,4721
5262,4283,4721
5263,3371,4620
5264,4139,4578
5265,4139,4578
5266,4139,4578
5267,4560,4656
5268,4283,4678
5269,4560,4679
5270,4560,4679
5271,4455,4746
5272,4455,4746
5273,3371,4587
5274,3371,4587
5275,3371,4587
5276,4455,4680
5277,4455,4388
5278,4283,4110
5279,4455,4667
5280,4455,4659
5281,4455,4659
5282,4283,4447
5283,4203,4685
5284,4139,4429
5285,3612,1128
5286,4455,4745
5287,4203,4108
5288,4283,4114
5289,4283,4700
5290,4139,4684
5291,4139,4684
5292,4139,4684
5293,4139,4694
5294,4283,4446
5295,4283,4681
5296,4139,4092
5297,4139,4092
5298,4139,4095
5299,4139,4095
5300,4139,4686
5301,4139,4686
5302,4283,4437
5303,4283,4437
5304,4283,4403
5305,4283,4403
5306,4214,4698
5307,4283,4448
5308,4283,4448
5309,4203,4688
5310,4203,4688
5311,4283,4418
5312,4283,4418
5313,4283,4111
5314,4283,4111
5315,4491,4076
5316,4283,2857
5317,4555,4005
5318,4283,4438
5319,4283,4113
5320,4556,4146
5321,4556,4146
5322,4556,4144
5323,4556,4529
5324,4556,4529
5325,4556,4529
5326,4491,4763
5327,4491,4763
5328,4491,4763
5329,4555,4206
5330,4555,4206
5331,4555,4206
5332,4555,4525
5333,4491,4806
5334,4556,4802
5335,4556,4802
5336,4540,4807
5337,4491,4813
5338,4556,4498
5339,4209,4483
5340,4555,4207
5341,4556,4553
5342,4556,4553
5343,4556,4549
5344,4555,4544
5345,4491,4863
5346,4548,4145
5347,4548,4145
5348,3775,4864
5349,3775,4864
5350,4556,4846
5351,4873,4391
5352,4873,4638
5353,4209,4627
5354,4873,4927
5355,4873,4927
5356,4707,4624
5357,4675,4032
5358,4209,4931
5359,4548,4861
5360,4548,4861
5361,4873,4925
5362,4873,4925
5363,4873,4610
5364,4873,4610
5365,4873,4405
5366,4845,4710
5367,4556,4918
5368,4873,4687
5369,4491,4857
5370,4707,49
5371,4873,4937
5372,4556,4924
5373,4491,4890
5374,4609,4677
5375,4856,1131
5376,4905,4940
5377,4905,4698
5378,4609,4956
5379,4905,4688
5380,4856,1132
5381,4905,4432
5382,4856,4958
5383,4856,1133
5384,4872,4748
5385,4845,5024
5386,4479,4761
5387,4588,4928
5388,4873,4005
5389,4872,5015
5390,4872,5015
5391,4859,4957
5392,4859,4957
5393,4859,4957
5394,4859,4957
5395,4887,4970
5396,4867,4960
5397,4859,5053
5398,4887,5003
5399,4859,4144
5400,4872,5060
5401,4859,4179
5402,4886,4810
5403,4859,4802
5404,4859,4802
5405,4859,4802
5406,4886,5040
5407,4887,1134
5408,4887,4828
5409,4886,4212
5410,4859,5064
5411,4584,5017
5412,4867,4142
5413,4873,5059
5414,4479,4347
5415,4479,4347
5416,4856,1135
5417,4887,5099
5418,4954,5101
5419,4571,5026
5420,4571,5026
5421,4888,4321
5422,4954,5100
5423,4954,4879
5424,4954,4879
5425,4954,4528
5426,4954,5132
5427,4954,4896
5428,4859,5105
5429,4889,5149
5430,4954,5121
5431,4888,4575
5432,4954,4860
5433,4954,4860
5434,4888,5135
5435,4584,4841
5436,4736,4775
5437,4954,50
5438,4887,4687
5439,4584,4645
5440,5110,5213
5441,4888,1137
5442,5174,5168
5443,4954,5165
5444,5086,5069
5445,4752,4395
5446,4889,5236
5447,5120,5229
5448,5174,5187
5449,4889,5254
5450,4955,4456
5451,5167,4760
5452,5086,4928
5453,5167,5180
5454,4888,5245
5455,4954,5258
5456,5110,5015
5457,4859,4949
5458,4955,5237
5459,4955,5237
5460,5061,4530
5461,5174,5274
5462,4905,4960
5463,4888,5234
5464,4905,5024
5465,5218,4762
5466,4955,5067
5467,5110,5297
5468,5110,5301
5469,4887,5266
5470,4955,5279
5471,4955,5279
5472,4888,5310
5473,4902,5313
5474,5218,5285
5475,5218,5249
5476,4887,5046
5477,4903,4776
5478,5061,5275
5479,5218,4586
5480,5218,4586
5481,5273,5016
5482,4479,5018
5483,5243,5099
5484,5110,4527
5485,5218,4235
5486,4917,4993
5487,4917,4993
5488,5228,5330
5489,5273,4974
5490,5273,4466
5491,5233,5325
5492,5233,5335
5493,5233,5334
5494,5233,5321
5495,5233,5321
5496,5233,5106
5497,5110,5100
5498,5228,5111
5499,5228,5331
5500,5228,5331
5501,5228,5331
5502,5309,5132
5503,5218,4569
5504,5233,4862
5505,5309,4896
5506,5233,5324
5507,5233,5324
5508,5233,1130
5509,5233,4558
5510,4954,5134
5511,4954,5134
5512,4954,5134
5513,5243,4576
5514,4954,5107
5515,5228,5341
5516,5228,5329
5517,5228,5329
5518,5228,5329
5519,5228,5329
5520,5228,5329
5521,5228,5329
5522,5233,5118
5523,5233,5118
5524,5233,5118
5525,5273,5076
5526,5218,5062
5527,5309,5213
5528,5233,5148
5529,5233,5148
5530,5233,5148
5531,5182,5217
5532,5273,4929
5533,5243,5347
5534,4868,5226
5535,5087,5179
5536,5233,5147
5537,5273,4761
5538,5273,5178
5539,5242,5224
5540,5242,4453
5541,5232,4409
5542,5182,5037
5543,5184,5011
5544,5300,5041
5545,5232,5042
5546,5232,4731
5547,5233,5375
5548,5232,5357
5549,5130,5277
5550,5120,5015
5551,5233,4960
5552,5233,4960
5553,5110,51
5554,4868,5303
5555,5243,5055
5556,5273,5414
5557,5273,5019
5558,5242,4421
5559,5110,5292
5560,5300,5071
5561,5184,5307
5562,5184,5307
5563,5184,5308
5564,5233,5266
5565,5233,4959
5566,5233,4959
5567,5130,5312
5568,5130,5312
5569,5130,5312
5570,5349,5046
5571,5233,5047
5572,5349,5291
5573,5349,5291
5574,5349,5291
5575,5273,5031
5576,5228,5380
5577,5349,4800
5578,5349,5364
5579,5228,5379
5580,5228,5379
5581,5273,52
5582,5415,5275
5583,5233,5383
5584,5233,5394
5585,5233,5394
5586,5233,53
5587,5273,4851
5588,5232,5319
5589,5386,4852
5590,5273,4563
5591,5366,4840
5592,4283,5407
5593,5395,5427
5594,5395,5427
5595,5395,5427
5596,5395,5427
5597,4283,5412
5598,4283,5412
5599,5300,5429
5600,5367,4587
5601,4283,5416
5602,5395,5213
5603,5395,5213
5604,5300,5235
5605,5377,5202
5606,5372,4395
5607,5300,5253
5608,5300,5253
5609,5300,5236
5610,5300,5236
5611,5232,5226
5612,34,5179
5613,5367,5063
5614,5218,5247
5615,5366,5180
5616,35,5237
5617,5300,5446
5618,4283,5434
5619,5300,5308
5620,36,5313
5621,5367,5285
5622,5359,1142
5623,5359,1144
5624,5396,1145
5625,5441,5404
5626,5441,1148
5627,5441,5417
5628,5441,5417
5629,5441,5427
5630,5441,5427
5631,5441,5427
5632,5441,5427
5633,5438,5426
5634,5440,5166
5635,5441,5501
5636,5441,5230
5637,1147,1153
5638,1147,1153
5639,5467,5511
5640,5438,5500
5641,5440,1150
5642,5467,1154
5643,5441,5519
5644,5437,5520
5645,5440,5245
5646,4955,5527
5647,5499,1144
5648,5499,1158
5649,5499,5552
5650,5508,1138
5651,5499,1160
5652,5499,1160
5653,5499,1160
5654,5458,5562
5655,5518,5469
5656,5518,5469
5657,5518,5469
5658,5518,5469
5659,5472,1159
5660,1151,5321
5661,1151,5321
5662,5499,1143
5663,5441,1163
5664,5441,5528
5665,5499,5476
5666,5536,1166
5667,5499,1164
5668,5551,5213
5669,5518,5424
5670,5518,5505
5671,5518,1168
5672,5518,1168
5673,5518,1168
5674,5518,1168
5675,5578,5425
5676,5499,5423
5677,5499,5423
5678,5518,1149
5679,5522,5510
5680,5522,5510
5681,5551,1141
5682,5499,5512
5683,5536,1140
5684,1146,1156
5685,5522,1139
5686,5499,5530
5687,5499,5530
5688,5499,5530
5689,5499,5595
5690,5499,5595
5691,5499,5595
5692,5518,5515
5693,5508,1174
5694,5499,1173
5695,5584,5598
5696,5584,1155
5697,5518,5547
5698,5518,5547
5699,5583,1152
5700,5583,5457
5701,5518,1175
5702,5518,5552
5703,5580,5564
5704,5580,5564
5705,1162,5617
5706,5522,5392
5707,5522,5533
5708,5580,1157
5709,5536,5566
5710,5583,5559
5711,5583,5559
5712,5583,5559
5713,5602,5622
5714,5602,5622
5715,5583,5476
5716,5580,1165
5717,5583,5329
5718,5583,5329
5719,5583,5329
5720,5583,5329
5721,5583,5329
5722,5536,5427
5723,5518,1181
5724,5583,5493
5725,5580,5424
5726,5583,5483
5727,5583,5483
5728,5583,5483
5729,5568,5588
5730,5518,1183
5731,5508,5507
5732,5583,5498
5733,5583,5346
5734,5580,5521
5735,5593,1182
5736,5583,5628
5737,5583,1184
5738,5583,1184
5739,5583,1184
5740,5583,1184
5741,5583,5500
5742,5583,5500
5743,5583,1185
5744,5580,5632
5745,5580,5595
5746,5593,5515
5747,5593,5515
5748,1179,1188
5749,5592,5511
5750,5499,5594
5751,5597,1177
5752,5580,5596
5753,5597,5527
5754,5597,5527
5755,5597,1170
5756,5597,5547
5757,5583,1196
5758,5592,1172
5759,5592,1142
5760,5592,1169
5761,5499,5603
5762,5499,5603
5763,5592,5635
5764,5592,5635
5765,5583,5639
5766,5583,5639
5767,5583,5639
5768,5583,5639
5769,5583,5639
5770,5583,5447
5771,5568,5548
5772,5592,1190
5773,5567,1197
5774,5580,5529
5775,5580,5529
5776,5580,5529
5777,5583,1180
5778,5508,5638
5779,5508,5519
5780,5508,5519
5781,5508,5519
5782,5592,1144
5783,5592,1144
5784,1193,5560
5785,5536,5640
5786,5499,5564
5787,5593,5643
5788,5593,5643
5789,5593,5643
5790,1179,1207
5791,1179,1207
5792,5458,5642
5793,5607,1205
5794,5607,1205
5795,5592,5645
5796,1167,1209
5797,1179,1201
5798,5631,5622
5799,5629,1198
5800,5580,1204
5801,5630,5559
5802,1167,1220
5803,1167,1213
5804,1167,1213
5805,5631,1212
5806,1167,1202
5807,1167,1211
5808,1167,1211
5809,5636,5646
5810,5636,5646
5811,1179,1224
5812,1167,1210
5813,5636,1161
5814,1178,1216
5815,5607,1218
5816,1167,1219
5817,1167,1222
5818,1167,1222
5819,1167,1227
5820,5631,1230
5821,1167,1217
5822,1167,1217
5823,1167,1217
5824,1167,1217
5825,5607,1226
5826,5607,1226
5827,5607,1226
5828,5592,5623
5829,1167,1215
5830,1167,1228
5831,1167,1228
5832,1167,1221
5833,5631,5660
5834,5631,5660
5835,5630,5650
5836,5630,5650
5837,1167,1206
5838,1167,1206
5839,1167,1206
5840,5607,5318
5841,5631,5653
5842,5592,5424
5843,5592,5424
5844,5592,5424
5845,5592,5424
5846,5592,5424
5847,5630,5586
5848,1167,1214
5849,1167,1214
5850,1167,1234
5851,1167,1234
5852,1229,1171
5853,5630,5663
5854,5631,5585
5855,5631,5585
5856,5631,5528
5857,1167,1238
5858,1167,1238
5859,5629,5657
5860,1229,1233
5861,1186,1237
5862,5631,5521
5863,5631,5662
5864,1191,1187
5865,5630,5651
5866,5636,5666
5867,1186,1232
5868,1186,1232
5869,1186,1232
5870,1186,1232
5871,5655,5668
5872,5592,5632
5873,5636,5595
5874,5636,5595
5875,1186,1188
5876,1186,1188
5877,1186,1188
5878,1167,5604
5879,1186,1176
5880,5592,5669
5881,5649,5596
5882,1236,1194
5883,5655,5598
5884,1186,1195
5885,1167,5611
5886,5649,1235
5887,1225,1240
5888,1225,1240
5889,5655,5527
5890,5631,5633
5891,5655,5677
5892,1186,1199
5893,1186,1199
5894,5649,5639
5895,5655,5679
5896,5631,5673
5897,5631,5673
5898,5631,5673
5899,1186,1189
5900,5592,5674
5901,5592,5641
5902,5655,5552
5903,5630,5638
5904,1186,1241
5905,1186,1241
5906,1186,1241
5907,5655,5618
5908,5655,5618
5909,1191,1245
5910,5655,5685
5911,5655,5685
5912,5592,5469
5913,1191,1242
5914,5592,5659
5915,5631,5643
5916,5631,5643
5917,5631,5643
5918,5631,5643
5919,1239,1208
5920,1239,1207
5921,1236,1243
5922,5655,5675
5923,5592,5682
5924,5592,5682
5925,1223,1247
5926,1200,1246
5927,5649,5644
5928,1236,1244
5929,5655,5687
5930,5655,5687
5931,1192,1220
5932,1231,1203
5933,5592,5692
5934,5655,5686
5935,5629,5646
5936,5649,5647
5937,5630,5696
5938,5649,5623
5939,5649,5623
5940,5655,5706
5941,5631,5702
5942,5655,5652
5943,5655,5700
5944,5671,5648
5945,5671,5648
5946,5630,54
5947,5630,55
5948,5630,56
5949,5630,57
5950,5630,58
5951,5630,5709
5952,5672,5711
5953,5630,5719
5954,5634,5713
5955,5671,5627
5956,5671,5627
5957,5671,5627
5958,5671,5720
5959,5671,5720
5960,5671,5720
5961,5671,5427
5962,5671,5427
5963,5690,5703
5964,5671,5727
5965,5671,5727
5966,5629,5669
5967,5681,5725
5968,5681,5725
5969,5667,5661
5970,5671,5728
5971,5681,5639
5972,5634,5733
5973,5629,5673
5974,5629,5673
5975,5681,5529
5976,5681,5529
5977,5690,5680
5978,5684,5552
5979,5684,5552
5980,5689,5732
5981,5689,5732
5982,5689,5732
5983,5689,5732
5984,5671,5730
5985,5667,5736
5986,5671,5739
5987,5667,5740
5988,5667,5740
5989,5671,5735
5990,5671,5735
5991,5629,5747
5992,5629,5747
5993,5671,5737
5994,5630,5724
5995,5667,5688
5996,5681,5691
5997,5689,5745
5998,5689,5745
5999,5689,5738
6000,5681,5743
6001,5681,5746
6002,5629,5682
6003,5667,5741
6004,5671,5693
6005,5671,5693
6006,5671,5693
6007,5671,5693
6008,5671,5693
6009,5671,5693
6010,5671,5693
6011,5671,5755
6012,5681,5761
6013,5681,5761
6014,5717,5744
6015,5717,5752
6016,5689,5754
6017,5689,5754
6018,5689,5754
6019,5689,5754
6020,5689,5754
6021,5689,5768
6022,5689,5768
6023,5584,5637
6024,5584,5637
6025,5717,5656
6026,5584,5781
6027,5667,5759
6028,5584,5772
6029,5584,5760
6030,5584,5760
6031,5717,5774
6032,5689,5658
6033,5689,5778
6034,5689,5778
6035,5689,5778
6036,5689,5756
6037,5667,5776
6038,5584,5702
6039,5584,5702
6040,5710,5700
6041,5584,5749
6042,5584,5758
6043,5584,5758
6044,5667,5757
6045,5667,5757
6046,5689,5707
6047,5689,5707
6048,5689,5775
6049,5689,5775
6050,5689,5775
6051,5655,5751
6052,5715,5762
6053,5690,5766
6054,5715,5788
6055,5715,5788
6056,5690,5704
6057,5690,5704
6058,5689,5805
6059,5584,5782
6060,5584,5782
6061,5584,5782
6062,5717,5780
6063,5750,5763
6064,5750,5763
6065,5750,5763
6066,5750,5648
6067,5584,5716
6068,5584,5716
6069,5717,5785
6070,5584,5708
6071,5584,5708
6072,5710,5799
6073,5710,59
6074,5584,5792
6075,5671,5665
6076,5701,5790
6077,5701,5790
6078,5671,5828
6079,5671,5828
6080,5584,5800
6081,5701,5793
6082,5731,5808
6083,5731,5808
6084,5584,5628
6085,5584,5813
6086,5717,5836
6087,5584,5666
6088,5584,5666
6089,5717,5627
6090,5734,5802
6091,5734,5802
6092,5731,5794
6093,5731,5794
6094,5731,5794
6095,5731,5794
6096,5731,5794
6097,5701,5804
6098,5689,60
6099,5717,5624
6100,5717,5624
6101,5717,5624
6102,5584,5427
6103,5584,5427
6104,5750,5721
6105,5750,5721
6106,5750,5721
6107,5710,5718
6108,5710,5718
6109,5710,5718
6110,5710,5718
6111,5710,5718
6112,5710,5718
6113,5710,5718
6114,5584,5833
6115,5671,5834
6116,5671,5834
6117,5671,5834
6118,5701,5791
6119,5701,5791
6120,5690,5594
6121,5750,5661
6122,5722,5814
6123,5722,5814
6124,5722,5814
6125,5722,5814
6126,5705,5803
6127,5729,5807
6128,5729,5807
6129,5729,5807
6130,5729,5807
6131,5729,5807
6132,5722,5784
6133,5701,5811
6134,5722,5831
6135,5750,5632
6136,5750,5632
6137,5689,5820
6138,5689,5820
6139,5689,5820
6140,5690,5728
6141,5690,5728
6142,5690,5728
6143,5701,5826
6144,5701,5826
6145,5701,5826
6146,5701,5826
6147,5701,5826
6148,5701,5826
6149,5701,5826
6150,5684,5677
6151,5584,5676
6152,5584,5676
6153,5717,5712
6154,5717,5712
6155,5748,5819
6156,5748,5819
6157,5773,5797
6158,5731,5823
6159,5750,5670
6160,5750,5670
6161,5750,5670
6162,5690,5856
6163,5690,5639
6164,5689,5853
6165,5748,5825
6166,5748,5825
6167,5748,5825
6168,5722,5838
6169,5750,5626
6170,5729,5821
6171,5729,5821
6172,5729,5821
6173,5584,5866
6174,5584,5866
6175,5584,5866
6176,5584,5866
6177,5584,5866
6178,5748,5850
6179,5584,5862
6180,5584,5845
6181,5584,5730
6182,5584,5730
6183,5584,5730
6184,5722,5851
6185,5722,5851
6186,5722,5851
6187,5584,5865
6188,5584,5865
6189,5584,5865
6190,5584,5865
6191,5584,5865
6192,5584,5865
6193,5584,5865
6194,5748,5822
6195,5748,5822
6196,5701,5829
6197,5701,5829
6198,5796,5839
6199,5796,5839
6200,5796,5839
6201,5796,5839
6202,5584,5883
6203,5584,5883
6204,5584,5747
6205,5584,5747
6206,5584,5747
6207,5748,5806
6208,5748,5806
6209,5748,5806
6210,5701,5849
6211,5701,5849
6212,5701,5849
6213,5750,5737
6214,5722,5861
6215,5722,5861
6216,5722,5861
6217,5722,5861
6218,5731,5827
6219,5731,5827
6220,5731,5827
6221,5731,5827
6222,5731,5827
6223,5584,5723
6224,5584,5678
6225,5584,5678
6226,5584,5678
6227,37,5872
6228,5796,5818
6229,5796,5818
6230,5796,5818
6231,5796,5818
6232,5796,5818
6233,5796,5818
6234,5701,5832
6235,5701,5832
6236,5701,5832
6237,5731,5858
6238,5701,5830
6239,5701,5830
6240,5701,5830
6241,5701,5830
6242,5701,5830
6243,5748,5816
6244,5729,5857
6245,5690,5673
6246,5722,5817
6247,5722,5817
6248,5722,5817
6249,5722,5817
6250,5722,5817
6251,5584,5683
6252,5584,5683
6253,5796,5840
6254,5796,5840
6255,5796,5840
6256,5796,5840
6257,5748,5876
6258,5748,5876
6259,5690,5764
6260,5689,5741
6261,5689,5741
6262,5689,5741
6263,5689,5741
6264,5689,5741
6265,5689,5741
6266,5787,5742
6267,5787,5742
6268,5748,5864
6269,5748,5864
6270,5717,5755
6271,5717,5755
6272,5717,5755
6273,5717,5755
6274,5717,5755
6275,5717,5755
6276,5748,5824
6277,5796,5852
6278,5796,5852
6279,5748,5875
6280,5748,5875
6281,5796,5869
6282,5796,5869
6283,5796,5869
6284,5796,5869
6285,5796,5869
6286,5717,5896
6287,5705,5860
6288,5787,5698
6289,5787,5698
6290,5801,5646
6291,5801,5646
6292,5801,5646
6293,5842,5694
6294,5842,5694
6295,5842,5694
6296,5842,5694
6297,5771,5878
6298,5771,5878
6299,5771,5878
6300,5771,5878
6301,5771,5878
6302,5771,5878
6303,5690,5686
6304,5584,5752
6305,5748,5848
6306,5748,5848
6307,5748,5848
6308,5841,5623
6309,5841,5623
6310,5841,5623
6311,5841,5623
6312,5787,5697
6313,5787,5697
6314,5787,5697
6315,5787,5697
6316,5787,5697
6317,5841,5767
6318,5841,5767
6319,5841,5767
6320,5841,5699
6321,5841,5699
6322,5748,5867
6323,5796,5877
6324,5796,5877
6325,5796,5877
6326,5748,5879
6327,5701,5905
6328,5701,5870
6329,5842,5778
6330,5842,5778
6331,5842,5778
6332,5842,5778
6333,5842,5778
6334,5842,5778
6335,5796,5882
6336,5796,5882
6337,5729,5884
6338,5729,5884
6339,5842,5769
6340,5842,5769
6341,5842,5769
6342,5842,5769
6343,5796,5868
6344,5796,5868
6345,5796,5868
6346,5796,5868
6347,5842,5770
6348,5842,5770
6349,5722,5904
6350,5722,5904
6351,5722,5904
6352,5722,5904
6353,5722,5904
6354,5689,5783
6355,5842,5907
6356,5787,5902
6357,5787,5902
6358,5842,5775
6359,5842,5775
6360,5842,5917
6361,5731,5909
6362,5773,5906
6363,5773,5906
6364,5796,5920
6365,5796,5920
6366,5796,5920
6367,5796,5925
6368,5841,5704
6369,5667,5913
6370,5667,5893
6371,5777,5888
6372,5777,5888
6373,5777,5887
6374,5777,5887
6375,5765,5892
6376,5843,5921
6377,5584,5885
6378,5584,5885
6379,5584,5885
6380,5584,5885
6381,5796,5899
6382,5796,5899
6383,5796,5812
6384,5796,5812
6385,5796,5919
6386,5796,5932
6387,5748,5926
6388,5748,5926
6389,5891,5931
6390,5891,5837
6391,5731,5819
6392,5731,5823
6393,5891,5928
6394,5891,5928
6395,5854,5838
6396,5854,5838
6397,5854,5838
6398,5886,5815
6399,5886,5815
6400,5886,5815
6401,1304,1307
6402,1298,1306
6403,1298,1306
6404,319,1303
6405,321,1313
6406,1253,1308
6407,1251,1310
6408,1261,1312
6409,175,6403
6410,1287,6406
6411,1287,6406
6412,226,6407
6413,1546,6404
6414,1589,6405
6415,6409,1646
6416,6409,1612
6417,1621,6402
6418,6409,1638
6419,6409,1638
6420,1647,6406
6421,6410,1282
6422,6410,1282
6423,6410,1282
6424,1647,6411
6425,1647,6402
6426,1647,6402
6427,1647,6402
6428,6410,1704
6429,6410,1704
6430,1602,6404
6431,6410,179
6432,6412,1269
6433,6412,6406
6434,6412,6406
6435,6412,1582
6436,1827,6428
6437,1827,6429
6438,1827,6429
6439,1827,6429
6440,1827,6423
6441,1827,6423
6442,1834,6419
6443,1827,6418
6444,6413,1778
6445,1814,6431
6446,1814,6431
6447,1852,6418
6448,1804,6415
6449,1878,6423
6450,1877,6437
6451,1877,6437
6452,2598,6438
6453,2598,6438
6454,2867,6449
6455,1944,6436
6456,2904,6451
6457,2957,6441
6458,2957,6441
6459,2957,6441
6460,2731,6442
6461,3170,6451
6462,3170,6451
6463,3350,6452
6464,3222,6453
6465,2980,6450
6466,3708,6460
6467,3770,6456
6468,3770,6462
6469,3470,6461
6470,6464,3675
6471,4279,6465
6472,6466,1129
6473,5129,6472
