x1	x2	x3	x4	x5
0	0	0	0	0
0	0	0	0	0
0	0	0	0	0
-0.627337799465686	0	0.9267197361493045	0	0
0	0	0	0	0
-0.3889845076027765	0	0	0	0
0	0	0	-1.2716684945983436	0
0	0	0	0	0
0	0	0	0	0
0	0	-0.4609561784237406	0	0
0	-1.183931616427495	0.42614235892824237	0	0
-2.4047076266285536	-2.204889655669597	0	0	0
0	0	0	0	0
0	0	0	-2.6230193017383323	0
-1.180416907865955	0	0	0	0.8940895867549992
0	0	0	0	0
-1.7522952620996957	0	0	0	0
0	0	0	0	0
0	0	0	0	0
0	0	0	0	0
0	0	0	0	0
0	-1.4217942811627469	0	-1.2580438970242234	0
0	0	0	0	0
-2.0647442909048355	0	0	0	0
0	0	0	-1.7563235947806164	0
0	0	0	0	0
0	0	0	0	-1.9355932253327195
0	0	0	0	0
0	0	0	0	0
0	0	0	0	0
