x1	x2	x3	x4	x5
1.6749383423910738	0	0	.046696004268630964	-.7563974939740061
1.7732706942068066	0	-.9587850790796615	.4661197003680454	0
2.4604080014662846	.08693569602441091	-1.647953002207125	-.3554561073133023	0
2.848892218248147	0	-1.183543197677424	0	.2578877427244698
1.9690234729339384	0	-1.4763125309914382	.9167922560498775	.839569364438859
1.95281162001938	-.6984416655952259	-1.6294344901407078	2.4595974871677084	-.10027088097434367
1.46589904308856	.9094234470559114	-.8218331787292831	1.6199131689027249	-.3273990755834906
1.9610126516184714	2.6793868626463504	-.2144057213237497	3.5094835662195263	-.2921486851017271
2.0374054747211408	1.7704051393058966	.6067171167886378	.21622119513387614	-1.6027154877878718
1.7512435582760906	0	-1.7894231125549784	.0010787488091359432	-1.5520966570772419
2.3055152508094805	.6732593148699612	-1.2974275233549704	1.7210203340390564	0
1.1162124449114228	0	-.08982592754535768	0	0
2.5168828569684703	.3564234384350818	-1.573164197859346	0	-.4293676249388434
1.452314851955125	.018385201389325506	-1.62953333995228	1.4921806590531246	-1.576276868301067
2.162161537397408	.53502134684556	-1.380338691788269	1.066503804611462	-1.4381815812109733
1.635380274197957	.7816198222130116	-2.265135852426015	4.420402987566183	0
.860859199652674	2.7673456532785927	-2.568942475146248	1.9473199324459665	1.301494761964445
1.9534259776590712	.15144318182025573	-.7702477835047934	1.825479073961461	-1.1815313946773134
2.1261634290695923	0	.14691166112721954	3.165225742975328	-.2965909811469226
3.4016324939054647	.22040882969237613	1.0437294279162004	2.7770479059709148	-.94908334821173
3.9262713951490937	1.1003569293794762	4.450842094842909	1.0637207172457734	0
2.4362919798543134	.563014061771534	2.1639752804621035	1.5776175916609485	-1.1072082662367329
3.8585571292764724	0	.9627834725067667	-1.0177981589215086	-1.8850706062012161
3.161521511063992	.6624379280887118	0	-.330375077441542	0
1.8286567319701177	.7617342514614518	-.3793461628288451	1.95869967430299	-3.1077423239265913
2.404162382521431	0	0	2.206240767023195	-2.9240413779098517
2.7198802041579153	1.599029240764486	-.46781518226595903	2.2698275783821367	-.22816527270402978
3.6400447002893226	0	0	1.9495692044067092	-2.3084536297536564
2.77972928621943	1.1042333240277329	-.3926319337659346	1.4248088588056467	-1.2263264859543495
1.845904189946483	.8922476007289953	0	-.48644662230996205	0
.019744228610085873	.5976597772552209	.0038584994795652916	0	1.0922145107236894
.7290194084293565	1.1907529823029142	.1538636475735169	.5628994850086493	.3973031638640701
1.4979611210894148	.7451741145221287	.18274516600749086	1.3966412064049636	-.6875430340997313
.3195257658464899	.3477963519183894	0	0	-.04813643618691162
-.3802515316299699	-.39821461510740597	-.8666144606841201	.5904549845868459	0
.9311637358544971	-.6169506720114126	-.4751360883830859	1.3930116971470383	0
0	-1.6542854023718712	-1.3367609688492057	-.3501473304195941	1.600463828027086
2.012725154591687	0	-1.156905003147371	2.4120104371503346	.557597561697297
0	.09355231465516153	0	3.744940635331945	-.7875726689959865
.633983983201885	.7578125005722165	0	2.0355288160171234	-1.2958285877408513
1.8753967283071182	.8137237764935885	.9451494470146236	.8314115297251148	0
1.0978441663502698	0	-.9626788858753599	2.3237826653748095	-1.7445100313308246
.6796440140644564	1.376753528171194	0	1.5119649836322944	-1.4883354680798302
1.0895621367966446	1.334614852883278	-.748071990576564	.7904405479921435	-.40893224849645593
1.3041568021003211	2.014109331583174	-1.1801415702793754	2.242164672467821	0
1.399672182968747	1.016283161614989	-2.833389876289826	2.6775708954065554	-1.1221599015796
1.711370135574014	2.031553024345645	-1.9835938039509422	2.048889865755955	-.35855083368314933
2.2562508610812766	2.515549130622205	-1.2742783859458204	2.4292756903894457	.5178110320285504
2.803583169113382	.14352948634139018	-2.4508725703993126	1.783672565013243	.42705538704224644
.18574188706044836	-.27908090302959726	0	0	0
0	-.8270707662992829	-.8061354623658927	.4481963720608119	-1.607101197509074
1.0965085589964199	0	-.4393173675511587	2.1217469502716892	-3.1048303717198458
3.378661436934198	1.7450506031868078	2.4681433314908543	.25394883317741285	-3.037327478784744
3.990448884648184	2.52516448749522	0	.036391485393727024	-.3368464928013192
3.2363510900671786	2.3388885190377486	.6287046096520539	1.2470064873815616	-3.420918464207191
3.474209562887381	1.7161498462559301	.918599908696504	-.5100739694192673	-2.419886492564684
1.0964522169592397	1.3232094189288113	-.7112992972723967	.8985653202648884	-2.4095989166952734
0	1.7003147329467951	-1.7317637980814236	1.8636475960487222	0
.6016168652731024	.44838792485024737	-.3362395077683357	2.7594046372983874	-.7608315794859849
1.8104760082294025	2.2724379395008016	-.32293235307462803	1.8242185749458066	-1.4495817162789781
1.5894399112080537	2.2233204212309143	0	2.6811090903232384	-1.6110578410063385
1.0809217420680035	1.963603404540663	0	.40619304417320345	.535627191980894
.12045497355726056	3.7601789387565745	.14755953387987558	0	-2.035004922689365
1.869921812320528	2.733111749406288	-.7042638710041547	0	.5370353308408398
0	3.140719673527354	-1.0893819033425687	3.865223382104991	-1.42428432622931
.04239287943236553	3.663032588601695	-1.0565739518950679	2.720314655983344	0
-1.1780242450340743	3.8096385518356333	-1.9217645821547025	3.606690914730584	0
0	4.238505378284305	-2.7652336275872407	3.1924308182072285	0
2.5744898131256257	1.814106468061278	-3.646600541687248	1.9421720509739557	0
2.830400531413814	2.0793041492439137	-4.159159311288108	-.5301798470371587	-.5257068493162085
1.786904559141486	1.7078361381126115	-2.872632993609766	.9619504009587995	-1.3833100632463429
1.367228076803618	1.2670367919210836	-2.5426858566090935	1.658880542488421	-1.1812168056813328
1.8557055001520295	3.0454298994822055	-1.943661643536539	.716293248844187	.3026950016223003
3.1333472064519086	2.3281294417114333	-3.519057985015966	0	.5921223146319322
2.613888349054331	2.017023579444247	-2.733631263858436	1.0616803971630802	-.15357300202203594
1.806317867796176	2.6835115087670633	-2.16682277804706	1.4813823643336088	-.05472523728378659
.7986177871295279	3.40710502801774	-.5077941207480647	.991168607697178	-2.1194526446372643
1.3329675929481248	1.54764244855996	-1.1919653933551324	1.143926036367196	-1.1724145810035034
1.66621025045541	1.9646223928755249	-1.2625543722216832	0	-1.9089576602463785
2.1797768194387572	2.028175270380104	0	.6481787132580048	-.9485755236310229
1.7409814595224393	2.184305073417499	-.007177297476155045	.924463868632536	.6308668334967078
2.677348701795784	1.9038568369615942	.2059309973750476	1.0648048657467748	0
1.4426394749382947	2.5954237268055005	-1.0122351612591372	1.2167914512428348	2.27244757126717
2.2484135342517413	1.8388948414390645	-1.407667611831057	2.2611619324642076	1.0659980163489045
2.7381155433145223	2.579832515781739	-1.210094872219575	.6632896489802305	1.5073919035297134
.8883284842230126	1.805398609570457	-1.6766272563352362	1.446005749555027	.5110452390118868
2.1078667117600682	2.0870017594330474	0	1.3200958230095718	-1.1143420525150223
2.418904843260008	2.028487255273184	0	1.772355225165846	-2.470653384314385
2.6935026028008044	1.9184624175220073	.00780197011379824	0	.6456777989784814
1.7502085661616462	2.2955095931219436	0	2.7042223231391413	-.39243592320998627
2.1819705976096033	1.559715959814318	.9241455969173981	1.7479875591967668	0
3.4711595765190766	1.328251907978586	1.1782251937997767	2.365872617985847	0
3.5583434495158826	.9261634669835738	.8947640221946277	1.8135811792520768	1.054534119216942
3.446699486921481	1.8531819916903791	1.4757047976849882	0	0
2.6102907364284516	0	-.14887267490812967	1.1909479434375367	-.42612922019156574
3.854692073000307	0	-.12730672310205265	0	0
3.8941062376675872	.33736871357128206	.41372139239674005	0	.49096123828187344
2.6976170612480783	0	.24610139117144075	-.4928413916454347	-.8818271190084592
3.07182918687336	1.011902710067008	1.2087136833991123	1.645320761190497	-2.0835310714174824
2.1770284646758404	.561996185845619	0	0	.8850646412720321
2.3390578077057897	.7080583519372815	0	1.7911705106903795	-.6176002561261578
1.7320989257311834	-.4127998763714301	-.8396717947800416	2.117673148042458	-1.7064293339797052
.7099329546082003	0	1.0990137581970487	0	-1.0071255848051333
.383212142477954	.6281232622315421	1.0799206595607242	.8218688593148964	.500785456679394
.5825207789051277	-.1757505437927763	.051804034104205865	.9306551306360036	.593593544238577
1.6071511085140249	0	-.6059434765822707	1.8624584919503708	0
1.071112911179272	0	-1.5302948412432458	.7131391444679065	0
.769652533782295	-.4121208159260329	-.8113106151070409	.6971019952244484	-.252591152691356
0	-.5539810731472441	-.5887595198005329	-.005065879275692853	-.5444568783290907
-.6370719294643242	-2.1982595670985696	-.16794509565664165	1.3362109532007924	-1.2537849707720308
-.721502446012255	0	-.693594873189546	1.2981488648300001	.3824336737531327
.9925888724692541	.9600872582816722	-1.7819180494874256	.44306172595115345	-1.6685917495898455
.1798246061688179	.8399345587650333	-1.5575344886356146	-.3949016452197526	-.848977068818878
1.034728779256635	1.1887781753545223	-1.0995949184476648	.6149963936959557	-2.1643082462385315
4.416672226133519	.4275890317128072	-1.4812123091710276	1.1057733666744394	0
2.774973245449444	0	-1.8193444616368828	.40011790669546565	-.6421178003130468
3.2789814186265227	0	-2.1729802508237914	-.43228001545514205	-.9213462630810173
3.375025762270502	0	-2.538797419309572	-1.8432527090135453	-.623258208446989
4.098668898176289	.11245210821196477	-2.601262662331857	0	0
3.6355009495365476	.8677493338066957	-1.0807683693360508	.3768154432268367	-.612482168771744
1.675489508709358	.3832415798772294	0	4.857822232863069	0
1.0965276243612496	0	0	5.258265335427203	0
.9166828331657452	.9804173605555646	-.6031731053974743	5.4621123429145575	0
1.6940644163502054	0	-1.5252205706896962	5.652070087686518	0
3.293775203439456	-.3904873739912604	0	1.8567495634033522	-.8728301590136329
3.0749906716902773	0	-1.5290968336778994	.5427164611655262	.9309554631605328
2.9533515884266053	0	-1.1673215386004812	-.8142344242812208	-.723935126047288
5.140703657661364	-1.2572036276457403	-4.132310752208977	.3610469290885965	0
4.363832709822489	-.9549348799300428	-3.0626440280249136	0	-.2610439757164826
5.162809826530235	0	-1.286142517261284	-2.161926521186207	0
3.799000761272759	0	.3446014008779946	0	-.9845539403588475
4.156919006548463	0	-.3357789428288225	1.167188140536082	-1.2576915091289482
4.899713516013118	0	-1.13422319256225	-1.2934836618635783	-.4795913342699071
5.420900490528553	0	-.7930867166340811	-1.980617895941352	0
4.784068980823137	0	-1.1958290124120319	-1.7521465231380065	0
4.367359422455196	0	0	-1.5433907560298792	-.8173077749812595
3.71340913625867	.5475115125448112	0	0	-.7262075579800606
4.578854869041967	0	0	-.3755052439895229	0
4.120317832340673	.4785932362020092	-1.1882048418575462	0	-.23798066111329993
3.4191583010943694	.725209157732472	-1.1801859847230216	3.2547336005221923	.28925284954402086
2.5837035248652227	.7021078281856958	-.8686377747343542	2.4265165659269954	-.010728263023553453
2.714664295152466	1.6915920880017414	-.9433256304442862	3.5075501232618165	-.1851765974912002
1.6359277623235915	1.6359455677600185	-.7166473602298962	2.7515975086924915	0
3.101451684190187	0	0	1.3988176948531155	-3.6479896743641405
2.0142755117652396	1.3881181591976637	-.03184534924996768	1.892717097218975	.41626235101122794
2.1850177892810363	1.8329045830733557	.2889949995177812	1.6954344572723243	0
2.8053779986627996	2.092999496839248	-.5621162700259373	3.525667076005281	.13182432592428706
3.549988922271176	.11793380754662121	-.6244858080030584	1.1991729154399655	-1.1799481145615887
2.685115506641906	.13499854495962121	-.32044039086555953	1.3928609794720532	-1.3433581686337241
3.498761329428919	.5262838879727324	0	.6584474369323188	-.6486632494803345
3.43576414937985	.9518382919453224	-.031766138582599135	0	-.11156222633969026
1.5423025748642878	1.4434730742859645	-.43305992335732163	1.7051693120006557	.40351235441001576
1.4346325905063306	.5798031518087684	-1.850760424176102	2.248257518553162	-.28542737016231845
2.0550340395976554	0	-2.5440679736079606	1.8486737584708224	.21733180130979007
1.4638020063923691	1.1939356877039549	-2.661378268499477	0	.8406098041427083
.37547739537429603	.33973876600079184	-1.2270452681189605	-.5309984992876522	-.9712418197260984
1.5127360842509165	1.8844339979841234	.2891048772377303	.9780306942138564	-1.3660902005894227
3.09337880978765	1.5716364756223637	0	1.9802808467631359	-.7922062656441884
2.3679539096056352	.7974687346976445	-.7865346351529624	4.186830183533741	.5129698332623662
2.572834703055085	.5014777605364086	-1.3794427041467197	2.7918442924683142	.3677917688617174
2.717803699667	1.6713213266192484	-.1783458243582925	0	.07598324841409354
4.007988356894746	.012976800535239974	-.9083811012092154	.01249720831119372	-1.2767641515093306
4.123051486044832	-1.2686328463519563	-.732176012154695	1.6165812108606532	-2.9551099700042975
1.9908639144817353	-1.0805045829431321	-1.9195429633084156	4.140191333319563	-.19842310993390688
2.247500991103144	-.6425681512474765	-3.0969960133043872	4.105053433911624	-.16205256925449807
1.7352565561973525	.01895050645861776	-2.2918885977525876	2.7697436450614648	-1.496775787942985
3.1433164467466645	-.7912081515973894	-1.3430679051143648	2.2816914541639974	-.46504091727025465
2.5249926155714477	-.43469399878224	-.5856239183027387	1.0441563314386861	0
2.9563726867777893	-.8714380373417489	-.8693728108748785	0	.3163636828267913
4.343080057018012	.27557031403576865	-1.0715297196975426	0	0
4.37329035040935	0	-.40647290407111436	-.4316400139358042	.11118128259597365
4.709081167118512	0	-.31192457069562135	-.831411241397967	.9992704604403494
4.986766886823181	0	0	.6218083658887705	1.4164237372475135
3.2464433502171697	0	0	1.3090864609706334	.19758696410531268
3.079200240298776	.43407552770982205	1.4236490221323232	1.1070164204322896	-.751300608079481
2.8298098036676596	1.4086931525136952	3.8389125118907956	.5801375953211452	-.4741473578444984
4.252924550506894	1.196066635665457	4.847288346238158	0	-1.1970885004827283
5.138326793453887	.9237851870985034	3.4280737343994465	1.788372810788112	-.40218181112348417
3.7295255087438774	0	5.267676015218614	2.9347342741731683	-3.1692830118208057
4.3759500651468635	.32490144663821297	5.971494851351097	2.1968310345319515	-1.3818815774820155
3.8484679882615644	.9650294436106984	5.14210673873614	4.003939240846112	-.094256522426862
2.7392388589162198	.35877364009370283	5.88194927840696	3.800739479514597	-3.55396217815251
3.717950453778505	-1.1136627256126161	3.66630911165412	3.9040133270625126	-1.4269650578947273
3.203201384507374	-1.0276370540050606	3.7914738720574133	4.872851794990811	-.3392804210302214
3.5774804255323365	0	4.304557218614214	4.335267562442659	-.13070023052107957
3.7702511153327682	-.28469179899782904	4.46114456989164	4.434771368926054	0
3.5491391144153246	0	1.2638032651829918	3.8421155144768275	2.310218107177574
5.112121725320506	.5308229415544174	1.7759105862530151	2.582798830815651	3.5199419335685427
5.18064941660232	0	2.3467930969740403	4.091670854165658	1.6816829452318773
6.240403382751035	0	.805899518991628	.29875142676160393	2.4168032728868356
5.425228317133447	-.3916820682517204	1.6286039753929997	0	-.27555957560445166
5.232956970709696	-.49384045969305096	2.2668049943807764	.4708237411919802	0
4.594829284120221	-.5974790805629377	2.3736343040884758	0	.17379320992282565
3.061813081030531	.9091718884242626	1.392570563651716	1.8733294641309883	0
2.6851327605063897	-.4511435624918798	.8528766338923028	3.3481375007126113	0
3.589631624694475	-1.1612749103479896	0	3.691234701665081	.6331903379927649
4.561745188397642	-1.7993413315145557	-.9801635078269546	0	1.6634803666130997
4.227435921941091	-2.0757026765922504	-.1336745408963606	1.092508682659314	.8728985326873118
4.3782252329473375	-1.7469915829683718	0	1.0270280736996633	1.8646551975769985
4.987769605472974	-1.6303627149835942	0	.23676269321453192	-1.0483006576157512
3.0419542093645084	0	1.6976664484760886	4.576320532838912	.43722325301267384
2.102659444715213	0	1.5646194223267513	2.7902756442562935	0
3.130650927743374	.04629942969344923	2.5462453506440905	3.4362882225010947	-1.1463145109130384
2.5515638590551517	-.03557679806153141	3.0824570655894132	5.129984867712126	-.4121934605834802
2.529168348124105	-.4706990947675157	3.1977088698842464	3.4247937338707897	.3715864938525665
2.752168271859937	-.5844767852332742	.912077963521538	2.610135263848421	-1.0247694568869234
1.5293265405854188	-.4733719796616407	1.1071547614301096	2.239660500565214	0
2.3467429435428304	1.560347981779235	2.5556918005252935	2.6230941360119338	.690576528553119
1.4306859764409539	.8561645290403587	2.029979059712687	3.8955604067705587	1.412219641477013
2.788246936285043	0	1.6181202612261107	3.8934481214517516	.3518906590292485
2.8432421389169993	1.0401525383669896	3.0786701866145	5.806896985823829	.13497026564982265
3.3706337985821815	.6383552612140402	3.381414988965507	4.379366299287489	.2983738097030103
2.6263419269266968	-.32070628904119974	2.823935596762893	3.3039144841176267	0
3.4825567787499057	-1.3607777451393335	.7650026332206757	3.4241957581020213	0
1.7943909550650659	-2.191432134444467	.636143533590047	.2138239969587883	0
5.765540968920461	-1.0398596535404732	1.8073488506237938	1.929266338845388	.2183262834526737
3.1322585195557417	-1.5241328882874292	3.696488692020541	8.156527263442198	2.4494799605226714
0	-.01634633790324594	4.06875853636475	13.297592260702437	0
-.021455823119875594	-.24490477518560927	2.875579773117308	12.015909974568872	0
.7689261788671914	.04504299986909138	3.2396235949341756	11.456070076080094	0
1.4925670252077012	-1.3295729970986432	3.8702813736244215	9.05149041535166	0
1.5441688818145531	-.4486440823151704	3.331702216284576	10.433375992965686	0
2.701980202926973	-1.4636385139312882	3.092613943824809	7.945998698000378	0
2.5202511983451887	-.2644626422913561	2.853960237209743	8.068722864149391	0
3.0529809875112175	-.37166828201410085	4.056260540683584	6.167860941555369	0
2.6527431507881265	-.4392807758034928	3.2071314548198746	6.095534490729524	0
3.0251416276564744	0	3.7629806040566742	5.073406272411894	0
3.468823755379361	-.30134169375625436	2.593218467828107	4.63461562977636	0
2.4780459493243803	.7087875677573671	2.827873733385172	5.464734830827427	.9090841759971964
2.1039895910777426	1.4359559126898314	2.4559185740203784	4.342452970305972	2.038294086461799
0	2.6233019165919447	2.332377886948689	1.9731054703609705	1.721797482873428
2.998661371687569	0	1.1811540912468663	2.898217942845265	1.1545453267567942
.9627996389441529	-.5860041957218256	.6221805441798923	1.643265568862198	2.1889313340882133
1.7417826414767321	1.4875266348912195	.4151756882659146	1.5592738305070473	.5991195062050099
2.7832232165013684	-.09893921160784014	.004490901128205271	4.179798439246915	.21700921791193528
1.7228930426147804	0	0	3.063009928332775	.4025655352848121
2.275507269009942	-.2704654919578209	2.029468329410616	2.9313540117440997	.6391606055877261
1.7588382335355737	0	1.9497232523525205	5.578703475518517	-.7907850286372436
2.6605939284823834	.34723560177569396	.574936935160105	4.536865240036035	0
.8487858164715611	.28325710745754085	0	5.40202258403527	0
1.4323010097089433	-.5218767510959657	0	4.14146306794588	-1.810563146080314
1.608992096845832	-.8120571442048644	0	4.596127233896512	-2.665432978838418
1.5609337903796545	0	0	6.6052864470785	1.2434065570479365
3.1072168989337685	0	0	4.150203421393344	.9977239677719367
2.424230279690989	.9130841164492935	.8616521610415613	2.8690251916591594	.9078982251895674
3.0721182332179335	.1668154005586509	1.1839105967453853	2.916749948964241	1.587294261438606
2.8676466122582704	-.1669198340059016	.44143960541710453	4.137143999912876	3.259569552696095
.6847711242346208	0	2.114220418729299	3.6971231865254786	1.6570735322219199
2.6667675273954456	.12696967157365768	1.4603341708041753	5.1421054118176155	.8692817861026867
3.201814075176883	.6994382330755774	3.1695827236403438	3.5558730971629826	0
3.580231997560358	0	2.660180363264806	3.949122505643784	0
3.477514672331799	0	1.831774059610236	3.4352952403473433	0
3.275546951811327	-.9272024772052297	1.9227055677080254	2.976270705714063	.1299519629069238
3.7493271077497075	-1.139518979319729	1.1120884041170158	3.656068249517784	1.6069513157428141
3.2655426351841994	0	2.1437184772316398	3.2166903179632973	.6670898294015628
2.5562180415903706	-.8528669717395148	2.3327293164644565	6.360045308437056	.5853591897193935
2.758104996176192	-.6128469898041252	.7240056027564993	5.101998806019927	1.4940550703124673
3.2178795641949396	0	1.2610848699070178	3.7120098539744486	0
3.2047630692752938	-.34441812240929415	.46523973606622365	3.857334122016726	1.2936638497155126
2.724771469604455	0	0	4.036857749953579	.3377970191682992
.4518655414513668	0	.4501338412621218	6.022542171324012	-.8733147787926565
2.031043611452293	.08907854506999358	.13168292425272066	2.872742629333248	0
1.3424751444654706	.6794891315730821	1.6492609895507009	2.613218908175681	.3634068038529845
2.495670021005148	1.207314480263123	1.0084143140020643	2.712958267365758	0
2.767549024156729	1.7153264663541112	1.277530833900466	3.318884703556155	0
2.367392955383336	.4501514870045139	.044143424736532974	2.1795168663623024	3.357043089987844
4.008121285706295	0	-2.0693629297638365	1.94816075486538	2.3559087922367903
2.647210020353863	.3777686837980332	-2.923745092786028	3.4114156671816884	1.8044556701087975
2.0139029817975156	.2966122748851856	-1.671058572773209	3.013287527769374	1.0642427370699747
2.023254480138441	.02743671760059406	-1.596891257139977	3.7968959867074474	-2.1803499789908494
.13023458050391623	0	-.6135039247040461	2.057858196135332	-5.060751895325096
2.1004399123892354	-.4314713593677062	0	2.998272546534267	-2.4474872259499536
2.081206777196958	.19382860643050936	.8299666718944416	2.3696526586874667	-3.131827780769499
1.5740185378977354	.10008444758984317	-.13746196925255746	3.2627663193456824	-1.791144992201953
3.3508566810060665	.007442286666376002	.40048046272846977	2.895098279011427	-3.223141478399406
2.3927072559192437	0	-.4420270060436552	2.3671842449682017	-3.55031067643765
5.207442650910852	1.1298908006760413	-.47897403090899293	-.4783657757592269	-.00860962844505353
3.362477175119928	2.070385015627708	0	.6377807981949762	0
2.5358005534431873	.2356314237104064	-.30929218043854145	1.1159039016133874	0
2.9392267198860185	1.5169146905228994	1.54120748226662	2.2967782747409595	0
3.088791904780966	.769604186213661	1.2781143310910197	1.1760976676970272	-1.2277629912730181
4.393392230864296	.8079088902208258	.6809444930618793	.6458995180412866	-.3014693449598383
4.289908484998564	1.4782986167322676	2.2963667695787287	1.215954877065074	-.4473161647770549
3.781395027736502	-1.4594725167350096	.8573152041999557	0	-1.090490458185311
4.491604545497026	-1.3453057797198298	-.42796261754290177	.9172344568644938	-1.8050751001005945
3.7546197540023583	0	.1648787876416736	.9319015488564767	1.2383768437322744
3.858175502949076	0	0	3.4451436392754253	.5577163902978073
3.759044322489471	-.4957945998431461	-1.0384100429552767	3.9089540672974823	0
2.631645743265179	-.41540228592163164	.009407185630506451	2.1358841992973727	0
2.451772722027397	-.8669569342955298	0	3.005641347570945	-1.0942966175799285
3.651986196474734	-.25235846613205243	.12451182821491341	1.2754004196452542	-.33593770313479543
2.5677417668197453	0	0	.17747601095217957	.4416752899288332
1.6736968873570255	.12197689050629593	-.6592183865643323	0	.9287221812160684
4.579121432446671	0	0	-.6563584874418809	-1.3136794579615547
4.125606838617094	-1.3301449711393245	0	0	1.6770708871942652
4.503121285433663	-1.2743859976401846	0	0	0
4.373627404980327	.5767229656723105	1.9557659936036802	.6626177476456042	-.9265771689199145
3.874978276306916	.798464784984388	3.0499113315687745	1.778432866453096	-1.5234178045348827
1.5220923086515725	0	1.0016681566695467	1.1412926960898548	-.09548283005353997
2.862157354381262	.3890397021144001	.9689654766408542	1.940891521851781	0
2.585922600110314	.6356018684079703	0	3.579789100722405	.9730024191505406
3.598721933159535	0	-.5827277913482496	2.7942605397370395	-.741358545450906
3.9382943420368783	0	.38451982117938777	2.7335213018060767	-.21853609223543877
3.885225887482869	0	.35122718730015373	1.2053995876577803	1.123488137826132
2.934385976611409	.27236517690488293	.43812559173553645	.6873247505102218	1.05308575193286
3.382864730677801	.3303058452686276	-.5677920045872036	1.2884355671779355	.46201375693651503
3.384112825156463	0	-.43594220230047964	2.7768516080257357	0
2.9179114583782635	-.46773074520405455	-2.238197278275775	2.601132895880672	0
2.622006611835104	0	-.4503989672559645	1.6307812619800803	-1.3123134590695207
2.430915376026233	.06580221070410694	-.6569289196481523	1.626166346021442	.41753371369714093
3.037297192388894	.7617698281421212	0	2.2094933256529092	-.8619664988188473
3.1949116538547333	0	.22447104139913926	1.7342876597061643	-.7715029212388798
3.352280401508425	.9633354146810802	0	1.227668999350842	0
3.15171282256948	1.3368230098343488	-1.4802430368379822	.8458409808220617	-1.1739659067924817
3.5702613350069505	-.024348939653900087	-1.1877142544685344	0	-2.609622423302504
3.9126995017414385	0	.6797379046712173	0	-2.1230116990807746
3.9523163952941927	0	1.6331306053414847	0	-3.1674912834620965
5.186144204305697	0	.9985757886355706	0	-1.2609851122119817
4.734532595828369	.7480735994895014	1.399510619551696	-.11200494451451093	0
5.324336027615155	-.07108965688344127	.8165986467774402	-.6539290949855532	.7091634717491495
4.225900171349611	0	-.24068095966920733	.6329395891915983	.16670307968250586
3.8391371049785334	-.21982378010217188	.49558990322907354	.4016397262729054	0
2.9898470990293826	-.39485223625451005	0	3.0809070104201624	-.6483790800432724
3.2373129092823514	-1.0926280910141304	.1626572846031504	3.5098142913156924	-1.803418453057897
3.156369876370207	-.747556260037277	.7129861119533825	2.9150042204292737	-1.626125145096283
4.286618759977016	1.067126671247872	1.8376200363430315	.8773550368949452	-.5497143911583029
4.573018673594453	1.5914706933374134	1.639839155429761	0	0
4.191208102277468	.9456582524925696	1.1726561010875813	.5054591239559854	-1.8797438437525296
3.612031798806619	2.0381670947959405	1.025285473080796	.6524625213703265	.48971490942390955
2.746427282521367	2.5056659525892453	0	.8820633448328445	1.7113290427785235
2.777585352240656	1.7659921371373013	.6294838726650374	2.0102984744764454	0
1.6752856787762005	1.0198620203993058	0	.6010535171893273	-.667123934699554
2.7892628018128964	1.15616888933532	.14889373914189258	1.8788019012265376	1.1905189356392347
3.3222512202298087	1.598238367506303	.3223339440667822	.8066280628242145	0
4.413244601499558	2.5412487271678663	1.7148054793455088	0	0
3.8828696839225296	1.720639277185628	-.05958604806774631	-.23113998514218284	.6527350098623017
3.4797920836700165	1.5322957739566894	-.8622727139149845	0	0
2.6464803577305194	.7336390719465725	-1.3485057056123684	-.798430068799408	-.9788274242585939
2.993571461854757	1.8410193532161623	.9478586851091161	.9293348789774144	0
2.3967782425642716	1.4561424804896435	0	2.0085442973319516	.22543974245430265
2.6310444589712794	1.8127862871587945	0	3.2500245492475353	0
2.343722804950615	1.4362986308018335	1.562489647758357	3.392967346342523	0
3.0581511281689138	.6254174036178111	.993815748058928	1.9957285863082421	0
4.045882317984798	-.19595061816426873	1.004310683446159	.4241946987904101	1.4306027036797757
4.104028257601497	0	0	2.3034532289672396	1.5368827575338488
3.9558888759193938	-.8611016765851346	.08888502195057278	-.4577791666150254	0
4.251299491163032	.06205436290233257	-1.75333766713312	.2522656267041764	.24488965346201186
5.1358778316621905	0	-1.7426919452032765	-.6134678592020057	2.3417532744602947
5.971547674509821	-.8883525063825403	-1.7897832776578853	-.8235430120784007	0
4.792410625672535	-1.4544362519931524	-.24395754750942777	-.04803134411099419	-1.1101369365897045
4.620876969020815	-1.0545871567565737	0	.20177107683718717	-.24147224075957519
4.639282227469543	-.978230442202298	-1.3519271665361017	.0928516890447982	1.5514909057319517
5.103216702226531	-.5911393989005032	-2.419063402361397	-1.3108265539657196	0
3.3434865228818444	0	0	1.6201648668537298	2.7402094220475526
1.8965617219412945	-1.4784789708785793	-1.8569618349009032	.4363682056825806	1.1125338523167918
1.4339652748347747	-.584832798882359	-.5030698496069214	2.0300688095356896	1.2366299682105286
1.6778253692324212	-1.1651438379544579	-3.208311884816758	1.1748324956854554	0
4.176468031141126	-1.606539947563697	-3.01530363069843	0	0
3.9726149353856988	-1.6522194406499522	-1.339179809163495	0	0
4.47099926652571	-.9821891367779454	-1.6943863457144572	0	0
3.9903828398292607	-.3788827184609586	-.6798193980291525	1.3414615195043316	.338489779770861
4.817209233924976	-.8064645035734398	0	0	-.9142842479135723
2.522838078545885	-.2827594790461253	0	2.2930215360863264	-2.8975997026721956
5.740745361213037	.27442869989258345	0	-1.724439184918838	-2.0698624759372133
3.9142798680029784	1.0287229618083198	0	.4841930934902891	0
2.4843462874850997	3.160450825423883	0	2.5623405938424604	1.93798111883597
3.9526291228952224	2.2368872106617874	.8305086897013276	.4801528476852519	.9750129722778456
3.345076792141053	1.358030840787275	1.0042944713895163	0	0
3.3709535456355337	1.2621955160249985	.7603183024708248	1.4812760659050073	.39239604006964
2.533685824763183	.17314079318818942	-.07537884580850579	1.7903373755576202	-.9800340870301727
3.4383412094574677	.8207302899962375	0	-.08969648099118543	0
2.218862881620188	1.194886973918505	-.42822558669684263	.8091972838495995	1.4162569643580043
2.659110652835786	1.1799262355919105	1.1214069205534865	1.3692360387712301	-1.0001051212250494
2.0386590213129425	2.1903432324455623	0	.8197105652802923	0
1.6860116910247398	2.41841667052449	1.9961532437669125	3.548674432550733	-1.4569006388992616
1.6546914174628438	1.7317954145635013	-.3326934082101899	3.078312162756933	.7972904020464042
2.4399847295515897	2.7512284331969745	0	-.11250774674294556	1.1054771367399896
2.119681896073989	3.220751095382667	-.17214890226266694	1.0156720596802993	-.9596404715465527
1.8613090640161942	2.1000638126999376	.4560059783289583	1.6865643608357794	-.2798189634554206
1.4682072680927025	1.278474903879994	-2.0156808093235186	1.7867878353209594	-.4900599222497619
1.656091932063243	1.4484869747442182	-2.6245885998027187	1.7679566647559766	0
2.427866064638877	.8330110108393215	-1.3544087629827755	0	-3.068729060210768
2.7687352334346262	1.154875786720643	-.7370125030888768	-.3986986207093631	-2.7998873777448425
4.431389007293699	-.9123499202742896	0	.670393399839367	-.14016660418135418
3.261782616820276	0	0	0	-1.5032185350668184
3.213761443014215	.08049418886821069	.6526936512845675	1.7664328497003972	-2.5536323214456753
2.4047729075226516	0	0	1.370853199101083	-1.159803179307384
3.2328043191560276	1.2439213254131083	0	1.676789595825811	-1.2534170196563197
1.8534161328642236	.10926211684240394	-1.3464875955679543	2.3851878835680416	-1.847469460362273
2.0792523297394268	.6185509202405224	-.9186785051530206	2.5170260414075707	-1.3168166294011092
2.117107694497266	2.4832735546419165	1.1011199388345998	.7637691813505136	-.7178933593745599
1.880558459193072	1.9425446137603426	1.3361956373768067	.9080194078361608	0
1.9656430530412352	1.5753697183082729	1.8098810941412733	.9557268373855701	-.5253102398963294
.8622160552277089	.2872278925783626	-1.0533292986623304	1.8597133036505513	.3096437157225029
0	.10420349592599706	-.38295271901120653	-.5923782142645035	1.0304204497798923
.6966416069245338	0	-1.5242700221112118	0	.7619291234235622
.5776091756571182	-.46244989594235236	-.07274529142499196	0	.32736953831740745
.057982377257480455	-.6327028356217824	-.2204592763024887	.09246426011769426	.49585784762749224
.14395858026241853	0	0	-.2919316331798628	.8130785600345922
.26939310206753814	.9130639067109183	.7413421334761889	.3445480848796523	-.2345844251828642
-.5886441607292822	.7943092465732302	.5332617224606825	.6993683374413291	.2946823753812061
1.3308393387848094	0	-.4976676742040723	-.021226912097242867	-.04410311438853359
.4564657047693178	.0321700692425852	0	.43416867944364396	-1.0891473523197415
-1.6204279425363821	-.722516057285411	.1347341615249876	.570542937601021	-1.2019828980869978
1.0461448364082422	0	-.22514750780536807	.9871242799083018	.2460181460345615
1.984071361250874	1.2628426253020693	.599867658778397	1.4552009488561404	0
0	2.5055769731185253	.3387613034863923	1.3513990692799989	.731911015266047
3.113884802545239	2.266509197338434	.25763927476268134	2.1135029089520607	-.04433031746559096
3.7522542679837403	1.0909253348619123	0	0	0
3.5834131630258415	1.3754499792595496	.12380901961696247	0	-.6971988591615929
3.1389570144984718	1.8638170932004425	0	-.1170699724148257	1.3325153097223843
3.848654743739404	3.122974805911379	-.8240282153187889	.14470774540086695	1.0223092293053813
3.7101397627899546	3.3264660561340076	.7998851017867038	1.2363028166447032	2.3533347854414735
3.660197661658738	2.9030637486242226	-2.9875995624416207	.6833176448440146	3.465721767158445
4.1629703820239605	2.7777944681797586	-1.981200871124503	0	1.0410633574129293
2.438163268821547	2.00175145280034	-1.9710292362466375	1.3528190661646209	0
3.124733695492269	1.7595453600473672	-.3142724345632245	-.8074369052416166	-1.2662460014746253
4.391819872723596	0	-.37410302505090565	1.096695901169232	-3.8732681813925063
4.254586828975888	.3397366357170539	-.9484734095471814	1.91616100841711	-2.3813521210889514
3.0701407358863637	.7767750027396716	-1.8874451949707616	1.1434948984092475	0
3.190091581661565	.345639512611459	-2.4546323644874115	0	.4520199153217639
4.0010787749255226	1.272141427923371	-2.143131930633264	-1.3807459089236718	0
2.708736629618584	.8681854102207216	-1.7338691905395838	0	-.8655314660963818
3.7224470026065557	2.391757806480814	-1.3647853454630907	-.42318736539753243	-2.448153581627037
3.227092056642498	1.607744913198387	-1.340514343977934	0	0
2.3259041983062616	1.1712419873716662	-2.409829337558724	.6629212874082184	0
1.9965748832142318	1.6247728295662918	-2.852831494276107	2.632114044239152	-2.5888510731255363
1.8989969142255678	0	-2.2521915116176086	3.036711142771551	-1.2731797196213828
2.689541677820016	.27721494223936594	0	2.247067187644003	-1.623892915685479
2.162947725673844	2.1074231749137837	1.0093715948022666	1.4265831820189134	-.4909152666384243
2.7859177606205225	1.3386095047776136	0	1.8682752079734497	-.8958156990177292
3.852073705885078	2.065728243704435	0	1.241469777094383	0
2.0938370781342193	.974521115193661	-.7785624272056342	1.6638927227336904	-2.4666199069132606
2.7382193350262947	1.7095871009999266	0	.34908009242410665	-3.3090082602988327
2.6525333919675487	1.7096125065001269	-.22163821274526974	0	-1.437732726529425
3.7087358308048772	2.034027788916803	-.9978722665884995	0	-.841118973811944
3.042460000759504	1.1560425859342873	.3304305748699232	0	-2.4815984971231724
2.2273599220777593	1.338763138251418	0	0	-2.3883956094637426
2.247891089378067	1.271209887943157	.404851452727987	1.260768566361883	1.2910412068351744
1.4950670995025743	1.5921669458422218	-1.7368111857172077	2.4475522237575715	.08678944785533388
2.2096905419092616	2.7784552226959014	-.16642038802860826	.8322833466732069	.35072081776531344
4.925336575098604	.12638664306403305	-.7023147436784624	-2.4405379567556564	-2.562080467204667
3.553327643441034	-.19702117462601937	.49076879707313736	.1288079879041224	-4.381489297833491
2.737237210321214	0	-.015505150667077805	.7204414440539585	-1.6249007810850875
1.7492493760661585	.7869002887768741	0	1.1137667742249748	-.9662133027646296
.07808752312065634	.8836293396970675	-.5453582800530846	.3771624729883009	.048659204547989346
-1.0089696472620562	-.425230165054101	-3.1836988670627484	1.079099397913798	0
.21545704624986123	0	-.3010759365078527	-.5597608969952411	-.7341773830370082
2.5221282610301885	1.48671467549702	.31884151134793826	0	-.6802792638991674
4.511162977869698	1.4754830367850107	-.4780809186395027	-1.0706955708939347	.43421562434388683
2.8437504582992155	1.0817259368971337	-.5004233562697017	.02906023009685857	-.7383252758814169
3.3150417419499445	0	-.6599865973891876	.6208361312200008	-1.528842190657476
2.544386523202874	0	.45057408328324455	.5828929304316091	-2.0073105004131366
3.319918552481234	0	.4282996935595078	.9369106185810143	-1.2431605819847762
3.2451505718662457	-.7715246013843118	-.4306356682595346	2.7910490033761297	-.5915168660725818
2.803749176365953	-.9273092340171529	-2.0644458307738605	2.800107815522109	0
2.2415335186094074	-.26210569755531343	-2.3030303508668695	1.9271292215250302	0
4.317950644325545	-.7628534663183081	-1.1984398739762336	.25995736825202276	-.8125644714988062
3.1697021782349184	-.6685995342772402	-1.326208227812873	-.3268975561617853	.06845116416959396
3.511248585138319	0	-1.3598909815956395	0	-.07565433063635851
2.4280573514306583	-.3020098807741904	-1.645203458994584	-.04373762643708923	.04039069211656901
2.9610611197716987	.36135698119011556	-2.7112787269387075	1.498999272044838	.8834110138048081
4.078602985487339	0	-2.857576811739099	1.0227220165278443	1.7675298384324392
4.456742695277802	.8345981235763015	-2.3398236406264115	-.01508049117040941	2.5716172605609353
3.7760496914573274	.6107651604447344	-4.278272909363114	-.5074997847250633	3.0727083149257775
3.5983794144443166	0	-2.448276960085302	2.1664126859385058	0
3.2419085003084787	.8595688757964937	-1.049846590172566	2.8781889208030145	1.6009959998280316
1.758546103655788	-.6877675431096864	-2.049136973042652	4.1941538187726515	1.6964945141757584
2.8006010323732076	-.9252564716767714	-1.014779596749718	3.1240903888343157	0
3.0851275427078297	0	0	3.067328426407967	-.1846356291976679
3.9384892092140698	0	.5959491583919643	0	1.957164093925132
3.4328871237112764	0	0	.6727619058547277	1.4161557240776115
3.960500501797582	-.03584033967404186	1.1296531493687116	.9118631528615927	-.40144561101482756
2.3417123306787753	.8198911924395074	-.6486023700975762	2.6252652898058297	.5087099027108701
1.7354348525546723	-.07371499159306548	.3868147615141907	2.118850333650608	-.08402024299428865
2.5656947863522053	-1.5879209833676922	.18658599473429072	0	-.9126706673463506
3.9452560615376084	0	1.4688205224716278	1.9108532698415719	-2.0347382630622706
2.6219482725532703	.3019451484021669	1.0571042932204757	.37801330080800144	-.31376052530668036
4.399417021588916	-.42282493096922	0	0	-3.2267570732750284
3.8498765141834306	-.7035437065717834	0	0	-.10821538422737254
4.8470473119197015	0	0	.23267166578786358	0
2.2598737365672594	-.18541260503825369	0	0	.11611240381904486
2.3207990983527145	0	-.2428942922077696	2.2447450009479524	1.0981247857857679
2.416718432846425	.03039747986324215	0	3.7044045130157515	.22741434657673118
2.0061822442539077	.4405248956135659	.2540150338823473	4.576841431444336	-1.2047751951527743
2.2711388373193966	.10576322855693035	.2814916854045424	2.687702138032603	.16425006571377077
3.250394196254314	0	-.2532127619884345	5.501739616305407	-1.151892192908275
1.660726770225446	.9763843695458364	0	4.0773394600681785	2.2762382474961016
3.3942860581258367	2.3274391518366264	0	0	3.4259213880087107
4.71767248556539	2.1811713468006615	.4398288723788357	0	3.6089228596856526
5.243493730265981	1.1177789336752262	.15286883302206317	0	1.945136316418722
4.226759643159522	0	0	3.094951765534301	.30564509294607634
1.1886547970023564	0	.36113555291367194	2.868958345622611	-.40846312726618195
3.7964414782614897	0	.9770527510667932	2.8613819869115917	-1.4008997514912074
.7948292781920909	.3846671379817999	0	2.7569679566593375	-.44382785114002277
.7196680455694658	.8415312978993292	.6093774798867209	.8053472501789691	1.2541970605548558
-.21669397663598883	-.7610998574277462	.7368078310867684	1.4164841623718178	-.03365832034133162
.005367699435922135	-.26351015201356354	-.026063156881570126	-.6687968635929713	.061361220336373035
1.1255472499417989	.36446619102158095	0	1.815722620913478	.4045494422447584
2.948127006861184	.7773993127387724	-.2522980533623196	0	0
.2418744920951178	0	-.6127839191005522	-.3955890550552993	-.45491526383157893
0	1.058365108289374	-.34818695053908083	.8011293737040448	.31617451316563294
0	.13990106601919206	0	.00851935019160266	-.3353136659409466
0	0	-.779454118503159	0	-.8271427964739195
.5551822511098644	.8804023839194476	-.14294035520356652	1.5865939557034539	.25459529813452275
0	.27223050605030225	-.6636828818467557	0	.26565455684293326
.15598563486916167	.298040479274433	0	-.7687380417535017	-1.4485499571588416
.046026651302164434	.30839650259635454	-.4740601601891389	-.569568943279804	-.3276797796615698
.5450279977989649	0	-.9995412145511631	.9692732773761974	-.0714044503836504
-.2492755430708683	.1951325497321975	0	0	-1.211495893034281
-1.6535698183819534	1.5762374311018266	-.5816300205047776	.01794557721049339	1.203552721663141
0	-.1353297565158313	-1.1921322421367457	.4578305562624476	-.6736485722856412
1.5088498242157842	0	-1.7279415324725538	1.9010315318208513	1.275412155207125
1.457341601619782	0	0	2.369040236889686	.05131094117025237
1.7670885841459514	0	-.25552918458910306	2.246586250062323	-1.064751623265973
.2707943554328607	0	2.5974456712300653	0	-.4522147771696364
-.24577071613192242	0	1.1843216979076554	-.028191817944212605	-.10539482212992224
-1.242081345350451	0	.9386724956997539	1.9154686189448542	.3086407663018351
1.0473539794499511	.943365014872255	.7592152019458318	-.5918442654535586	.36828394878336596
.040321062095743924	1.1190366547491502	0	2.9598509554342067	-.2958547030497987
.46717524910532104	0	.12754033157942568	.8396528468198885	-.15320476909475245
1.311364540552033	.5340687902060487	-.18156047593244745	.2675183231282269	-.43463602790190325
-.6406704807609982	-.16368909174445884	-.9656123946130746	1.497988197232822	0
-.8796369759040816	-.9665097144731909	-.7665993466415472	0	-.09374330557799421
0	0	-.01795501415513638	.5048668353147163	0
0	.33953163359976357	-1.477908908069482	0	2.1827541050261656
0	-.05014859846147224	-.5959388112030035	-1.8186806764502395	-.7904816351451994
.1584345593525242	-.06850993218912427	0	0	.18090135370985494
.49566498556138533	0	.18038465995429598	.18338241042644676	-.599327251618733
1.7645694866203343	0	0	-.13537620939219042	0
0	-1.165327720601854	.9749582918563773	0	1.7435747079569937
1.3458771562031595	-.912703267296948	-1.0279839685171623	-1.8548387292762998	.9343966003841997
-.6673254191974185	-1.4658891927215691	-.9906762207339636	-.6276549703201705	.49154623665716046
.5941222583778437	-.7910693469172714	-1.0080873851934737	0	1.1586197472186242
1.7821636230452194	.9261020658527007	-1.2579211046873096	1.2640116185092747	0
1.4305293359367321	1.2090367670632154	-1.6891857211471952	1.5791337758179242	-1.0274512520846106
2.232922685586036	-.06665324082234335	-1.8471337645092214	1.7424315990466823	.5965271952174551
1.8756267671923705	-.7981638433718444	-.7629645822347622	2.6155833820219128	1.2340130117334989
3.719421055401582	-.14274791060269032	0	1.2832706722398923	.3009164792563366
3.142768226892985	0	-.4398724871064564	1.5655470516439247	-1.3297189436012449
2.0515987524860066	.48514370725252287	-.29958081502498757	1.9558216124449883	-.6001772740632472
2.5760890005815944	.515945865004866	-1.3957478594167336	4.123499809773539	.032791349580145956
2.8973660987881367	-1.3733351601535908	.1033816676827925	4.507975691081711	-3.305316553408241
1.7006560855806319	0	-.021276041881971353	4.444545352887254	0
3.1604370500953665	-.1927228789134326	-.037277216898748425	2.858244440872079	-.518843010693851
2.3000377079004894	0	-.31047391183571915	1.8562032862348443	-2.0235919804356435
2.947775824970484	0	0	.2746747680135889	.555355438410513
1.7440032338675697	0	.039357405751376896	-.40363389500505653	0
0	.1866946413576206	-.9207126263142099	0	-.4122812843126572
0	-.535909027847486	-.12404919771183535	-.33546629355669777	-.3900325735415334
0	.18385679143245015	-2.026606323419524	2.0530916181185934	1.6568692825306872
1.6311645136626853	.30820660337110256	-.3650019742716788	0	.521418767035797
.22575244526479274	.6617008618448613	-.718876165084353	-.16078087520973167	-.022856297969483852
3.556244237449006	1.4650184718405235	-.6810866495536396	.0004553246104144204	0
2.232309009512271	2.1878192744179255	-.8220242517847225	-1.0554073469327394	-2.5393670755734505
3.5395257927215793	.40022629641225027	-2.554939216029589	-.79403106810265	-2.2948152232625656
3.040368269238529	1.0364661390503123	-1.063058107417746	-.7895008018815718	.8360425051333401
2.910367239035334	-.395379286083933	-1.54610783468031	1.399843596272883	-.24885696898369936
4.238170288470035	.5369359887744488	0	0	-.8828284270158477
3.7031957837506404	0	-.51248320207114	-.2986506700471502	0
2.983804582948902	0	0	0	-1.3640864926354368
3.9234103696060223	1.124795273466623	-.6948844176638155	0	0
2.737667102421535	.19281265807213632	-.9233093349304662	1.5276294450288923	-1.2523926904389575
2.9901379390343847	-.021600978424676842	.36385981369587317	2.5462101970208564	-1.7048971877462935
2.6879203089205976	1.7412661569112637	.6715866391775696	1.1767996067265458	0
1.4018108920417924	.5281347774714025	-.6866276232697867	3.3644972419726487	0
1.288863708077882	1.941824401558408	0	2.755883854095721	-.8146029428452065
2.1538585860685684	1.4320594476476969	-.6383380109520717	3.224642306188946	.9315697404082587
1.6950055862255617	2.4031605110593515	.5821204821879267	1.572826120953803	-1.2055293688624729
1.5854211578064872	0	-1.2187902264277874	1.370669252528601	-.8890454220724722
1.7066655678170628	.9356778357427665	-.4654079877431647	.3980979895416262	0
0	2.3291185761676236	0	-.017400220190948168	.8766603498975927
2.2485778613041147	.9583145035435294	0	-1.1186652780392645	0
2.2717282481548358	.5097279947471113	-1.3436445416867346	1.6002436784864265	.0712821619763846
2.593612044338806	0	.7005076514549214	1.3210592071526204	0
1.5863123958883898	0	-.4230275939038786	0	0
3.095354385145648	1.0773148411636844	.47424974951282467	1.3105680726639217	-.31737216017477243
2.052386733632961	1.507943836015938	1.8476939502405523	0	-.5097835829734881
2.329870788568938	.4733677516808967	-.32082520710028334	1.2725813603580451	1.272016662013554
2.014766922626511	0	-1.8494665698581134	.17654401951281878	0
.3725245425623105	.7509077452892631	0	0	0
-.5176522490506346	1.4929960840153966	.3464378535516831	.7969586045652614	-.24671333447612914
0	2.2230035405056343	-.3706741480165131	.14013221080386318	-.20987145936907783
.6781913151832385	1.819966935811615	.14328371046558436	-.3886431241019551	-2.2410162959007813
.6578665037846194	1.721099146739955	0	.8846522933955455	-1.05175416989547
1.193913925619123	2.261760412575776	.319525803418561	-.3479491678440443	-.3623345534234782
.4284170197847406	.3972259630791974	-.47010742421933704	-.7319166169609964	-.8311210834483361
-.4727216403868269	-.07660746009181171	0	.6360660572103405	.10427832882080024
-1.003495285040045	.4014633954491168	-.33472185561385026	.30858496673040875	.23229045169677054
.28464514447291994	0	0	-1.2647529468445025	-.10857351278143046
-.04691775231871609	-.05408966818613542	-.05814550146362596	2.241182635695724	-1.4034627661110208
1.3953154728974886	0	.4885525217622831	2.932255100903607	-2.1355272337707003
2.197285766130835	0	0	3.0224563595037623	-.15963081050157948
3.2161481690476923	0	-.9091311652327898	1.821183610207922	0
2.392834912141462	-.9085550611782536	-1.7286968180778828	2.327542404913948	-.2769772689427001
2.4597253194529207	.3621196150780811	-1.1763927602457513	2.5790297005421268	-.1702020699549276
2.7509852282962552	0	-1.6109532801898612	2.288661277550596	-.17043828248131437
2.930034912768682	.7998596257178501	1.3783286779714323	-.8578571744228727	-.5471929340833509
1.8400048951209016	.33709620998295886	.9720686897736686	-1.5533207531975761	.11166902517544433
2.542457745888522	.2822976179797885	.42049767599236954	-.7091632591243271	0
2.609134630617666	.0904845108525433	.22761220695659085	.6280916558525877	0
2.7192544692467484	1.2172600908708067	-.40576901003737786	.8783755407529754	.5791942095210091
2.3360184607245866	1.5591033647667385	.45688825792726206	1.1967979664962098	1.27344698571688
1.2914935809441384	0	0	0	-.9924787689966237
2.252992430507299	.7147689661949653	-.07545338213102296	2.0200136861648583	-2.2432510725389534
2.421424417244339	.7797189702275846	-.057363584096567805	.9316956143463354	-1.1806805237916524
2.7425835246031727	.8094104743393403	-.6730586148438613	.3733114782093471	-.016042801387540856
2.817906268513506	.22470688871236058	-1.1826424886058338	.9120120457390948	-.5679055857619497
2.8174210363844985	0	-1.5247367859957448	2.2726449910707527	-1.1081994731855898
2.2307891887472597	0	-1.4213843342308592	2.9845905759366014	0
3.219305735208732	.3803546357760965	-1.1197353849399099	2.123173464927614	0
2.087507900103014	.8125624899431283	-.5032885857233695	0	2.0434170565777094
1.7441499676156615	-.11555666325974279	-1.2947341879201093	.8259525739731607	1.0846438118384643
2.6109896147644704	-.34044415945914414	-1.3052368472278741	-2.00859806272229	-1.7547034973011364
1.7514806716366538	.030870702283155603	-1.8925014203790234	1.4477815244325156	-1.4677105127788914
1.5393925433889841	-.2341586150388859	-.5190783837407935	.05059077422021696	-.1902961491373168
-.21114933748213338	.3401770265323664	.9363846871267364	-.7436970374670454	-1.0835462940724443
-.75041802724804	.26449300052707164	0	.3664746562979826	0
0	1.1334018560073094	-.16160742532008604	-1.3089513235952237	1.3195000357584614
-.4463274849098779	.5135947094440062	-1.757897120424054	.8438280700311767	0
-.7196267642656983	1.7542618078638588	0	1.4326975733887215	-.4390444880737463
1.8031152280578444	0	-.855115991145161	.743231034697339	-1.503412378109506
2.389571875112479	1.5358172498853035	-.9395561753262476	.9672990281472125	1.7053178024928843
1.5193576659674748	.614604945983731	-1.4631276594566378	1.1714804169893849	0
.17696421875605417	.8021821144199058	.03223292413464973	.7101124275761227	-1.4967978102546229
.3980813156985953	1.338899235149464	.7510696239050426	-.8174822608513141	-.6251250235569135
.07567757068590969	.7440715126343909	.9130417591599389	.4575000649420353	-.2840628949005336
0	0	-.1246182744530038	-.5342590462574881	.3199712586860786
1.7025395821460134	-.16284886875838084	-.4418532464658441	-.5864762643377966	-.4652687658359625
0	.7242546136971741	-.13598675329573462	.7521159380127231	-.4004242775947352
.058753444587867354	.6861863300238495	-.6027907013265341	0	-.013761699495310642
-.5293253726488238	2.2527180846653647	-1.0704781083421795	-.7935730763747839	0
.04245175002640747	2.278116506114651	0	-1.4681161190857337	-.008943071376344425
-.07153836911300027	1.777348751865607	-.8392967364637272	-1.3906857195542792	-.30737482328085086
.4391642344743305	.5438249951699398	-.6686577423031086	-.0052444745576017415	.2749796440731151
1.0204100986509976	0	.17741214002470732	0	-.8657486118465431
-1.8619069694810007	0	-.48193680225831703	2.8997564828564055	-1.2816902325114292
-.4761233800119744	.7790769282595024	0	-.8041530909175338	.968207451738865
.7853865608319335	-.9947819837890586	-.037915081313543014	-1.26421776829421	-.9013534651010724
.8487418327776648	0	-1.3025783259640291	-.29231133601491216	.7462382088274482
-.18060743951935432	.6223705079673916	-.5869110055228408	1.4776339309686084	-1.1137823618610991
0	-.10686655845582384	0	-1.2737032629772946	-1.5683804979470826
-.052981774295563444	0	.6195266940102542	-.18014320155734062	.1413340232109042
-.23710504299682716	0	1.3523632291925467	1.2088460031970536	-1.4782065717316883
.29931772517596056	0	0	1.6499739234544462	1.2942604107822189
.79917716197438	-1.7587870986028298	.2918560894925391	0	.4657590617905364
.7024418675602262	0	.8624826863581134	.49127681188961814	-1.322993410197385
.9768705733818079	0	1.162923518421537	.4838912647443977	.11171453346479998
0	.3087748680250255	1.9849172183988817	-1.4886507952129389	-.7262446659970208
.48439376677133594	1.7599664534470671	1.4597184364214753	-.460894468948857	.9236597639737523
1.5315939119802136	1.883653900743933	0	-.8472422488227445	-1.4977318550997962
1.342138645307376	0	-.2888241998166985	0	.24304360238498474
.896361057775237	.8955356166659997	-.633234204124509	.8820030310347857	-.7713078030630592
1.279509927482653	1.1918275600831083	-1.6769897852241533	0	-.36117742367550754
3.6730154323709905	1.9554689844426947	-.9272128889590681	-1.0295225041335136	0
2.1537037692288377	3.647210101816828	0	0	0
2.4654749356711765	2.675226074374586	-.4337109588780274	.7018984138097176	-.1569817530239962
1.4893687272312262	3.3716319976612468	0	1.9141180183591993	.5990531740848899
2.0226765596374654	3.4504471955495752	0	2.3439586865413866	0
2.7133892960947885	3.7362243160412487	0	-.1809997414921486	1.7420207531324086
1.9582125449980827	3.600155447113242	1.2797919850524373	.6670753979329427	1.175459565649474
1.9313637927552647	2.9215279658744002	.28815932835937946	0	-.23471715148588068
2.514441339395591	2.392351244013618	-.9778010820079617	1.2384960457915772	.24830066788692223
2.1389229995074883	.6202871575758672	-.9838966826424607	-.2775419559454089	-2.55914706382346
3.4592217811564376	2.3489157714587328	0	.0607920205877705	-2.993100936256664
2.4581016107086686	1.9174004695200182	0	0	-2.794145773968324
3.094521544352298	1.189574678249444	0	0	-1.4892025510115983
3.4110566738393455	1.4199318774905698	0	0	-.3391817967544054
2.4862293149153927	1.6455690232978624	1.256976325091463	.20297818195989714	0
2.7435266677386236	2.8217617057247675	1.2660435521027618	-.41225114307862254	0
-.7321114954357714	1.9384904708948074	-.9996992613830944	4.6677264498303215	0
0	2.0724869086752418	-.6323577856253306	4.520921330046481	0
1.3351235357202824	1.735362302421616	-.9875292046999804	3.327230434164111	0
.8393464632742846	1.0675411186905626	-1.4777981589547762	1.2457281562652656	0
1.037194780307034	.1654096631123863	-1.2397678419239542	0	-1.4859509644254794
2.1896936198782084	2.4826272801696434	0	3.9361378140572167	-.6359659518311271
1.4183793688283306	2.281764172890059	.25614161370535216	2.7919770945117284	-2.990331984378607
1.1699638569965927	1.2217796388007458	-1.0374287078826845	3.64371988719261	-2.426057441330986
1.0355384105701613	1.2323520899256715	-.06857983325493751	0	-1.0909450593418586
.9820310091815747	.7733669184495249	-.3260594368855517	.9244576595987518	-1.517949056587548
2.027527813641158	.7839719979425942	0	-.4115682673726648	.8288141153797038
1.0674185720922327	1.1773519428907306	0	0	.143524839081361
-.0010264463828119214	-.48616785802728624	-.8323721975324511	.6418824698564867	.7789979560550669
-.011226180926890206	-1.265947596997779	-1.0973061859803641	.8943917276369784	.5257876802212853
-.23155798936471783	.46633124402476767	-.4080084792916198	.07731063017314069	-.1835917501609214
.8638032677289605	.09912478243659162	0	1.5941173158447661	1.2901026708167422
.189092366793818	-.4517959426911057	.6771363086547368	.8489197671752781	0
0	0	-.7120365665278223	.44272302658487006	0
.3648955856220353	-.37633513551815256	-.07416495623963655	-.887253510214327	0
.48861171603885534	0	0	1.3106506178177466	0
1.1746397115790752	.004526038004775246	-.7634490338339843	.19184363829978224	0
.25013071574234835	0	-.25528972211093554	.25408343025441815	-.5419992578835963
1.296133449659646	0	.1223898833500235	0	-.8592009631454942
1.1577611014363307	.22408833720310514	-.27370981991636323	.4765619104351726	0
0	-.0640331809695135	.6489616683273871	.16764986988583364	1.1946269262335938
.23869374097411278	.012872436663902392	-.5105279912704499	.14026596332494518	-.6336507293753513
1.3817139729181918	.23725908974859167	-.5984839788112282	0	-.09686741938372961
2.8359027469750075	0	-1.642403519187762	1.374390461884997	-.3375266139186257
2.113401833541949	.6325794120974304	-2.588656065724012	2.1576279480892575	-1.53596012265871
2.8326936017745714	0	-.4737754028669829	.43719083755140076	-1.1702930875352169
1.5335926843107728	.3689902618967639	.7076907377443303	.43616134839392984	.7002847358605142
2.0570483539399347	2.706742888389633	.0208148475867852	1.3241591738515976	.601145120598466
2.389007810717198	2.024485975846985	-.25422770273739537	.46519538276925765	.8338652942765495
1.8524833864585597	2.129391009856782	.3626637055829403	.8919397260941391	0
1.8439623679704509	2.799560120430349	-.01662616754830182	2.0187432919569197	1.1084681142828754
2.5901151610714743	2.9122354828125268	-.4317991604315742	.0774899433579046	-.6891781290919744
2.236730584302442	1.8862979606384414	-1.353482899757592	1.1606233897131695	0
2.1425669082472236	2.0207586158133917	-1.4670608220024088	1.8651166423995926	0
2.006254042834035	1.9822217046561124	-1.7184019310180612	1.1909320510339518	.73869669304924
2.501498176780435	1.1916981189362386	-3.2273346504891247	1.9847588895753012	0
2.131728911084407	.8190311537847781	-1.868747334429928	.07909302101280968	-2.1972813139179297
2.8342306334882696	-.010138902705168817	-2.4185328936904438	0	-1.5781394736949883
2.272049300528503	-.45222599059926466	-1.1266319348426108	0	-4.2855969680203865
2.496732406290584	0	-1.8347965495777627	.9740065147586935	-3.333731801024351
2.9415438795067823	0	-3.0375774816041616	0	-2.9437049337635073
2.291731973036258	-.42393118370190175	-1.8202645764410434	2.2016104840362947	-1.0760954834712355
.8229947004649438	2.3836781680178527	-1.3853403276607317	3.13064045972468	-.8955819837499394
.33620857129727116	1.7166807242411153	-1.656879809885202	.45070943204135056	-.0905690743090189
.22420106808277956	.529935459725126	0	0	-.6736443117826205
-.3136297725851195	-.06797658190204425	-.9992588071402517	0	0
.5193747455555813	0	-.4775405257904688	-.4924141517550901	.04168604143286951
0	-1.647215138140015	-.018204038573811976	.502707521447257	0
.010727105207420817	0	.5383477436925048	-1.6910759070948354	.12335381476086515
.45338142114503444	-.15022437769598052	-.9356277841712233	1.3626952097147753	-.7407529782808411
.797161188738929	-.7673139905633753	-.7787483581390597	-.43312966610761217	.21915517434102144
0	-.5165859748606034	1.0468252187413365	-.5236028433640013	-.62884435252417
-.010362455516491417	0	1.3013282446268604	0	0
.22612881460943765	-.08634530877964985	.5284139130945726	-.11894213423838362	.08729460313260133
0	.03475837435518492	-.3984226440470813	.7009110007158806	-.5217585362372785
-.20687943944953624	0	0	0	0
1.8371072144912564	-.45818707692816824	.15324251021443758	-.8477409644117353	0
2.0386976898713547	.4783827954808096	.11783208256353353	1.0598304068033255	0
1.7417746167035129	0	0	.09870975822618233	-.8685279882157344
2.097721744365663	0	1.024018445907276	-1.344944503172043	0
.7825521112250399	-.6860882229252617	.2660358211834901	0	.9146879704290216
1.751739931645018	-.4370094407323666	-.7006679091922694	1.4051188365312324	0
1.2140501915725228	-.2910082663410769	-1.1408658048812017	.5957103754526386	-3.0577257503337933
.1578641499555984	-1.2338092526642435	0	.13648585427675797	-1.7034793095414908
-.3652196803835215	0	.2716767862554235	-1.596795189082186	.8024787448063264
.45782146580342453	-.34416386389766107	.734648510123086	.6798013393854372	-1.1981570857576282
-.5567407406851739	.220868601703821	.9139844690509538	.47862894413880136	.1859905239815714
.20361770818631714	-.4036017035169606	-.35612941067724735	-.13908643871378146	.758663044663177
1.4745745108796977	.722770521757313	.5766609980263498	0	0
0	1.4158712348828382	.025737088025366645	-.15744241431648542	-.13254588503658227
.036796679019488965	.5365130705107248	0	.4486782029657106	-.4773276812372314
.424310768010613	.281867241257157	-.9871761327461172	-.6978577393945695	.27442810771568654
-.025596477823522257	.31461117607513384	-.03348624518728294	-.024563115950081704	-.4008895366796371
.14915684212427238	.4195617687955172	-.23161029753434342	0	-.9947890677779035
-.44204044803099973	.699552098218581	-1.2902370788218802	-1.0414883528618761	-.5487354981415627
0	2.0630565486309944	.025629495120403634	1.0721855872587098	-1.4416483741828203
.4048922069518562	.8508336085398885	.3468632676195118	.24569979150540777	-1.6771083670889724
.17495584368958295	.6166135568380519	.10367743194908796	0	-1.2670669298971227
-.6716018976756264	.02051524204679217	-.08844147097625428	.12727347176222126	-.5626393388481079
-1.0069331307594505	0	.08274330162290612	-.6273931767617783	0
-1.317750922661966	.5223685571247028	0	-.775266119059238	-1.3358804262574115
0	1.564563426935981	.7441232931167008	-.352267316707733	-1.4993132899397068
.2627658207870946	.7676565976226293	-1.038248388598872	-.8372733084442476	.4882817701515496
-.9046975423357261	-.8629522281924247	1.1320670018221661	.04109603561351971	.7436401949315441
-1.6194268545845465	-.1337566980685135	.25060293353710117	-.7140005040619382	.29742995102703995
-1.010683665227067	-1.4301127255494928	.04790250378045363	.2893976991853072	0
.11150572338619757	.35769909762130636	-1.2275305299082484	-.23557266598513243	-.6867996616005722
-1.3855042021151207	-.432567548179657	-1.8494221296443845	-1.365707374070889	-.6934515173122539
-1.494797703570303	-.9187476458290269	-2.001888351666304	-2.082561209420873	-1.3514846671244123
-.6231435343679959	.708373639282294	-4.058165306576796	-.27150234379630744	-2.2436143051409676
0	1.2179169645386427	-4.524112067469297	.8872715782108824	-3.9218588667303287
-.9814457369448526	2.97700964161251	-4.030220762868558	.6738671301469986	-2.2114409813888583
.34560574124611826	2.4825559375593906	-1.1871638832635025	-2.1363603900346186	-1.00320061901961
.8672852438642861	1.3313642472789171	.23142121846695643	.5642035305330593	-1.2667880887887375
-.7798257970869797	.4533636640950684	.3051906219425591	-.6103706929837183	-.2711891009827906
0	0	-1.4343354482109703	.6310241977942622	.2044406991478666
.9494392906530835	0	-1.0757913531179817	-1.3991267865821597	0
.04340644595386389	0	.3014894659800761	-.12913589322269609	.29183980525493824
.13140412384225705	.5072979891944022	.2194393008386619	-.2912855025550216	-.23193975143566187
.9515234924610467	0	0	-.3331442284632991	-.2682375323726007
1.3137796394634167	.3416315662519336	-.7330110319762495	1.3744195071882714	-2.1602770877311035
.2356014522100757	1.197658829498098	-.7978230779540718	-1.0240948760224127	-.8545858300190049
1.6652344523368239	0	-2.073774535932934	-.5127510377020016	0
-.2672796675698834	-.052798297568473956	-1.6770467167191851	.5863578585167173	.23308761246568527
0	-.41982570367089966	-1.168759986206969	1.813924072012187	.918455992864013
0	1.2499369223280035	-1.7170814730980595	2.7470591067482832	-.42157044664639454
0	1.4419921314552069	-1.849324907918418	-.30627831194148053	.7967856256383904
0	1.3461371435703213	-2.3708886707895895	0	1.9262306374235236
0	1.0098051225150422	-2.753157014215591	.8418709219031992	0
-.3090874716094283	1.1145566315590216	-2.7058601438696614	1.873800293843942	0
-.48638275779870677	1.6707759098418828	-2.8425952299023693	.7359533775251262	-3.154788929335768
.7132120639059774	.9338671157549748	-2.4304639119466263	.08340600797072362	-2.881876590786612
.29908643606452834	1.6856411833375593	-1.7419122611181663	1.5239970579849018	-3.57090943666426
.1305932858961462	2.5791842972224757	-2.7349082606084187	1.396015524776784	-.9130871390743263
.16308228660684226	3.755920098850145	-2.7020305635647706	2.184639663744645	-.7005635346846365
.22793847751279928	5.3527566433948595	-1.1075897927099099	.6679507493775974	.2620351840131777
1.2095125760922167	6.232995718098112	0	-.19400849637877418	-.3040912348471634
1.9790154191622136	4.950628401432201	-1.7757092511316754	-.04638246547602903	-.9993319299846877
1.7215733277814589	5.060124402573719	-2.0435617388601175	0	0
1.4538429270366267	5.487959097557337	-2.9681625831836183	-2.641244590110813	1.4556075798893087
2.2047408520339666	5.284258825648623	-1.8901620710850402	-2.701344273004826	0
2.103584721233994	5.530450968110259	-1.2930775098397436	-2.066391166737424	0
2.1505147292012876	4.319802639872568	-2.203398549252687	-2.569108565024387	0
1.2612318289006723	4.91588343797024	-1.7905348583221967	-.8492545232017928	-.742753652164835
1.2009665598666632	4.495043338441762	-3.697908157329605	.9978660689599178	-1.5584821474819113
1.7029276205457053	2.3267351407920387	-2.054845451122733	-2.6315879258197348	-1.306547986318272
2.24703179283182	3.021682184524283	-3.1365596411122607	-2.0342175429865605	-.7647073879348788
2.5432470343323015	3.21565057719801	-4.749176946493597	-2.2604398046973535	.6060385101949171
2.994206501062847	4.425553042316137	-5.131792653927049	-.14240610210409393	-.9358550586228858
0	2.3747688814518786	-2.5369075735461064	1.2346596428980976	-1.893754472007253
-.35605973635348476	2.1001005669173525	-1.7952548367317003	-.7526218580646278	-1.306926530776687
0	1.1364842328431637	-.45444818445461893	.7653613312277165	-.8607217241581228
-1.4013736738598666	-1.1899888713595035	1.1950912335256065	0	-1.9270865463838318
.5428734486988056	-.6433838741394075	-1.1897043844500603	.3834478029357593	.22784226178273154
-.14445406899653568	-.0747098213741732	-.9546932705913898	.586201770627295	0
-.9061724781323295	.9161702264160094	-.6835940699396108	1.8935694615472776	1.093928331291572
-.9338353483475452	1.7358512860068263	0	-.17493213102238653	-.978093467751307
.4159411912999421	1.272719553579819	-.45777592561349467	2.0528084257770267	-1.9386712928860468
1.2070395442047852	1.9428406537058063	-1.1021783231658997	.7979665620578058	-.49441216831348267
1.1795111216043541	2.079168615101523	-.9258957678858701	-1.5620107466710123	-.2021428850915008
.38251697523531303	1.999715425151251	-1.4287297414282447	-.700972102279896	0
.652550049729135	0	-.642640408461436	-.0183827171832478	-.8916707722260849
0	.04034845778405621	.9358608677305298	0	-.7773972800956015
-.28496078313675305	0	1.4533306295974888	-.08208904467541722	.1383172878253112
1.3691043211390506	1.1101937811957132	.9055254150534643	0	.4324429948035314
.7621933576041878	0	.4105989092710844	1.4203941910838203	1.2145618602608603
1.3046958872200896	1.841937871013129	-.5633143270672548	.9450612393993232	.061780814982988354
.5031171044716495	.011711709508731905	-.7098923078131691	.3888443373508056	-1.1281092692225347
.9335916345831994	0	0	0	-1.292550703972527
1.1203491039513782	.41344470116445053	.19598578977285314	-.1023066813218968	-.17211594147868303
2.37117908975082	.7791859395238279	-1.6274740714850189	.20673122749036088	-2.0621466431217494
2.6493102178868106	.8365190327695989	-2.044182924997837	.43717369355119573	-1.7988732539015346
3.0723859447242536	1.3441563135710866	-1.2178138120895374	0	-3.927689049362306
2.409801476208865	.7081136960908038	-1.5516440940988887	-.8967816918786635	-4.634319663385659
2.1393607886688866	.9631841532399531	-1.9469860764412248	-.9362046162809923	-4.630626170396168
3.250018535827883	1.7679688055844942	-1.3305588763875338	0	-4.445379205492453
3.1351398016655616	2.410294114999079	-.6136203654678685	.4052557222249725	-3.9153082864592377
2.8243075289823447	2.179974558260371	0	.114883097314588	-1.820608081528036
.8039585758232952	0	-2.5018903342187975	.6858605020150844	-1.060882732908865
0	.1044175758403802	-.9875153509884134	.10839818514907368	-.3629465776256017
0	-.41377401856350554	-1.1360865407247984	0	-.006124337662942514
-.8126295238513537	-1.179983407821265	0	.2936932122836845	-.11536886624229156
1.1578414152906598	0	.4196966261702936	.0646350189970396	-.5346321442678457
.669584624770213	0	-.10747911314126135	0	-1.5678271805105592
-.9637660777372814	.6623209542706978	0	-.39575749438568275	-.5867419046204523
.3544344005557209	1.1782153523883394	.1077557914613369	-.3677021885929951	0
.8087960031709801	2.2628310121809903	-1.1251249520839919	.703590614804208	0
1.2851520109368346	-.02497320341068937	0	1.2260338198968959	.03497070781875722
1.0255951769055343	-.6233367148220889	.569952024518211	.36927579689822254	.28512306050852576
.061186844472431834	-.580844452766684	-.05522397295748399	1.3436320207491916	.9139995818299503
1.728960025732236	-.8505201423100857	.6808538626610455	.10542946302710354	-.5516155001721329
1.1207827215849484	-.3032065162798683	.004923330730177464	1.1023324940201682	0
.5888781614684064	0	-.40449923993081205	.18557762699780095	-.2548748458651839
.9033792460441561	.8784855026133135	-.3688875592217663	.8927080818635907	-.36076096176350564
1.8671219445043068	.5060161821993268	0	1.0491062117574974	.1717359503784089
1.0391488720551392	.01088782678958422	-1.3941268448449997	.4955915064804205	.3009051453090739
1.6229848423312623	0	-1.9123038996309225	1.0617636950002942	0
1.001010995741684	.5650864436010961	0	0	-.0786981178254098
1.7031540490958044	0	-.21349940372409726	0	-.42524061346553654
1.6540823040603667	0	-.5947280715434246	-.1136419393183092	.521305341178703
1.3697595175194457	0	-.41207778135035983	.6824256309757992	-.4729118478360913
.0009486033867411869	0	0	2.628091071016446	-1.204545700470986
.5596851376194963	-.34547981624536106	.9682088683943255	-.1046034575290431	-1.665541316488077
0	-.9652721263145458	-.6224596082117878	0	-.18733253089836838
0	.2138227322312531	-.2369260466238044	.6958105487978152	0
-.45708800153093376	.005339197117022743	0	-.05971860525426366	.06358899789148031
-.2488769901131475	1.522336095605314	1.7801992633315504	.9934225174777973	-.4812808490027932
-.6538425101719538	0	0	.33680979525715915	.33266329350672746
0	-.8004499429711864	-2.3415783986813863	.9044646683713854	1.8553263758310354
0	-.01867272358659744	-.6639870196366376	.5467367255322362	-.2969453252628411
-.25423738844052735	-.08058066613369803	.8482398170305148	-.427537756338415	0
-.13122466790788767	0	0	.605345981112041	-.3024684879279666
.05714013924566602	0	-.25658019781424957	0	-1.357313130714231
-.22356276491360172	.07109339395851344	.49128236688331434	-1.867883805560743	-.9569819229803953
2.8117027543479094	0	-.9121510940851912	2.7938485736508363	-1.6396749858467445
2.0939406380982373	0	-1.5290677307916423	2.577119734651358	-.6159255837242446
1.3731578809260832	1.7205195691123016	-1.441427380631264	1.998279336480966	0
1.6032904439310058	2.1587055794186587	-1.0184024736545416	2.69805743610437	0
1.6367509090958157	2.5838515702789033	-1.1724699890104597	3.933992103860672	-.027507669723524586
1.0911788889014349	1.323133775195836	-.80992065707275	2.800617272915139	0
2.8192321664869264	1.328217527141475	-1.0242886244731308	1.3774506348803401	1.8467962245766278
2.5066680204801175	1.5739263848766307	-2.056389502886686	0	2.7362029506948105
2.1999560492103227	.9136248482858277	-1.09157491709109	1.6783984113753903	.23625088856824283
4.045502121725089	1.057246881880098	0	.8065088760576266	.10100592313006437
4.222164260985698	.18583673281348068	0	0	0
4.195135801314722	1.3127934143354842	0	1.6059813281949904	1.410974473776472
2.921854666589865	.7952006867893987	0	1.5595369745219367	-.28093099866358184
3.755975438360241	.2596379560196894	0	.8497431330292491	0
2.7907949636484486	1.268903445677667	-.4396292139045532	2.2288574616973063	.9344734392461653
2.5004889594770257	.6162684491962125	-1.1167844024907898	0	-1.02872003123476
4.415686955485289	0	-.03451184493830639	0	-.6054923611927738
1.38905857473315	1.2950753184120067	1.044124329238562	.698007979676698	-.33785969461891197
2.068799031495858	-.007291754401974691	-.14508206432813608	-.08548602976865638	0
2.1217308494410325	.16855451011808759	.2295664842276596	.39768434717242784	0
2.5600315201165786	.9790824875224132	.11243700286211637	1.8220513433243484	-.10135606326737245
3.7502845299751812	.7425937236405263	-.25848297114753865	.30068339431618873	-.46648688594594456
3.6686254288885514	0	.7255049440181753	-.11370103007523535	-.40987974629877777
3.6328065279032535	2.528172144206568	.8004085838317979	-.11389000119318649	1.194213175243795
5.122669053229683	2.25350090820049	0	-1.2863816719459227	.4622659881672625
4.5916095148419025	.9301704405173465	-1.0713921052723379	-.9924663187991931	-.08505106441485738
3.7089352974088428	1.134001143246742	-1.0461406546587129	-.44113691603759597	.3910593830996409
2.8981557709397108	2.1421334021560434	.26641721856657175	1.4447561456742177	-.36559490947507406
2.395236792605306	2.037902477806249	.5167117637803362	1.0743517886142033	0
2.36176596451768	1.775848784269261	0	1.3260934685563226	-.4162900001545653
1.372434747135268	1.2292643484405141	.32516764176008445	1.2034980195559242	1.2435242886583058
.9613743399557522	2.0666474753624686	0	4.909526794754302	0
2.486678404646229	.8336042144817195	-1.3049738140969014	1.8611082473033675	0
1.9011543379765254	1.1648616950073127	-1.8684707928488873	1.0525609269201306	.015746946638194398
3.00725540825558	1.4221355469290662	-1.8203390815539489	0	0
2.1440509346564482	1.3154187554738481	-1.8283472020201066	1.216383750969323	-1.5761283457557904
2.5806869838120634	1.2794847792436612	-1.8490874043449574	1.424651330310687	.11619221036096122
1.7927223654532434	1.864800677887561	-1.715335048924549	-.30841725973365786	0
1.437172017034966	1.121907019117554	-1.81727771286043	.12201980948460356	-2.0851373536141153
1.1550732944161328	1.8844706952242127	-1.1440029093195518	.3836472207761419	-.46124087134535297
2.6827533608135536	2.120599931211797	-1.3113109547452304	.5440688258945863	0
1.8737903020720799	2.578802116385654	-.009478691531698752	1.0687287437075976	.4994937205137997
1.3646568455077719	2.5938113924430386	0	1.464880158098165	-.19548952482820214
2.058954756590394	1.933923900356887	.30934780881238766	.3788909110440236	.6777257497056125
2.6193435410516717	3.2692481867813505	0	0	0
2.1598544802329287	4.13387792053123	0	0	1.036531590867556
3.2390806071613376	2.623276578087908	-.6639868329099126	0	0
2.2929951202611396	2.2987107818848025	-.904429936720758	-.7319359262007602	-.35713101347020143
2.187042241472932	1.7861650540544893	.6062311202031743	0	-1.1384425763281099
2.1921335504603174	1.9896267061761297	-.1001967571296013	.6864807099255035	.6107875061420748
3.3051196023695577	1.5555558418772073	-.2443833427068505	-.7367223275188883	-2.306031484302681
2.7975961505992926	2.195973614153268	-.46755828750568285	-.3873995544763401	-1.0146083455957702
4.194827318450705	2.351889504702073	-1.2663307370805073	-1.582688588627873	.035944960005599214
4.947216846835302	1.312651674406024	.9711864760693074	-2.3631018398082313	-3.5035157614521624
3.2063780865779967	1.6695796559297045	.9628142490046412	0	-3.064512618260287
3.350082167563446	1.8523562057303107	.953634917037554	0	-1.6560915024647949
1.6776092064113814	1.9121926903326316	.5162094603658441	0	-1.9097062676793952
1.6272673631712586	1.9087723588070276	.8929779241723788	0	.07386854382772962
2.438691476799431	1.7442935758360738	1.167862927947503	0	.16491791118136523
3.463954913765847	.931296754035867	0	.5424266076406133	0
2.4287140444605044	.22097892711248127	0	3.3798892230784725	-2.7773414185345757
4.003535709941662	0	-1.0139202804941654	.960985305810986	-2.6062657499814343
2.882782160136825	.06596815484918206	-2.1689990750790105	2.8523136949499808	-1.0365191323695568
1.834001027086731	1.6461005278314995	-3.0688101851654297	2.825216716981271	.32350516158536363
3.0188339363072405	-.2134292677091493	-4.104623859578504	0	-1.6366387972373475
3.1351646428173288	.21167787925581294	-1.1491551915196239	1.5336542906731747	-1.0779363384843992
2.0156630687178656	.7137829937628588	-.8684920747786735	3.1941750684767185	0
2.289735372822377	.9010095381951879	-1.2258119809940282	0	-.8479490088469639
3.2932109026190055	1.5785700946833403	.14432041116607364	-1.3432184427149074	-1.1860313598982624
4.322489018121913	.2766310863375013	-.9688736071830888	-.62515205821869	-.9399094991092324
3.973636036843853	0	-1.1810977851317745	0	-1.2766811001035485
3.8669528955934105	-.741178580234093	-1.0818484676706905	0	-1.6634897956688828
4.828084958462708	-1.084812951517251	-.9053314866222573	.09602572208781254	-.8647160539596183
3.235830670232683	-.04942621757240412	-.49308482889875305	.7687191193800376	-1.6478212937115628
3.0589629998817323	0	-2.5788776063682333	1.743537491916981	1.107535190392823
3.9449137480095144	-.07388965452693164	-.046364697129849475	-.001249727780222143	-.8681824817556838
4.001111292521582	.06208761406436913	-.8196067589870747	0	.071119633368538
1.457304178679398	.2942779996703473	-1.147336619310507	.159496806485834	-.19412659702627927
-.7493910665825562	-.9089385634200787	0	1.016028760496545	-1.413147828567372
1.0487167130210029	-1.3941293279636537	.08799366113571286	-.2865235399336548	-.5760969526212989
.36389925120291416	0	.11941051737599928	0	0
-.0586996210039023	.5901077402323507	.8900048340627834	-.40093442261740814	-1.429391904154336
0	.19025106591167273	-.020847252318567128	.41248321160903434	-.27962986296584424
1.5067143512741836	.8375052893057878	1.3489241180303293	.5254188955213582	-.7961910531254601
.4473742530438612	-.6433527951455632	.7055348313497726	.07763571940694611	-.6675638691987923
1.5678319363270121	-.5779603346655646	.47601908731541454	.49232284049184016	-1.5464318600294498
2.121323084679151	-.16420995944127892	1.0901406075088313	0	-.3091120982457711
2.4132029019940058	-.7623094021944197	1.3633242956547944	.42226348842907435	.05098919600530784
2.858673725871792	-.009111464930754001	1.5211509178685407	0	.10127436101048937
.40700062848349666	0	1.3011919009923711	-.6696891580574108	-.8016794621032362
.6524334895145901	.3896527177842957	0	.6465463609519386	-.08406294390669172
1.3704769356791453	.22534820138931716	-.276848085453235	.7827815193934504	-.4800922732696937
2.8821322838169574	.0540021546673537	-.034326183088770695	.5548315220510369	-.2614888934368629
1.322292192847567	-1.069991652801318	-1.0038762349044486	.5706464739365511	0
0	-.8249637673152543	-.7936869373665861	-.555242683151381	-.04905934029461473
.28595361336584707	0	-.049481786917493775	.48383918578369917	.250680207194969
-.604805685449729	-.28092411734055267	.5740839173209684	.05137441838473239	0
-1.9112228824892785	0	-.9219623554039311	0	-.43507645347624735
.35645002714715945	-.38805621786733546	.7638735139103585	-.7213361057365217	-.888033598332475
0	-.7835265963612702	-.6465101088164991	.47851851465417516	-.6818707367931796
0	-.24860027405958887	0	1.4290483972129375	-.7143261892151318
0	0	-.2973117985324	.33339609613847543	-.2989175480250374
.6867591881212275	-.14912817035286896	-1.0197749940674599	-.4480591107411972	.8042477909510906
0	1.131907359591608	0	-.38671960624884477	.4371478882304183
-.06203936312467233	1.0326805280819125	-.44032098849845414	0	.6135427458391254
.4830598814652437	.26745450697418904	1.0705803187963328	-1.658408843215539	-1.1598308114322886
.6274178100521914	-.6972576467656066	0	0	.932798447579472
1.3219576002874733	.26149547846361476	0	.13862486696727633	-.444746648127712
1.5616589724173755	0	1.389993837835671	.6492939302184076	-.17251212410339334
.8124082993607694	0	.7838593374822455	.1456349399047644	-.3504796185535498
.7025098960422156	0	0	-.16023436056467893	-.7455001668323897
2.1749397380663593	-.8844692953042035	-.7477274239581302	0	-.6362460483335013
2.433840005746687	-.9864034892712467	-.1870799314992349	-.8273629202140758	-.2960044360944564
1.624611265270213	.24396894224992455	-.7935046976304624	.5642381378198815	0
0	0	-1.1333685272761251	0	1.0450091848291043
-1.364049701368302	-.41808694383042283	1.8103234619957964	-2.056813925880343	-.9437489255907454
-.09997641275373303	0	0	-.6942560113009925	1.1537878182382948
.3073855780792496	-.27111703047498764	.8829552395927891	-.6310092119420307	-.15927642562191513
1.3425744915840159	0	0	.38462560196842316	-.5004268155034954
-.13548320017003745	1.4073794489632063	1.3082184924693978	1.0703510256411173	.48747471350250227
-1.0196524833335643	1.1697428979481717	1.070331223740148	1.9462903959005484	1.449738649065174
-.7400094777654899	-.5312599380571618	-.21418150999345653	1.0034767175221	2.04758212235629
.22641338743569184	-.2481958589673616	.45952174903114995	-.07771098306654284	0
0	-1.4240974615439497	0	.1057588687186446	.06141823100246008
.9413497330303053	.14852424241174011	.7392893649593528	-.11806414140157465	0
.3034887627731955	0	1.9269399218934429	0	-.708433240089383
.07021042236909547	.2641389691127616	.8003817749293134	1.593593499426244	.0780516572134608
.38774363765607756	-.42505600221252776	.9339149476204298	.26627809823885834	0
.22109025261536722	-.9532471903590395	0	.6778557149500521	-.0008669831484670598
-.6598645023121997	-.6675920226573202	0	0	-1.8148765155135314
-.20160793981509323	-1.4456322077215376	-.3768301867992691	1.2558942592081237	-1.8835845744279065
0	0	-.12148580956331621	1.180099955607166	.7936308157665392
