x1	x2	x3	x4	x5
.6297198536026678	-.8142564465823248	.2368435581304482	-.006674324689202815	2.201259541732537
0	-.6290867598288816	0	-3.263952383486791	-2.859110323020953
0	0	-5.072381045375803	-5.795914866462962	0
.43347978012713717	6.73633253881734	1.3109040143940627	-.5004733669779918	0
-1.0577173438946752	0	-2.5030913669877246	0	-7.747466539888636
-3.231712198353339	.004039128238931378	.32730330031955834	0	2.046804844332423
1.899888104302384	-.893035130115664	-2.584693892485425	-1.969560122398173	0
7.209834230373463	8.796952704872254	2.18268820826056	-4.711173288622775	-2.7212906047543672
11.638414821141208	9.298903135248194	-3.295730588897154	10.99138408044203	-10.213776423395892
3.1268907429805797	7.043830282279213	0	0	-8.038182854348834
0	12.958166733845847	2.3478922915460183	14.224127428689286	-14.146810168402462
4.743173974272533	8.912799368220329	0	4.818431179432388	-8.882748974369868
7.517107092597899	13.00331777388104	-3.018936720995942	11.449612855759858	-9.415779791065154
8.064470053014407	11.398099003922862	-1.9368348388435044	.04104776205654748	0
9.667599093287096	8.027554987388811	-7.7578951206547435	0	-5.45757935906537
8.333233127080739	15.531206252433432	-3.03499055277464	9.323035726403603	-3.791858226196394
9.132190937980333	10.341398701053762	-3.969359638534621	4.807008196526618	-2.172835129764081
5.184535586276773	9.233187623568682	0	0	0
10.471344737227472	1.4791615965533191	-8.354003503284419	10.616310839343097	-2.569156634535224
14.137401258538706	.47118727814374495	-9.487762368737526	0	-3.0857301829146877
12.315777373887151	5.575525978557563	-7.371008340682906	4.663680210517014	-.045613097578741435
13.194057566813719	4.585662534450884	-9.632836928592885	1.5654495884832191	0
15.872161603013332	0	-11.3025510062813	-3.955536375716814	-3.306968180227308
12.903946621714676	6.67330456008006	-9.819405309608303	8.075939939604165	0
9.024415875978047	6.931452117848509	.21630851630679926	7.848032198819697	-3.102111301033599
8.209653594992412	3.9170288427869346	0	5.521306247411643	-3.9981030866999294
10.943695064863107	7.325045794819911	4.853479273751587	1.8094872562012474	.4383098959572429
6.041253267413999	9.212431509155554	1.8372382578096942	15.550193268325133	.24803381776621392
2.535716891091213	4.461098416278068	-.2829973913551428	.7614863683647723	0
2.520573129398816	1.5799606765264644	-1.4234016254912687	2.290429908052656	0
7.4362066889199365	0	2.2224554536042276	-2.070188596180555	0
6.603098096204564	0	0	5.07663389325043	0
1.2681458879137997	3.496976687306333	0	-4.085203274798005	0
-.7046214367112347	2.4415615860477224	-1.6502557419436654	-.6482382467775308	0
0	2.9842090295799766	0	.08586908174409358	-2.8111818425429753
.6551223970416513	0	0	-.3558200666521162	-.9638914044072009
0	1.0148765350037299	0	5.123749785658372	-.8024244898102809
3.9307652887572484	4.4855884803651	-.580766374049741	1.6816002580884726	-.9164343128653086
.13474957417831512	2.1238667986770263	3.046452249344632	3.1610209990122855	0
-.3094860087270239	0	-.5078935003520412	.7368574546351346	2.932728236887037
-.17617874323476984	1.5615988309026174	2.057305218945482	0	3.9458286014228428
5.205284059963472	.6422477567247173	-.41028656985045053	0	-1.5840421787510335
.660037287933732	1.4278406958510874	-1.5009462353234253	0	-3.2631368755521915
1.712565807810759	.44394815218774775	2.12206364820372	0	-3.0734128371689753
-1.4489263443879077	.3151508180265217	-1.177010477462304	5.7832501636162	2.368521504415637
2.7061550940464887	0	-1.8376202297586022	-2.9338089818221547	3.6176145785389258
5.034333237145859	6.104871300361313	.2499130288688436	-.3190271950268968	.7323302036383632
2.6255321556954527	0	-2.6769395146339967	.9139614192700721	0
-4.51776412860102	1.1868958596378723	-5.209458593856388	0	0
1.2343652556530922	1.319839356907896	0	4.40663865852226	-3.76444786803519
-.6372644024227753	-2.546205929273415	1.0068578289138157	-.8985219846271912	.07114400745306898
3.1194489108920482	5.474967668097918	3.598603996452207	4.620918628731509	.7980628860537909
1.0479174365192727	4.207793932749123	-.571049502213053	-.9991264595742602	-.24415264196924252
5.976774195840098	9.230605783058376	3.195753051015546	15.720226073259369	3.0096562394820454
7.270183057344526	8.965160120138494	-2.319502269085656	7.9902713059134065	-5.184223186590362
12.939575390789077	8.326541284523273	0	-3.7454483846863456	0
1.7241272231151659	5.160182694262509	2.6715360194556257	-.5047329275221835	-2.782754691688575
2.7163170949336743	1.3690235034017877	1.0457259317181524	.7699706524386226	1.0902215886464974
8.400890523793903	2.2382088139129843	.9741270557809689	-2.5707322232416328	-4.69455154409426
11.311963348203344	5.150230048474805	1.2696053947387411	4.872912416942125	-5.22751476550938
.10727334615379158	-1.4282190242874826	-.5729495113058146	3.8684574422542495	1.6890043569275566
5.6090074864926684	1.2568658648521418	.16790011968197893	-8.268196202248733	0
13.19092790525863	-2.798334467700916	-1.0125627372686417	3.16435683891384	-15.366433333388875
4.532357572273927	-2.5594665041161755	-9.556629935814327	10.535223103575758	-3.0406694908533503
10.11491116502495	4.294426770232265	1.432542856209991	4.890044684061151	-6.005952761556781
9.34119295602094	7.098683783847761	0	0	11.727114683618659
14.159276906441194	2.35344193306713	0	-5.527879075556234	0
13.172289194347295	10.615846674987601	0	3.992144114816585	6.725276546576353
5.364236684524886	8.549143391693008	.020085865738748855	14.136229306718391	0
16.546071256847636	10.742795770581068	0	0	11.59525746796698
15.016829572118155	15.194436523951886	0	5.844327411813808	17.599773535836434
13.232372979880406	11.265902198394954	0	5.082472420089268	8.770927739805074
3.208970341964436	9.863918140273299	2.283860730140626	17.89481963391387	.4926220907323211
7.732816139898122	5.025649690094728	3.407691642085525	7.124560803743847	-5.574915675247341
12.637323472958474	7.396870884008499	1.511867255543077	3.5342222468990983	-6.85642380477926
13.26096879204687	6.997330594051089	-2.510221115935103	1.7213505149575348	0
4.113924968149789	5.085431782103405	-1.9415064504017971	6.600614839811148	-7.518278593732608
10.95008443044896	6.666074690762005	0	-1.379832885794567	-9.856451735723432
3.198302849292399	0	0	-.3550883753122869	0
2.5929249035086466	2.069271845090912	-2.3409704913406175	-1.4383975949867995	-1.3689237761267652
1.4412292702239382	1.1532306508210308	1.2369281058764077	1.2105656905195195	0
3.0102256580531046	2.2480123437315105	3.1976417426231594	8.943499896038169	0
-3.7802794497582415	4.333439583397446	3.75785633274975	.5345608537277532	0
-.1948012394855334	6.32467908864811	4.230308983428931	8.662534672079111	-3.45522839815722
1.1702535396442975	-.044963493352689454	0	5.626374259207928	.5737641876118906
.6900506956450284	-.6065312170358802	-2.1726869901454746	6.783635251348783	0
0	-1.3514625160028237	-.8778016301585843	-1.3208804313157616	0
3.871675032216466	2.6176443590534793	0	3.5336032168522538	0
-1.5360580720661923	.6434190715789845	.8292609183516365	.5920064252690724	-1.4497724216963825
0	-.6144117896470108	0	-1.581767025101053	0
3.844924868922038	-1.0041880401535535	-1.932522018033442	0	-1.9414782709011464
0	-1.295365079548802	0	-.7326770757288361	2.5479776705034913
3.4117183778054856	-1.9305819925935856	-1.5388865803181992	-1.8135167161209698	-.8400736596443955
6.730069935279901	2.2657295589382627	6.233569079966161	0	1.684266606703459
7.469255949789884	1.7087581556996387	4.039827948364478	9.469578177691897	-4.116103967190411
12.93645799929867	0	.7214973591402123	10.656516125141664	-7.69938095694376
8.279591514310113	-.7607204256037601	0	7.96012695297282	0
.8417053137907695	0	-6.979957853349033	9.228407604805177	1.320477031592491
0	0	-.3511171513075796	.4920198543820149	.9917107738429629
.14306351670308037	-1.715496289198641	.7274527174678107	-1.322996594385058	-.5695100760922537
6.014414173884894	-1.9408458101539101	1.5899357531195475	0	.4116807319497118
6.2456841146582756	0	3.2634874765519575	2.394655241778045	0
3.9380856734980862	2.2609486713239746	-2.2498522405752066	0	4.613744891399985
6.338530760100905	.6317803245942528	-.8518995354293979	3.212704412858029	-.2507536364897057
-.050581305295834156	2.6303201771221643	3.450398469326065	1.5349230454347993	-1.9191072990628113
-2.150875286589864	2.9949239184611325	3.685425017461756	-2.783784977048264	-1.2221650778603381
1.2655019656665962	-1.470705029184686	1.4819513766672294	3.7303193673715924	-1.61048801602932
7.703143440532093	-4.8815797853259735	-9.26443138978703	5.860581674654495	4.136378240809733
11.591872019054096	.7082436114673889	-5.49817832153907	11.090722216039524	0
8.771745743665777	0	-7.756436490970294	14.161015586094285	0
10.874657298417869	0	-7.570940757237996	1.9131702974275981	0
8.652914831850975	0	-4.296844597587884	19.43154699641333	-.0106587452118162
8.88826601473466	.06162289053733486	-7.709475478791879	18.814600306297187	-1.504828002003979
11.573846081830952	1.1748046531540377	-7.710859546555252	7.005077351219068	7.5270958488794655
14.851901303714488	0	-3.4569819648742772	3.6073917760853753	0
19.906944217667274	-1.5844803415378128	0	0	-5.2383160016382115
18.766587590846104	0	0	-4.768624215380091	0
14.56675527777964	0	0	3.5103888416758515	-9.05748870610169
10.516440983072577	.237497278245708	-2.206586150933279	7.97558975886238	-4.497560181094444
12.902807335600894	0	2.083407161592104	8.337147258880318	.28337161915224357
2.7907858866869675	5.203702305632582	8.60883106068418	8.913199408811954	-2.5957755176416915
14.891777852139217	2.9720543786725564	2.212037115350262	.45651591555708926	-4.750834316252098
6.2870853365435755	2.755563939343363	0	.3612724599034607	-4.863828223112599
6.593051690291047	4.457830916349656	2.017562157238163	-1.6092705460508143	0
2.9597716746017837	-.026678467242223114	-1.0052131115544285	1.6103233794043077	0
0	4.101632938785068	0	0	1.8850511542649098
-.4978904627865721	-.515232406371299	0	.547702954852737	0
4.540955575726347	2.9350996740901842	0	-10.691535879210784	-1.6299300616134857
7.97645857093873	.6575804549971749	1.3379166276232093	0	-5.5730266077068356
-.3106090930529204	0	0	2.4062702937505955	-1.7925924006995149
1.196523170907779	1.2613959848022458	2.056439088652823	-.9604083457437287	0
-1.315875746395048	-.4383129908194917	-.15549609633517747	0	-1.3521032260023498
1.3569911025009351	-.180926241348828	-4.618822867672557	1.993914486443209	0
0	-1.6693498871295471	-1.6576778154839835	0	1.6166909447348694
5.7388369666965495	-1.7704847730044317	-1.8188779160487916	-3.8955789110936854	0
12.998789548051956	.3162475557709121	0	8.72744954826889	-8.4601030793464
16.04224310285542	.566258797774905	-2.7667111204012387	0	-1.734771071700707
20.647373529691645	3.5511049438840487	0	-5.311758578413417	5.60669252951872
21.819733672132056	6.256816278058957	-1.9644367893825243	1.2697423988944925	7.4728498312490075
21.748357586061786	2.1813750981570816	-4.597222796580643	-2.9787846276429284	0
12.144847879569136	1.3294159910756012	-5.4820964115792075	12.860510410992502	0
9.141274718802936	2.2222771622170523	-2.3584030630626227	11.82808196387504	-3.5332113100541007
14.462630806091285	1.1657436466876854	0	8.909104270826557	-3.9582636265395346
10.505333190943588	0	-3.519351847691338	8.071771059135989	-8.926192331829807
10.833412412389276	-.3596887854937245	-7.7148515116109575	10.238929403171555	0
11.803528983195251	0	-5.857983074833638	5.324076760823511	-2.3932005339892326
10.218200066286945	6.515454318480866	-4.447376864460258	10.022547601879216	-1.4214279376618093
14.000623547604768	5.377733655436572	-2.726073107020383	0	-2.8578505121540245
8.732576729594397	7.621996354702951	-5.416484994411457	4.156120481223434	3.702335371475753
10.111682783334514	3.1472613057711847	-4.16984473599261	7.175874129645335	-3.9988573716128473
5.274259878408733	5.208972901905633	-11.377989844152474	15.986008806669027	-.2576321229533982
4.709688683054412	0	-16.55858000444376	14.343226355877258	-5.98011617384379
2.807073164301124	0	-19.118869211893806	19.885197785135606	0
9.42244558677288	.3820355209217996	-10.792232505875376	6.897465870100506	-3.1731719227029793
3.3079961137757894	0	-6.065048014498487	-4.414846863650603	-1.974867054340605
1.4105521935263716	-5.042772588206146	-5.197439659497837	2.6391144238518205	0
8.457517493959195	-2.261659363089756	-2.148016310529965	0	-7.237119874207027
15.068676221519588	0	-4.756121022806261	2.742624207714574	-5.587580890030435
13.039418693267557	0	-.9915133851811684	0	-8.252391755041526
14.015425635710859	.6001396478215106	2.4759498527232413	3.208535974546167	-2.2738647283484283
17.524151593477374	3.868543385949055	3.9547688508367975	-2.952476200964788	0
15.985402672149826	0	-3.097044305680126	4.357725747288865	-3.9490107237853955
17.99166997516349	-.6384351458046487	-4.881470515943561	-6.679982391136344	-5.724133781272545
14.922063268901518	0	-8.51303177653418	-2.514457244407663	0
14.555234604105811	-1.1661766390586106	-9.64486492842475	-.8466274648203553	2.296257790157564
11.175376714782514	0	-2.75311659312061	10.130886584501273	-6.083641592336149
15.401110545598668	2.212977679046144	6.135225633848056	2.0594860801275705	-6.776624177214101
12.480143908691177	3.8947785320154704	-3.0808830400177802	7.5879476496613885	3.2756412025473756
6.938198987324558	-.9114710728321007	-7.349122340773827	18.655955132299535	0
7.721106349615806	-1.1781185589952732	-5.017919159904328	23.491459980591202	-2.645308435163365
2.4136693201538453	-.5063787569204389	-7.225682757983663	26.183692251217636	-3.265686920377302
5.957031847148859	-5.652338787750846	-11.062270375761498	8.98431308309509	0
11.092998913536054	0	0	-4.380121920521935	-5.9823385394552515
24.266763642487955	5.334062595762139	1.1180249531349278	-6.627488854544792	0
13.898601884814408	4.711024899200798	3.6486148547137733	9.474318142744373	-1.984585642787454
15.297102617525006	1.3922800306206795	-.0026519882202251654	6.917475633872376	.8989356256176522
14.749898653165223	0	-3.132531316228026	3.4989606385289913	0
11.542261574734711	0	-5.111413835078716	2.3267260312797706	6.637907776903963
18.98600563247477	-4.91345377258287	-10.681194589009884	7.439814100876397	2.581625469454962
16.34450412571657	0	-7.595623449262055	-.5666913961641518	10.286906872005568
22.20005436854109	-7.033437119206907	-9.029306560566457	-5.619316364634971	0
24.9844539076663	-7.236539529640232	-9.35429810210931	-2.9968138024133832	0
16.699255320224168	-2.2363558451691166	2.7492147096422954	5.846734724557408	1.3521257419358195
16.338114364703085	-4.450832251685861	-3.913986844570541	0	5.544441068747499
16.186490279043618	-1.4403788339786132	-11.284400980852576	12.526454151811482	14.39976969419456
14.832090710498246	0	-9.189644364578887	5.4223145976429254	1.6154068625128721
22.316702833293352	-4.464663747104276	-12.70915348680229	-9.715502161396795	1.4113309353634547
25.642458203067374	-7.163599011248867	-16.274363270762155	-2.6884316288330914	8.74326147860745
24.01775204323487	-9.627006919324993	-10.083537221749598	-3.6816151263895294	-2.1629955206008313
18.785578241420342	-8.904039479470324	-8.495301201951504	4.6956021033010975	-6.215571708606258
18.831749652545536	-8.740652093659946	-6.701645397054903	2.591428824667524	-2.6247872395636396
18.461148557324794	-2.671248151852077	-7.546757138538316	2.2777992888454617	2.2267881736622837
24.413697160085274	-10.521018584616925	-8.754632149608705	-5.326854248049281	-10.635355865722087
23.50575076931525	-10.5816963990396	-7.07695170076385	-5.795606466718849	-15.295181476882217
18.13714449429994	0	1.1238944984964396	-3.7462630170900653	-6.065494279126008
18.692998855169478	.24573181633805308	.4347142720861923	-3.5106775545241447	-8.515290817219347
19.78521096370216	0	-9.154445778594527	5.276637953265032	3.784632549724856
2.9465737630375974	6.7052905587067	0	5.083358816169808	1.8863970428259498
1.8187340762862239	0	3.025419621709296	-.8778102995296625	0
.6837058453008228	.4080928708637246	.6805713298812024	-2.8138233108414425	1.2140640790216368
4.831692007890478	-.24829413343810636	-.36820923809315753	-3.2411851148899133	-1.7855441092676945
1.4792751901423213	6.388680894153193	0	2.354494451892723	2.957276519438552
1.0983481069889534	0	.6939883407094355	0	-1.6236549037005927
6.913430583533632	7.123355173186911	0	6.244551853409786	1.5449682900946868
5.297459134336985	0	-1.939948231336872	0	-.9261722428840065
0	3.2773979360298595	3.19554707936727	5.164397528112302	-5.567738399590268
9.695475365310028	0	4.418244030119514	1.7278352236713919	-1.3476806141595608
13.180751514037162	-1.4225843272796233	1.9004755383593075	7.633156854356714	-2.97909606747867
21.159604187828442	-1.80008347642259	-6.113833034615266	.6087880838076747	-3.5666343259107522
19.222013627705778	-5.544742687467772	-6.519760891230477	-2.774490012942761	-5.205263730315966
20.626348118563953	-4.047877159222614	-6.070493325039696	-2.741803620062238	-3.150854915794932
11.784321190825125	2.634141684892441	-2.8002211154358716	4.9031004816227	-.8343042811459149
13.984823631908359	6.113808000088313	-.1505709618320965	4.117441199465489	.13139971442540083
11.260568724076043	16.092812446706834	6.546577837049496	2.712389315395133	3.27375802464768
10.206637219870741	15.257985365585498	0	6.243574134443541	14.351280994151171
8.56431861996296	8.062260925284495	2.270108220844455	11.832468677914438	-1.653641873981692
8.540562528411801	7.509013043457934	2.6707495713451177	9.169882004272008	.965494405831286
0	14.487834336591629	4.736866456426294	11.801534903183368	5.314557191999995
3.0305148562690336	10.683630246768134	4.120858716402059	14.802778509896685	-6.210220366885873
2.4601579724176075	10.786285946349382	.453020530600847	13.530547741012438	1.1256329762267208
4.595272758428321	7.897633582108862	-3.289945454924052	8.756587077380011	-5.147453586825688
9.82467898901688	13.64449432389953	0	-.11928427387512253	0
9.87718718247031	11.870718511911303	-3.5846363055881696	1.3461762332333325	2.7319212219536504
8.417399765275004	13.281841253289294	-2.708094338933685	2.8289882398897497	.9774431809123225
5.702545687534802	12.035383766115963	1.726201701573154	-1.4570268694760655	-.6796139345342449
4.110657331188168	13.539443974599886	-3.319201509048484	1.142665830171477	-3.869620888358954
2.9578242871029423	11.356359039420756	4.44696528991396	-.17022927617714645	-5.326118598518107
6.00257929165795	15.338100354648864	5.074455023228547	-4.927997449314175	4.276970574431867
5.619388218035747	12.956979793747879	1.6954911236195136	8.30586992202584	-4.964864168697253
7.773972868049729	16.530051532987173	5.920148296363741	1.2212098585428786	0
1.9848223894116104	10.377353471239124	1.979086994092287	0	0
2.496659855899261	12.333841060234526	-1.6273270117377836	2.2435864439833315	-3.5421321415250135
11.837833324348958	12.285970735786567	-2.6501122286009786	-.6854431482225684	0
10.346895585063399	12.780367773391694	-2.681686822182951	-5.002196261432714	0
11.488488025313364	10.095132725848078	-2.651878221174488	-3.0813530697067044	-8.990176732069298
12.384559397373854	10.922186960692525	4.701876297917519	2.523881192958502	-17.699358887091677
-.8578865756266545	-2.0432347839356626	0	-.7214230008256574	2.39564320705981
.6150862210548098	5.504739419478492	1.350406590943452	0	-1.4329766243189597
6.36752799588101	4.987996631826089	-3.3354645471074136	.9323993915658776	-5.5161040189491235
9.252555396293655	7.345482479041018	6.817758967227684	1.267993627956383	-6.48404691435245
11.38690641699215	8.913778364774767	-.6905052948139072	0	-1.1953092662484517
2.508951006002853	6.3744381317993755	-7.543641528006031	15.157853244794632	.024121940409667086
10.173077934412746	9.289929726403555	-4.317820656457442	5.252320686355691	4.9500783054487645
11.640930140581732	3.625978432617634	-1.3831854529790224	3.6285568320487007	-2.1479984645978085
13.925381168172375	7.614703231200055	1.4259235418717044	0	-1.7206095041424125
5.314033448742486	4.541108367102682	-.38484938341103825	5.028567365772776	-5.267868541565387
2.9963223747448766	0	1.5251558645525014	1.5344130190407888	-4.283215247758573
2.34274457684257	10.373906922978602	1.0162695461662563	7.665980805524412	0
11.75281650360421	5.747922375733695	1.7215384621206031	1.711153882009488	-6.1759118079043045
12.76147971776048	8.774023320260495	0	3.2241527201895943	0
10.437763630444847	1.7047445849749814	-3.3333212714353437	13.244916143989032	0
11.23216706723045	5.473190399207749	0	8.577206140388812	2.0538229600605202
7.232967123194364	.4577403147468768	-6.792171694520747	8.598216136374916	5.299228473780248
4.34749007835193	.28662147254412834	-1.713521977323436	6.671334637990885	.016111756934960586
10.709947229539754	2.3860457336765837	-2.4433137773388287	-3.8766711339886726	4.0156765325631785
19.412660118974507	4.364036622032954	-1.7831312268366823	-3.6171025993507886	1.2841034425445714
14.3415691508146	.4480813326765263	-7.167243645426034	0	0
14.818379219763907	-.3305740046399306	-.05052515603534058	0	-7.757717643261115
11.888679806630732	.08812600873110155	-2.6460268649788796	9.381843061970011	-11.667507719135326
7.127581965280659	.13852792050471763	-1.0573074729247365	5.111059172135917	0
5.634775262394575	2.2298221357594423	-.4599699515233613	-1.8996382410919128	2.3977604189264596
4.7450077937929525	1.2316316729016594	2.840473836927729	0	2.0274790087825107
3.7903445447561666	-3.0117144354401364	1.4154145493158479	4.691499394576864	-3.284031594708961
6.569302182446148	0	2.9360918510883134	2.8678107997081823	-1.6470340156683132
4.807119240023553	-3.4277970412022443	5.599426894536733	1.9435124644701098	2.334701618476767
5.843972313976284	-.20849364706601814	.8343469664113412	0	.5462973624027868
13.012602435676236	-3.052151617499658	-.4526159011554105	9.793603107459745	-7.977568205581808
15.53419405727533	0	2.3294936833676108	-.8181899327913271	-7.1620196721511
17.043050328752027	-1.544541679751943	-.13397919937653513	2.6596223667254413	0
19.370684660460576	0	0	0	0
16.590602013293992	0	.2313742879851619	2.2964251046771422	-1.4046616497535351
19.99158401889795	1.309804440933545	0	0	-2.154434075134103
8.05984472757741	-5.985898608141023	-6.014298830466517	12.474285314057392	2.4555575019982143
13.126458795910223	-.35714182237354497	0	12.249298729321678	-4.82174824087862
13.164345206836028	2.178096787983232	-.0010084128464766806	8.810534613893724	0
17.757442980175306	-3.823393778194321	0	0	-6.072397660201041
20.616122042835464	2.827598548173539	0	0	7.141108544793439
20.038329375784276	3.3807289220282737	-.8715681849731896	0	8.296036382907396
22.577399773832315	0	-3.2125980397741922	0	10.737752345883019
15.499354959616161	3.4655209173468298	-2.248372788542592	8.113300608332546	8.283343562109444
17.755756967016058	4.085767043718419	0	0	6.683877566799105
18.878620602002496	0	2.5055322323083047	3.865898519403531	.48897364886659833
19.097026771367833	0	3.3394341100450458	-.18072627449738699	0
13.10465623008523	1.0559058003455761	4.817817190999987	4.508353582890702	10.532091728029087
12.172398577629954	-1.0091032206009913	0	19.827215624699566	5.965191084960357
14.518045939758737	2.7135110325343526	0	16.349098863388832	10.977340317899236
16.525537727799545	0	.12013658279877215	16.476161906472374	10.0769959814853
9.581676632394089	2.5189322491112978	0	25.956620266913582	7.714943089701115
9.41823196062464	0	-8.142516558668792	26.337571422921247	9.23028918848389
7.08675286400865	0	-17.222495506047068	18.519768651310446	18.273799344911406
12.888406803922335	0	-13.961462223117431	12.644245581255719	13.341893555693382
15.262529957924539	0	-17.57623016796471	8.939253367813768	14.932110960236749
10.349708015555532	0	-3.0269624579581484	7.120681640236181	0
15.838089049575766	-2.1049673877796913	-4.552299678499771	10.19299875453808	7.91010828006499
15.476190005387584	3.0472107072128	-3.881811329469227	8.823066719839831	12.339194373628755
17.579572629715866	9.189711992509931	-2.3092908705307624	2.9556071214567665	13.726592201211535
16.77345146342087	-4.067284979999197	-.6881364435074244	1.881118631841113	-6.251514941090946
12.907480648970209	-.8073296845568303	-4.39706072178007	10.054168852807024	.7143578732553975
3.2206828579476188	0	-3.4902409447216383	6.276221594719475	-1.2008020827956503
1.373663177074389	-.4138684861161108	-1.7189598973436726	4.25371791011405	0
1.6710444334843615	-.9783533833745635	-2.4893987478289596	1.0381665313364459	-4.359966726968978
-1.9337977251560654	0	-.1730117433116416	-.5008537892902115	-1.307705531813344
2.4047770263347523	1.374007805424234	1.12264759859305	-.5411987605173139	.4613276504877737
2.8102624765504025	.7366477245914438	-.9717286797285165	0	-2.2125511275461136
2.427158989904781	2.5456338243488843	0	2.371148549069241	-2.1876679414790847
0	6.282382619355452	-3.443286415584862	0	-3.899473546982005
7.344241402374639	-1.6212560932246307	-5.466378929198245	2.977455428925303	-1.3761877110185023
2.2058868668876905	.9919066846643736	0	0	-1.4539383805721184
4.838062938486814	5.857363377204411	1.942424321662801	-.09118194726274531	.49440960344310714
0	.6415444606419554	3.4139779140581603	5.237872971010687	-5.180313059028898
7.592439666115024	0	7.404811160728175	0	-6.345656121739691
3.947553560399034	0	0	2.0233583226415632	-6.1136486954487195
3.588706246562002	1.7077346601624366	-2.260146078639891	6.031171825275379	0
3.60012054614001	0	-3.649266456951573	3.52302019769735	-1.8909008299280443
2.1350160529321536	.903843142445763	-3.3603459549740604	-2.722377295468	1.8596358667529707
2.2639389705727835	-1.9130048304504554	.9807287979954147	0	0
0	3.4837866781773927	-3.191804120421959	0	0
-.695788350984178	2.011875647602622	-.09745116718580182	-5.8271146511050365	0
-1.5272094701412913	-.9683990278222376	.035700543921840966	-1.9253169297831139	-1.72162518751498
3.3443904152556376	0	-4.197461431906166	0	-1.9211400615793741
7.4497991681759625	-.8791318376336361	-4.359182188405458	-8.979998062394488	-3.4690112044411903
10.396334557238767	.6373786054214139	-4.240814197886927	12.120018099271618	2.1347391484734155
14.62140706245875	2.6785779050061214	-.24384466329887514	-2.209685805199876	2.343763923521259
0	0	0	-.20291753953253694	-.6726577965510523
-.0604265763518857	1.9345706883458882	-1.4250617755981614	.031502938030784744	-1.7928551345188148
1.2191653468022647	1.1974752798964874	3.2639972754981867	-1.6033413909441	-1.2581054120929647
-.38533014837796287	0	.510695068154458	.881907875602085	-1.0129611296562995
1.2650900071448767	1.4197453409565024	-3.5881634855449382	0	2.1138462279826635
1.7488679450336644	0	-6.437536202726163	1.9950434927873273	7.1016339628387675
-.8899808609451977	-.7268891373864732	-3.514800397368277	0	-5.484093627970975
0	-.17521034294387405	-1.3648835504860046	3.5675600392957634	0
0	4.008467244322789	-1.8858324662805117	-2.3913601475480477	-.20293520021447664
-.9138863313154604	.8701929503237973	.029559060053305664	0	-2.063672928931413
-1.2179553056064854	-.46547907901445074	-.34502035797854796	0	-2.8606132249193195
.8957941962517078	1.1403487183382215	-.042474529960909724	2.8253033602358775	-1.3759720616576627
0	0	-9.470733698785397	1.072128618685317	6.850902867895328
-3.610924335878555	1.4195608745822468	-5.712794029474251	.835735091991164	0
-3.951682169007865	0	-7.96269064023784	1.8215943009910256	-2.7776155977546404
2.8606003573586873	-.48992657880965096	0	-.11393235309272014	-2.3019479494971704
-.11365596764312569	0	0	-.1643869424908323	-4.33535790651186
5.72253452433453	1.4243351436850133	-.8495360140309001	-.3992892926778068	-5.936538876089065
-2.5352214319914537	0	-2.7592916091141677	1.5929277508621156	2.8714303408745723
-3.1713606603393565	-3.4621435618459775	.17066246141260633	-.24412257425002162	-6.757565068551917
2.808229665605537	0	3.0543652593660706	2.87744959785918	-8.177198996284691
.8612846850584694	.07475680059748004	-.569554809090585	0	4.203706427217442
-.6736450616788158	.5867586376447071	-1.4817440225950418	0	1.84554919015289
2.0951493047878174	-.5924038073910443	-1.5653272927403372	1.4349603533488566	1.9770810589385373
2.814816995416638	.676364852146277	-5.261897538908409	-6.092905004417471	0
1.7469627662596543	-3.0320163931844863	-5.406371531243753	1.8359614011562888	1.9940627886075815
-.28050608711747627	-1.193603976633738	-4.211469519785937	-1.3539546611470394	-1.961111204960615
.28704684210468856	-2.7324634608997576	0	0	.14380189788368525
3.4368111311389207	-.14970624991524395	1.4508509275409527	2.4725620779047057	1.3491326300946038
3.7529956012661176	.24543582956977783	-1.015792331956292	4.490885815893744	.7460362563770726
1.5231973186074794	-3.3363383868045475	1.9947542931597693	-.696519106081869	-2.111631709415282
-.0060644020215012695	0	-2.0092311461191175	0	-.3520687569419542
0	-.3374692822964452	1.1898181189879975	.6487607674975987	.6867567109016428
4.993970599718319	0	-3.0059635134570444	-1.2910360760139001	0
1.5412631889512332	-4.713797518079627	-.9171990093865068	-4.617832423920582	0
0	-1.919037328130894	1.116999266001955	4.601287491939721	-5.202435637728662
4.133308671994762	1.3027130665635431	1.2980020268335524	.9826391867344901	2.3414722036671067
3.130786755611215	1.5063255411672571	1.0933726217720956	3.537420679222632	1.577406800039542
.48486093709378253	-.829482762419418	2.2320618020408505	.21564164642558026	2.473556772641978
1.037898667667634	0	.7946708211912761	.467777769482669	-2.3511190819330823
3.3261732087743985	0	-1.0451516092492934	-.746851179391011	0
6.053709160083992	-.8381442232448791	1.0977842998307987	3.902004342943371	-2.4287064267048293
4.382129915251993	1.111305933956154	2.2408724388991064	1.853910362500604	-3.4443275039759995
0	0	0	3.610129105487112	-2.553031717280303
5.434777745088996	2.0675435355369842	4.495968900453134	-.7828684649405355	1.4944749255570875
5.549405522549497	2.654330815630786	0	1.5038280655985372	2.385455706371335
3.374760633371568	.6034941652537813	-2.471257539551145	3.561202778729416	-3.3884797938477185
12.685066376879714	0	-5.003446423514779	8.8531319117178	1.1823788505943766
11.446005046411862	0	-.5003309276072481	11.754487667762053	1.1047088529179154
14.676874164086719	1.7188574799840675	-2.5841324877488687	7.086397006123522	5.938336367203707
9.975119939128858	4.845509260912111	0	17.127352697718173	4.878547773816477
10.026148601810881	0	-3.5138167837376044	14.934015429834107	0
16.92534125034175	-.9027424971229966	-.3096708031898435	5.28665173977514	1.468467592093635
8.93973880586999	.3165893576258021	-7.149117028472661	10.82610264922392	8.294354528745753
17.08943977034628	0	-1.4868752382702295	10.192201221988544	0
26.151009823303802	5.803737066777704	1.835979242660856	0	14.948951425714352
17.860919392187945	-.18358521360411983	-5.137245925346935	12.325227434922919	10.141870581471057
16.594065331134917	-2.386966917755466	-4.027041162251605	5.594680598047043	6.615172985242226
15.766317623950133	-2.125932238062572	0	10.949622880987876	0
10.169258817999793	-.24716063609459504	1.4532090620759734	10.242845209966445	-15.338017971531151
7.061628147930857	-3.0168254303884297	0	-.33964813470059385	.3245435203008402
19.030365296302534	2.16053108441023	-7.009434601755225	-.012211564775004291	17.67133198637766
17.360452124076453	.6724689654292286	-3.0812878927461	.9977199392451024	2.4275698139898028
18.320753301135305	.7174281657202187	.00019259478428129695	3.415832584156463	.44597832077154514
16.730319829864303	-.516508788969614	0	5.777264763341706	4.3428551656610725
19.308160492304687	3.2362156181261907	-3.9318409576654174	0	10.262813876041982
15.855979542366239	0	-3.0071532345883565	10.098373248523634	-.6544914938304776
14.803166994592328	0	-4.849246922682545	1.8354814619192164	2.671250489216842
12.335900530662922	1.001714119334384	.1397314165282681	1.6611737661428547	.04702307162609587
1.3496785614302347	0	-2.0077338103055897	2.6259035991308473	3.4643723098259342
4.71796288919634	2.1065647230739	2.3936641336859035	.8293921262030457	-1.4934180491813058
12.509618730576467	5.93991190771579	0	0	0
7.037357000741103	0	-6.896634101853317	8.662970087376506	-4.425457764119473
12.295476619974897	-3.33124524248813	-8.456543807222742	3.563707730873905	-3.7501231445326706
11.288430378458418	-1.1767322258676436	-10.266024321258568	10.82005344547444	0
12.033665155749796	-4.275465558941339	-8.06707733814379	0	0
13.939456930450925	.721540899059434	-3.3061552278183655	4.028423746975846	-5.025297678052593
9.154944022385413	0	-4.723330707826497	4.382234273882971	0
11.753387590403682	0	-3.08143871759344	1.0584308394403803	-4.615434113021681
11.915694883259203	8.116436490092424	4.480853934941628	12.191452214056309	-1.8936694197198798
10.380262761731336	1.8076673312310856	1.5863651814345672	4.1550549296316985	1.8890566355814664
4.985181300528292	2.9155115774062437	-1.5207226139999528	3.7404710205108875	2.212402565122151
0	0	-3.6834665106146827	1.8611038903261217	1.1921170521777051
1.8641964108235225	0	-1.7128706386321895	0	3.2411672715411193
5.494193937619794	-2.1113384390823264	-1.5734327690792598	.7686386745968554	.3954013927421013
5.526773755418509	-.06645655767790137	-.8200473870070394	2.3282871295716427	-2.813817321205788
-1.3642051290094077	.7200235149640135	0	.43132506264703807	-.7679564831550119
-.3566917321162849	-3.038048970263579	-5.757416502596869	4.242884166513799	0
6.549164727513613	3.1732540133225577	2.730252437989873	1.0439972340753998	0
6.855065390241194	0	-1.6711540294044958	4.599538995971633	-3.638467340243023
18.330538730594945	-4.740264052818036	-1.4462864093013281	0	-12.224403077586558
18.423405362069662	2.3823663234855106	3.4178012260068003	.20229220363059075	-7.90797793069055
13.56615490236872	.5229708008578355	-.8404868592167594	7.58422374906012	-4.5896921822045735
17.835402648656896	4.278250518840714	-2.7732459020244202	-2.1560036399524103	3.884600391007721
14.526938833752997	0	-2.7957751315289787	6.089252118506859	-1.2949454460063077
12.387858043856527	-.894210011561018	-3.9440526439203154	4.65669763853354	-4.662457005071987
14.415308597223904	1.7926229068088362	0	1.9314079597227183	-3.806334436481584
12.686913497815064	3.371478629693317	0	9.382569786433024	-5.952034687724879
9.874602901314043	.08437985933276515	-3.7461706225605047	8.066082977765634	-.473770994751221
13.855627616123954	2.557558720470004	2.5264607794888168	4.053437310975192	-3.9708772786856787
10.594716492917172	7.342679525398333	9.425235658594618	5.300190965559784	-3.3394826121465204
9.37492168108954	6.530257809623311	10.140887505713433	3.919067884436111	-7.547531506091402
8.937185591924726	12.654362919288992	12.122063222130933	14.3293972173134	-6.3013389317675905
9.710176565928203	5.087378231911513	3.133231171068033	7.106120910266197	-4.744170508890758
10.208653086900364	5.6167274400472955	0	12.357958525546914	-2.2790413321292746
13.30224917640493	1.3250014349809498	-3.0426445463016685	5.3738508644643375	-6.615121486942437
12.242733080094268	3.787848066735749	-2.3955585229413754	9.158090248624614	-5.209423910416069
1.761662110633405	2.3733688319892456	-.2745651714619768	2.7579252993894112	0
0	2.2874535276796566	-1.9659436330870452	3.1461671156799778	0
10.3009789572302	-3.2331048851755195	-4.559924463182964	-1.9534314256125018	-.9959077889392569
8.46762698658299	.7450268671729252	-1.1577689329396392	9.41731926121103	-4.7289986125908605
10.21299940476726	0	-.3477900202140378	-.7565388282082619	-6.522979120073694
10.164831183121494	4.59268811208085	1.4301431417522403	1.1177105319156402	1.6898961250752103
5.483339364684955	8.258079743255195	0	11.97343149922692	0
9.233449827363014	3.9773071307324974	-4.752061013970916	7.315788917364816	.6288323156541663
-1.6887843624692123	7.533865374257816	.12145007584040268	2.0293075204565074	1.7857934327519336
2.064855030590256	4.0829974369039155	-4.660912667048266	-1.091505510855538	-.16433113627217832
10.70550153081102	3.1399145561072053	0	1.0598659654637392	-6.285523055701268
11.508537754829065	9.389839831075015	-1.7787309977389565	8.706071550984536	-9.44190170600213
0	.09754265553034402	-5.645526258522574	-5.535474419054702	-1.1004968727203612
0	1.3764923824488569	-4.554554017164769	.5351300294400044	-4.551862888372965
0	0	-8.055517654413656	3.12878884538309	-1.843047493239013
0	0	-5.265812473856989	1.2399451981364333	-2.8779688583186194
4.664623173128695	2.7245032222387	0	0	-2.114137512045498
11.011598731391587	0	-7.636076817039445	-1.8227327536349693	-1.6108754876640772
3.364192824435415	5.001181718671395	-6.66698863503697	0	0
14.107765116106302	7.197909517458519	-.9375197245939844	0	0
9.675864521409137	0	-1.4797040448370926	3.5147323948063325	-7.081839834459005
8.404833728479806	1.5324752407312128	-.8087041997582145	12.390090018023926	-8.123045666620275
7.8251498607352135	-1.0086763276545068	-4.64703864580015	9.545817543447864	-10.622405265033251
9.569006087960089	3.964323057094688	-5.195843816445676	11.412539847750981	-.5210798922986624
8.142466537896798	2.0382005543891353	-4.409077826482335	13.344008589737584	0
11.595339093620593	7.039984086873082	-2.2711662318557524	.8758398445146014	3.5012137784293618
13.8358350328625	7.46603331484147	-2.8144784875024587	.2396104818902165	-.7162438846368424
15.054801989922248	3.0596828365655244	-5.499284650889714	1.2892766044419384	0
14.096722739469081	6.038202773709042	-6.350422653171646	4.656154207633265	-.8266390023705145
10.998999865328178	5.401995069855605	1.5855961837324122	2.7395065809466113	-2.9739980406091506
6.523904058511519	3.63376523991773	0	16.976870897008496	-9.758950715775065
5.854153446435003	1.7719155657482242	-2.2970955056522477	12.602275172697073	-4.523012562727775
-.2530377916884339	2.251613326419873	1.450091745478756	2.6918873598967	.7860969984779711
0	1.4638659064672954	-2.5002290515028	1.1434694616079397	1.1328119447243663
3.6987220102185017	0	-1.1979694345277927	1.7296869899465657	0
3.0359133878499596	3.680126469967465	.21216881266946142	-1.3022019271357257	0
8.853277321610939	6.021620311302038	-4.854529541675868	-.9710019013969848	0
7.541232594383847	7.399589804085858	0	8.160382710309815	-3.63252005094078
5.826018395978584	8.899600272146042	0	18.01346532373762	-5.107246149300733
5.911749562832279	6.103318244647053	0	7.808477412771245	-8.54653943117995
11.86117980545051	-.3804027581486018	2.5003991590341053	4.522709731628304	-11.340779003975362
5.312902137026416	-4.816159723140047	-5.667450653701005	7.307155035121096	-18.73605344032952
13.12166444639618	4.758449277111766	7.195879767774585	1.4198495353052771	-5.518934628218443
12.373754698734784	13.869461897556999	15.240663858475983	.06307082863690283	-1.58031978134241
10.016803017378	18.49947195535021	19.19479721988265	-4.05760356471648	2.8734914718671085
8.384348986853384	19.69579125093332	8.868484964051737	6.6907697047250085	10.830545289752571
10.556414956879522	10.516734928536788	11.17412996555067	0	-4.994041689796859
10.566935842498413	10.714825860635344	7.298699563441361	9.115404779812199	1.5695604859808263
4.538647262443338	11.31268780444444	-2.6420621995744686	16.720209620479046	10.687511019357128
6.8520731865861935	6.061212903669964	0	14.987832968190586	0
11.846443721606109	9.833207128779652	0	6.253111292223766	2.6030815477552167
12.832889561528749	8.33995647184182	0	6.340415890464058	2.013281989117988
12.50991408292855	1.5919626482690645	-1.7533930248291125	2.2385127867079326	2.9922604550688248
12.568559650755352	6.827400054670131	.14532662474102553	.40887199479468533	1.7155545620920756
16.146060123759575	3.9376560360136894	-6.070805905253613	-3.920940227659574	-.6237771159453005
16.957115237492147	-1.1822059900905246	-7.135947732845361	-3.5133563801166208	-5.92415604708314
9.734276504735329	0	-6.951469302780527	10.136370033131756	-7.651293279235457
11.161158122812582	0	-5.390014277451911	8.819499344242342	-11.53429869412892
11.291141517603224	3.795421451959556	-5.841416027075422	4.29177510427319	3.778239440560643
13.036403050622566	5.658997746604673	-2.7208243697567136	1.2847928551690797	0
10.696844948230284	.8531297613442255	-8.327138295570657	2.646550914950378	-5.127074684037641
8.766463733460903	3.160307766662728	-12.586162558723508	12.546040433212788	-3.7348626402484006
12.32983993800239	.34617245919354855	-12.90427520905999	0	0
14.94753276526923	4.278534843090442	-6.5385416653238115	-1.7838034433847452	0
12.730508837025713	0	.5578432689356712	-6.95711136407615	-5.405715483647266
11.75440920587106	2.8821641279553902	0	3.409664457807657	-11.637886554093576
0	12.286379925546196	0	8.689076226938296	4.582397231886901
7.1924713480949	4.604061389297282	0	4.660891910034248	-19.15130077859365
4.343759820877006	12.065911771756763	4.807589310216862	9.300591535833908	-8.266608532267714
6.312238582502867	8.298254931446785	-1.70774983018689	-.6969726486728662	1.9982374160614689
8.992122608126925	7.459833662122943	-8.073516385105444	8.99896064921382	-4.794128454178127
10.097576063761268	7.820972067001182	-6.961359359282279	0	-6.794883348592753
9.773762951713554	8.380655199490235	-8.054962816949496	2.8649924196613927	0
7.026484874309752	9.67815387396251	-10.937428507113653	0	-2.0843515223102616
4.2251396355430835	9.022374094676463	-6.14947639032999	4.441953808333036	-8.980535255275274
6.015375086180525	8.606303896775064	-4.208667552169573	8.34219333574723	-11.901454857179344
5.8656385528335875	9.07666630398568	-8.452978679449863	10.006504805856741	-5.096318504424944
7.533089422461176	12.54577219895136	-1.3417517977855207	-1.2328321407656375	-8.632571537260645
11.532000474024471	9.136917072612427	-10.20534300109754	0	-1.0011803100522103
8.017405471134822	13.211463439075525	-6.653810971657306	-.23279388092451203	-6.9251903144092815
5.597876864596165	9.291976249291363	-11.723356577570847	5.654349529881176	-7.321405314146201
8.148975890641701	16.062790392333753	-3.6881909764906604	-1.850820250429321	-8.038400898916061
0	16.29134566826232	-4.212296940395845	6.3488242066209875	0
2.321016447756022	15.381796925961757	-3.631107266700555	-6.743398962173166	-7.681680530052501
11.484648065659924	14.270169998590156	-2.557842082989337	-5.988061596358424	-12.263073919370129
8.53353331611372	16.340835836777885	-4.6128152716455455	-.4079119671202177	-2.8591395030568774
4.665623646253318	13.704133117329388	3.1410166089806717	1.9256531691944139	-9.816261026327483
0	19.33692537998452	0	13.502524070637866	-6.577451556153454
0	17.879713413421996	0	16.726615307786776	5.409952977825207
6.455629774816493	16.0748652553918	-6.952159804713822	0	0
0	12.744302463889404	-4.609061204459232	9.315296512015756	-10.907396177542038
.44492627800985574	13.705796118034247	-3.604187840758702	11.455714200367465	-9.30411487915114
-.5809040120687574	14.633399022539374	-6.386510792684134	14.278010860011936	-4.361608316403108
7.57589022701446	16.594722282902936	-7.560977067765185	-5.365226434393129	2.3024254646732847
5.232635606248209	13.46616152596582	-18.21818762462634	0	4.100610989812684
8.47961910076722	8.383811309005203	-18.433073450275167	-2.6539342664007792	-1.3145592815121945
10.980296869571987	7.0729610846087345	-16.700702788942273	-9.043964690627023	0
7.731578999317613	12.114384859401705	-17.06081343299029	0	0
8.31995352883957	2.511510185768691	-21.161842044091685	-.4977917119669919	0
6.616760224335796	6.727728998543185	-16.38724952268126	1.3743599541191276	-3.43452026679558
4.719750811015227	4.189040382306935	-25.901576714907954	5.187512476639651	-3.733561725161908
6.168741582667088	7.126339278603518	-27.089402149212923	3.8755678314686453	0
0	4.285716448156065	-31.65495266094985	14.418254373666514	.7598688547706951
0	1.892444508116799	-28.593960006944396	15.699963620238988	-10.322984130825523
2.0336896678377574	6.239636132615378	-16.57848015982103	2.0387917573618015	-8.372528627986362
4.808565313382619	10.264344357797091	-8.235809184401251	2.3709362855502207	0
7.227658473787893	13.271822037399074	-10.293518293472719	4.584647222949985	-3.767143294470724
6.575397398662142	4.448456133183029	-11.673463749272058	7.239805647307831	-16.77956581400163
8.21151704734767	7.145419945031462	-10.369485098805006	.18635675053802458	-10.224785167509864
9.40671223420793	12.934148212849614	-11.354435513072245	0	-6.038728992777368
8.434853339119854	16.674624715573486	-4.8877823362671196	0	-6.224676402275798
9.015750858562358	8.968656229955874	-11.01134441961292	1.5875491418878824	-5.998334516169807
8.148364978478899	9.195846026615314	-9.806955382983018	-3.921912752150206	-2.4274990396600566
3.4892095189617724	13.63990194100115	-5.185107920762114	1.7148053318893082	.307089776011956
6.131924866159815	13.512059636890378	-8.774991539974696	6.840234241089117	0
8.361194179742444	13.144640784175337	-7.463670684260016	5.824717771351549	-.49332418400389055
9.04329923832957	8.554946819901286	-8.7894621373101	4.236812301976643	0
-2.9630064915106193	.050911611481280206	-4.154390084807645	-3.0057188670695356	-2.450671499423131
-1.5298610357139404	.5228905965651081	-1.8365938351441757	-4.5146980075173495	-.6798372199931697
0	2.8620998644099833	.5761891076820042	-1.4628730662879281	1.0902703289713713
.9457761353973919	8.340041891925445	-3.860265831176058	0	-3.6937822043189485
6.000694687807167	18.164711351583925	7.693854265183999	8.558803790986332	-3.473548589624125
2.586958424802254	20.149744538298027	5.63721596516549	9.91332293215424	-.5352762690286479
5.06818007865064	19.087165493556068	0	7.993823170575768	3.024510658456153
0	15.99639557947368	-4.751582530636671	11.263904674376514	2.5859933590332735
.030682009535699217	14.960758394825495	-6.965334727731474	14.53752443375975	4.9194739861589
-3.2321449834617706	18.47716610763018	-10.88880616325078	21.63116485685827	11.945897557320622
2.7544634397138847	15.109099394195356	-6.5680454922785065	11.698488753961163	-3.679965301690277
0	11.475572972554541	-10.44029200517783	14.766684693584107	6.064406008362236
2.308438672044195	14.806599622205775	-12.043508738421002	8.488170989218094	8.019490667531732
0	14.01850509911458	-2.611357626289837	10.687717031085649	-.27532657755247225
6.028805825240425	16.881850021993554	-.326129870948511	9.318153182911857	0
7.387270953472196	19.813909943992314	-2.663596799051069	0	.7249550808103056
4.973872818892393	10.748132575294312	-1.256920842531228	-.8046457704223273	-6.185913172553087
0	4.395478594467954	.6780913440470615	-.5313415933941715	1.4874020511591408
2.769260758089372	5.727709303489382	-1.156866823849319	0	1.250695259145783
-1.113359295985732	0	.16048152905991842	-.3021650722658017	0
3.7703241929218425	.5455708511078574	-2.379417475318992	-2.5361045444531944	.023316163463496853
6.940144303497662	15.960502762162442	-10.258804134960515	4.81248678270358	0
9.568570882371763	11.66573674574558	-7.934865291665243	-.5965851436804959	-3.3620557630547445
9.030958490766345	13.185632978818443	-12.045137645364607	-.9291901156171304	3.438854477508325
12.781574363280127	12.407317269006944	-11.503051844979218	0	3.6001848167936803
8.201567821829002	12.063770824590515	-16.042089800042238	7.999909991619089	9.190831483733945
6.0696797766779955	14.019149851991195	-17.84529813252624	10.980385342183336	14.560281790519818
10.484451508570407	12.510638645394293	-11.33810178186965	0	8.539042284728344
3.775012391694586	5.201774811394538	-18.82346870522477	11.618803575635795	0
8.068341455456707	4.024359898167422	-20.03363516969838	3.905034759351338	0
0	8.382825260069852	-19.08926308209102	13.875718236294443	0
.09272541200412698	2.408572930801577	-20.600607119825597	18.183050375671385	-9.710728432099884
8.237135335302575	14.47115074858778	-4.849531429214639	-.2686988874270654	-6.184847066864944
4.446838544569701	9.982596258502648	-8.405822627531556	8.069143229650825	-1.5720577831068645
5.2066004782157504	6.390388049350779	1.0409967809380847	-4.325598951323033	0
10.362162598858347	13.217668072198595	0	2.8129327302313643	0
9.107182406756978	12.043098186787944	-2.5251637515213017	6.184512997322616	0
11.28453099116052	10.892882501350531	-1.256894951098717	3.090380223216719	-4.4511541623083986
7.64230115812074	5.787391417831888	-5.474481128262906	8.589175656689076	-9.42584034001818
5.086776835604757	7.957203030002622	0	3.281548699013052	-3.228275635569976
3.653668998306205	1.5345354978640982	-3.2543761845097054	-.8933405898437338	-4.854099091824841
1.7182670171102907	3.724687238624077	-1.005051017898676	0	0
0	1.6403998167480522	2.7518956784186734	.2558796701252074	-.7154220064715379
12.95395762731844	2.4158718837571476	-7.726321482260017	1.1890603940216162	-11.295477633232592
12.571194183399854	14.174556581210554	7.521044855005186	0	-4.6914627854723925
4.093609768766115	10.950416394558358	.09568901983999423	4.370466991458804	-.9125359851638906
9.130935086520427	14.780714341473807	7.382760259549211	3.317589180762871	-.2666607321803775
12.133978607906528	11.842949383942381	4.084215272589248	.9038489506569989	-4.864848597421942
13.872019740869751	8.745951021394735	4.170262791059381	1.9051850108376742	-5.114086694245211
-2.4449030054868963	.4504828638181708	-.922710170561764	4.662628421464296	0
3.9074316818851345	-.1702584845219689	0	11.788278286607959	.027919305299046293
10.422734234991344	7.341442227564	-2.246477892493943	8.7937243831728	4.36070286821591
10.800014583157937	2.6412851069184176	-.07332626256084471	5.865068382036342	-4.263242756858126
13.690576891520559	1.1625158602411447	.5464704414618797	4.808265998287224	-2.216238809957469
13.351067851281519	9.143204681840414	-1.0531358790507581	4.231529962339591	6.913220389697933
15.902491728735317	4.301319483985876	-4.370253786606074	0	0
11.086589141829755	10.727628904681898	.2978580218131919	0	0
11.398141614999908	0	-10.675529172905565	3.385233224405412	0
11.115172588477892	-.30414859872373473	-9.754049493074666	7.906042084184367	-5.767654193522607
15.407396430636728	0	0	0	-4.220378048984463
14.107832134300446	-2.4651214388925635	-8.435493504801599	7.015705245474306	2.4770096587017147
8.931790751724352	2.1548942984888857	0	9.463284336096383	-1.73477660009861
11.00575627764352	1.7495785506880785	-.35780257696858553	6.68458590293408	0
13.112337874540954	3.783545904675373	.985517592012301	6.622351124172738	-1.4059029503429326
13.508481953323791	2.8633473648534062	4.382693690548285	5.497270777210657	-3.975605334986591
15.609945804032392	4.8447401001752715	5.0123557668710905	0	-.931840488212086
13.720619284026524	7.462833114177381	8.007093244468445	9.750685442393697	-5.604767055511401
4.6931212101802195	9.014712512540294	6.428000498998735	16.899227571404154	-4.483660610265188
15.333121729601462	6.650722645452454	7.8567998938556185	6.000374808678334	-1.8389007920202025
16.60299854768173	13.240875122185923	15.97543442801124	0	11.007721448492006
19.127928756155942	18.712635269517428	18.003855072556664	.9881167864402646	13.890641219511979
18.480254988068914	15.929577684892363	21.7239432253099	4.431485420973731	10.724725451279173
9.398005252675917	10.612488841403755	14.640971269387942	17.517265037771907	-1.407280280686717
13.894918775826225	3.9190270636780062	5.836404173963826	7.2673239014252236	0
13.980576610649864	-2.3061396717229314	2.8846047491796134	8.105704333065857	2.337886200479145
9.84788398482353	0	-4.025249726783881	22.258476777850525	5.442510127889387
0	.8421600169066139	-.14968697627979743	3.043137625637418	0
1.7929322286556217	-1.609091355155699	-.18600882778948047	-.5265811003126963	0
4.695505023976571	.37115713096706904	0	.5145473668777178	1.5419720589713828
7.5802300984865125	2.809072413527044	4.118601602884334	-3.7906597447195143	2.599470083026554
18.14433849954777	-1.8459350803096946	-3.501050739833054	0	-3.5982760758514276
12.437168780688417	3.487603759480684	0	10.458045323307896	3.8318052564089964
20.46784357123446	0	-3.316125028144234	-4.341139527549166	8.00092385139958
5.000593104130549	0	2.0455082832729787	13.271370837628842	-5.751306222396062
6.9363857583899975	0	-.5515279612986169	25.31553405823949	0
7.993948411960457	1.8019857192569626	-6.041741628172448	17.584399560864007	2.157244830018707
10.685653424379291	-3.5017406561361586	-5.073918568198498	9.231271145948153	.08941924208677854
12.070600763227532	-5.334091335776421	-4.290986615121049	5.573351120755971	-7.232291829665003
13.728308028772773	2.0700406794043973	3.050576721043471	-.11200660817317099	-3.942099717479872
15.046197088755457	.5976541751433158	-2.1732499984116638	6.295837465375551	0
15.799035572004778	0	1.5734877503688867	4.949046294798413	-4.645564222604493
12.634598492877178	3.7037039378059724	.8734860269294533	9.687939101602806	.09872068407463885
17.0527648982978	0	-3.0289399299038906	4.382407209561761	0
12.828664272784101	.3015496297208423	-9.127444535933236	2.44328698008197	-.7574664383013929
17.758083151174727	-2.493553527422502	-17.125736156199174	-3.539497035858358	.6115986604192898
14.290071267410266	-9.869541920335278	-15.979516656368737	5.445288877972917	-1.609058096921423
14.588070843893195	-6.7847532576729535	-8.317185871255901	4.575261632039307	-6.177383783250634
14.999506135097255	-8.278068265127574	-7.641907117569579	9.12915933219281	-7.321627117435231
14.365368042607262	-3.202650554310803	-7.248255983265722	7.175922958307582	-7.82289979187153
14.742586458036342	0	0	9.437849227429414	0
15.537606576323974	-2.1951312628510795	-5.886764694436598	13.630832123774114	.7394618144456578
8.321944337407801	0	4.824747310469563	8.526543648085404	-9.857169043244703
12.986422298513288	.9391614231490084	3.9193279367240708	-1.574752473948883	0
16.186838102155697	7.093439298116257	8.795177329017248	3.103944729921415	1.5361154144236853
12.549979973607243	-1.040075415095929	0	10.028960789556605	5.075260140709288
12.770672610366681	4.291262488241365	1.763428436187188	12.700747021366954	-3.087091705134381
13.331738905157644	-3.1607541246132564	-.9627531948046352	9.368698466510807	-6.698321569392332
9.11033467383935	.5467776558336999	-7.536627682662836	15.424822614248047	5.593298543034621
9.33107639276889	-1.6739051728045908	-12.964038552822927	17.651924252798775	4.054166839018118
9.542596509927321	-1.7498925515795054	-8.318814609707864	19.072700869754446	-1.0804349145867453
13.813531784163116	-4.096602351186297	-10.601061506739695	8.97801115478733	8.958014381274557
16.218507660785892	-3.9531254613526734	-12.055787999654454	7.916021245079422	-1.0944725821464867
13.103532240952093	0	-8.05426559420809	13.000036776088674	3.86705618410391
12.047566578114537	0	-8.199774376014041	10.41640143013125	5.554027504580378
18.29090731597104	1.8812199335106412	0	0	.2544717238505243
17.135181069458636	-7.429148398308573	-4.839040567112894	0	.3419842429838271
2.4792905642441063	3.9298427570834917	1.5480516458776306	-1.208756706242196	2.3075174495427984
5.058449870674462	0	0	-2.308133981065875	.3523973298595564
7.854481900007988	.027799835244319393	5.700017768326047	7.141611395145474	-9.647714872225954
15.202852701269705	3.9979137751901197	-.3873123015985157	3.0631849576402086	-.644656920411244
10.036157368878934	1.3888468088198074	-1.7882845816831816	3.113604316150383	0
11.795366006875804	.07179382908341769	-1.991365122405928	.7265613914753906	0
14.459647898114484	0	-.32953792127703974	1.2734341147465933	-4.188204317300736
8.601949108329158	-3.075918036848564	-8.022613990281489	16.363581521234607	0
19.08586457155218	0	-.9615737712059901	-2.2104989966334747	0
23.678719898578702	4.2650719976782225	-1.3369688927432728	-5.533076152977727	.6496690916947823
16.300128800807173	0	-7.686891190184566	3.739607234187713	-.10957168566399744
11.371057064663283	0	-4.853921513984445	1.5174227470632782	0
12.356894047993688	3.292407215271841	-3.112044928190568	6.107298115816771	-1.6642335937378514
15.60702577322643	4.033427765560449	-2.1866739963353075	1.1185810208117615	1.0535063430477023
16.292670167136208	0	-3.9820479890712503	3.726599283310833	-3.2518090625997433
12.686779143686206	6.451373423616277	1.209840086281916	8.669905417452402	0
6.252547797609802	6.558689612305345	0	6.942167028968583	-9.116730827985577
10.288770916768623	5.8141832319307865	-.7507987036488766	.8192229428748035	.003951890556062265
2.5142637494263425	2.555491585013411	3.014577259070874	2.378521575936619	-3.8723433632059305
0	3.166593173674098	3.2581102021538912	7.093785451648209	0
.7487292469873655	0	.6909211302594727	4.9309313217748905	-.24480547379425144
2.683980965185968	0	4.2295370394728184	5.344061643223436	0
5.272024859764876	0	-1.2027145722296646	0	-1.673462314178428
-2.8042396057400865	-2.3603562318501194	4.42746355826486	0	.45101099504141295
1.5787809947845575	-1.826335576850369	0	0	-2.0915493844576014
-1.1318469118828558	0	-4.4411477846916085	2.577193429038386	1.9461922340642905
.5020536480006732	-.4620571235583364	2.5775501674565975	-3.103032462587052	1.6592487974852237
1.1113606738519275	1.392823309547308	.9586564294117605	0	4.205258119049391
7.5805080973944365	11.57851671680404	-1.0258501100317312	12.632986655500366	0
1.9365926386783414	13.824338182435508	0	17.306131949756875	0
6.175675087132994	11.953855717132326	-2.0826863175834602	10.878565939712077	-3.8336830581216303
5.911944701783817	10.846551092746289	-6.798431535303817	8.03740589789665	-.26397637962013853
8.921933203441434	10.5314598095314	-1.9481459689744887	5.70126816844473	-7.505105408815154
8.807462344856873	8.823426623650862	-5.698124779031813	3.3329508284488174	-3.9855279723468486
4.334774817598235	9.69550309673965	-7.586399182347227	8.903560091577571	-3.2699334581380457
7.196502019237688	10.300979775778204	-5.852965616348059	6.886561916362537	-6.328609228008081
10.317409045783025	11.120706400520719	-5.5405923771893555	-1.6944176783061757	-4.265361299866871
8.420820653371521	8.014655717393811	-5.475514563219777	0	-9.762772701403733
11.243229728242325	6.029375093993038	-9.964520456271467	0	-5.5499359981989835
17.961203639741658	6.5112649833673935	-12.909046726846059	-6.213663032073355	0
4.488267482678031	8.821223876012665	-6.9709658245465445	-.8828602119698392	-2.4325846000955647
9.595796363489315	3.829571688140157	-13.564636565615798	3.1445030506152114	.8660277625704813
12.473632475496503	2.710925210759501	-13.986835247826406	5.669990654312288	-.3135104020425423
10.234879715783293	6.924331200298191	-8.184097367581167	5.417389444175196	0
13.494288118820782	4.102489310350778	-10.282336202033639	0	0
17.355159897554085	2.8713733149154437	-7.45734572463833	-2.977392150360211	0
11.004357578111929	3.087052530757096	-4.257319596969519	5.281508958322468	-1.6666600335993214
6.021343424760016	12.747272234718844	.13833058126573886	15.540627080446688	7.057703639224323
8.291545073654738	12.032651293236631	-3.588643770958945	9.115839146777295	0
9.42077265340046	8.463632466847907	0	1.6997868437659767	-4.7283171501153545
12.145655257958026	7.05284619742897	0	-3.6691596066462284	0
8.106869671374616	8.233367285624213	0	-1.558790234292173	.409561559061437
11.014527612175062	1.2964154619002524	0	4.216330555915397	-10.921435687806225
11.73294031243992	4.788844186506144	0	-.5609283064124702	-1.698619295723886
9.40653280560269	2.6712535114124427	-.9628796974065823	8.111380428408415	-5.143671976048347
9.019150465753015	5.071992615133051	-4.528907843020635	10.259093763170663	0
3.5923200200787644	0	-1.5310600367198273	5.653835390979234	-1.6464272240705577
2.113424622500836	.9278866560804142	-1.668354314312428	4.674013521388929	-1.999847287388897
3.2335854418840713	1.5156267904228091	.8335314289910567	-.4026722067556978	-2.2039483330736935
0	.49235192276914164	3.085394797891441	2.8428354805410483	-3.3904649126406903
2.8773096700256504	8.362718120590294	0	6.705829461673242	-1.0827116460452446
-.17997096658337952	-1.7645660628106328	-2.2159676166765934	0	-1.002184776220846
4.887958936986514	3.526841537172564	-3.0604577895435368	1.8347633426778245	1.1845585613397203
6.446454643660271	5.3844324385304425	-.38828968209320047	4.63978987826795	.23071691446076276
6.3355075685786595	8.56920418542531	-2.0455818229001475	1.0582738994165246	0
13.483555839832894	0	-5.453562092600073	0	-9.877473284120375
15.543163769420893	0	-8.759507062137308	4.012332959275676	-6.995733311851856
6.565310654035413	0	-17.88484489572214	8.145541314392862	12.953594878812634
8.243672925942757	-1.9329079539885767	-14.217727181393636	9.480662838277244	1.2690706318321712
9.711768614075014	2.1157311890836916	-12.13846863078065	11.38144005739251	12.13038606486914
8.882029268618496	0	-10.746182141060967	7.769384970577898	.30914332089927243
9.365428957324507	.7424570267686691	-11.922441981550648	9.214618301706148	.2786115272056764
10.158743606128441	1.7169160405679615	-3.4817233784912682	6.316214008593356	-4.856555756566816
3.841178879375109	4.491022206550092	-6.787488212566808	8.70436455631964	-2.6044233995546566
13.85354047936	7.359067550865195	-11.795985507789027	0	6.351138537033565
12.791610709603285	8.798429557240679	-8.324459675364261	0	-.3835969275767055
5.390671864921098	4.151936023119841	-14.133498949973497	14.36603661231543	0
3.220519604226892	0	-19.10473292327221	23.66512502893527	0
3.73802695561814	0	-19.46032370154096	15.23638215298957	-3.399253858091429
4.871264728054538	-1.9595209593513765	-13.842965915281113	9.870779284146872	-9.993294130381976
7.696265616093909	0	-14.83059241787559	8.002060022712383	0
9.39725125858846	-1.5643190823401856	-18.94982321366149	6.2048477800739565	0
10.249147825769471	0	-10.209222859404447	8.79035162605815	-11.749834535461709
6.7178050925514405	-2.4475001104947403	-8.77458911012086	6.566250152257078	-11.645679678000793
10.897562551947592	0	-6.257571565178591	-.2660546469376559	-14.613384766585694
12.930937579764862	2.6374763747348524	-3.8426759128041614	2.865756725495923	-12.96600251834783
15.51489690191525	0	-3.3192520556638394	0	-20.26783399521475
4.6716401124020335	8.123124670404614	5.439343850727306	5.8528002194555615	-13.027923176544727
9.869500246391015	6.630297475096199	0	6.648253702281026	-4.632126241539639
11.688228162079898	11.9034788874317	0	-.32339918525982636	0
11.492668838881162	8.831496763315004	-.6316567284838255	2.3650047700345667	-5.21675158652533
7.45365186481312	1.984930612395254	-10.14032109019471	5.005661003492736	-5.130629674872391
-1.6098690962670414	6.4452923310931896	-1.6172159244724376	6.031500438200017	-4.657994292842047
.20530359434770773	0	-.37193490104264004	.6147259407262541	-2.934345910435767
7.972801799041331	0	-.8004640498851625	1.2329989003902229	-2.709013942907074
11.767518289460634	14.562888578536118	7.247157951922022	-.10750799142699763	-.7689730715000787
6.206750982617104	8.212158906770851	2.9528125181839147	0	-2.8782581864308305
5.387465895483183	10.065138855620225	2.1068612987938464	6.342735816713754	-6.279530896993421
10.317816833929317	5.78585142420398	0	3.712230327864527	-10.523510769213594
6.114696225643428	2.4067262304724073	-1.120442793256135	1.1741090258860742	-4.649311470218635
5.522832193192137	1.316229042978124	3.1590987237465127	0	2.5605199545649207
11.790191431292582	5.590897139874517	.7261689318181828	.444074862400383	-4.534241117664012
8.680207791533773	4.011785974943499	-4.531902912493238	7.581237045959904	-5.120161274268789
13.25350369222722	8.249577312170576	-3.066553824544544	0	.4037769214643574
7.800910219685447	5.450889703010528	-8.000982607882797	0	.8315675838816334
15.883296665900328	7.859719055934159	-2.9937241691904277	-5.826335704659028	-3.347573188937441
19.125439474987758	8.854284158725237	-2.8442416508068593	-5.607217035979352	0
13.920499866625791	6.421380469706283	0	-.15474879405617625	.08991210392620452
13.524334528875597	5.0281021971149	1.1145657760853613	-.924480515187795	-2.7089571305294466
11.240849394315356	7.1484555017612665	0	3.356270716961056	0
8.509069123022247	-.3659522118373563	0	.16959352096510272	-1.4816783818951764
3.8044808664699077	3.0484062905986242	-5.629686302908272	1.5214422597243176	-.24332552805842633
3.7683628911972322	1.4848960862638858	-3.644332870667861	2.8524517679241006	-.5626346535204605
3.05082171049082	-.5225848731021918	-.8759755292416126	-.30423074428554486	1.7479568803088394
1.3814732289563911	-2.612790134900811	-2.246592641282227	1.7950325824096063	.5779354456060357
0	0	0	2.8841027455787884	-4.371141310638338
2.4967187692072503	0	-2.7458608254462455	.3729520460126078	-2.1004166384758447
10.075263675634348	3.6111920078333517	0	3.375736934674608	-11.871569655148244
8.336554401637844	5.005307197791871	0	11.61293133791565	-8.760361497978394
9.137113332388674	8.098970185628499	2.995968203083568	0	-10.351905000534394
9.944600910128873	9.656175481461082	3.5567989849116377	-10.278783986365793	-1.357780611349531
12.407285304107202	7.097972657222572	-.4485178936567865	3.5561718405084375	1.566128875046911
14.448166642364725	2.7478663243704475	.30687964631587406	0	-8.846732224264608
7.449417908971602	0	-5.112413165213679	6.958071928820196	-3.6185941585192105
9.032617271508943	0	2.337449532338315	-.10859695055089968	-3.753706015423427
.5176748689327475	-2.981817338882229	0	-2.659830299465738	.7182939199807865
-.3439902658545275	-1.2002852007936229	6.103875530573334	4.665742821203893	-.858341859429633
8.132308058090672	1.8680747783993072	0	0	2.6989558894795715
6.585686439867544	.41444258197462414	0	7.167943400509502	-1.0268799708879244
9.89148171195485	0	-1.9937006059233107	6.38753768687042	0
17.83781048456678	-7.269446270764119	-7.138424906264504	7.532564285377503	-5.9861517091909935
13.963768089632676	-7.605266569526215	-7.588336266696466	10.870461395955813	-1.6474289475512833
12.867885929230475	-5.6969185190602705	-5.265492594996216	12.24906356403235	0
13.786334920303437	-3.8219972368595743	.4925856032145778	10.226053927457013	1.4563061860358095
12.188582865114636	-4.592003053214629	.10861813008456533	9.877700154570482	0
18.362722602224213	-1.1274907748146	9.575563335604471	-1.6085685082680352	-12.061740681531237
16.63748938895648	0	0	12.083590869516092	10.997041601769563
17.593880371618887	0	0	10.951488015924102	4.791223620476871
14.347383571233543	0	-.42618558912600246	4.819294218242613	0
14.650592657430499	-5.378131646703215	-3.855444501258781	9.39598209329218	.25209230814274586
19.218121058868114	-.6498551518586694	0	-5.3875295780231856	0
9.31782351647599	-1.982871301971991	-.6718603296367609	10.77073119958121	-4.7776141831036485
18.368236969806894	-4.990122896466963	-5.720659762617058	1.1557552664576534	-6.650477914617515
19.607927168886306	-1.7450467157136815	.13834002286808167	.4873160432592851	-4.5548904522173865
20.21343113313131	1.2143119603197334	1.4952363440516139	-.30754473551539796	-.0817348913035909
15.468827983305315	-.7286318744802875	.4589301441030566	6.423761563996	-7.53961899532314
14.157554659812478	4.220157741384156	-.7097537951044113	6.261228146690786	6.302851839565759
16.91329081088484	0	8.107343977146224	2.970775461544478	-11.4381210577006
17.48894906522953	2.108616219276553	10.78376782621497	.12690912717316327	-10.68766067390574
21.45989639964156	-.3722330388467685	7.826060413175252	-7.049858749094752	-17.146090213420994
15.915954820505574	3.1137824274926538	1.3487958447831656	3.8207649239001107	.6401848313616931
7.245044857338129	1.7669414214481236	-.4057099175177834	11.149730060530395	-5.01474352103139
4.592120266932256	0	1.0759732032815046	3.1711544450935083	4.83438133438804
18.922028889117595	0	3.607041938619468	2.193200267981353	5.391390413496551
13.580440431997646	-3.855048757996325	.779502895427771	2.146189720497142	.5178548667164786
16.37411130914824	-2.8834951555456376	-1.9033493834714552	11.70403291465175	5.613801504165395
17.01246854750234	2.6776387690012715	.6966041412170356	8.358452075410609	10.779689364320323
18.720539984496142	-1.5196993617653372	-3.4799477246715513	5.663675147139083	10.391853956139627
21.5422899175206	-11.20484167935004	-15.413512611990324	0	0
20.241315140732162	-11.321291680788436	-11.304373187269585	0	-7.542434693599548
13.015349826291516	-8.763174448926154	-15.158365095024678	16.152686133896914	2.170017514243111
16.684602612391465	-14.987537307518902	-16.718254117913226	5.010561379859833	0
15.570936417965472	-14.355617510213186	-11.011901963735067	3.2083612574121547	0
22.309682919595808	-5.521745381262765	2.5734203610931514	0	-1.2021679327834423
15.476307166730326	-5.440389444326421	0	16.568155505410804	-2.5155255211001304
14.073073459517254	0	5.513687593801984	15.77314108586775	0
11.16474331922666	.7375899969004207	1.6868106217938639	16.28493008983492	1.2889485024588898
.9139273226723115	0	3.009605964519289	.6722688114760618	-5.122686700643433
9.626270751668748	.8234475893978499	5.920688732968904	13.839954691457164	-1.387430812796234
9.438108500660446	0	.7919058472570483	24.33647745601342	0
2.6995728409529463	-2.6241092510322392	0	23.002259761713894	0
18.875654042553084	0	10.237688766058065	3.2354962027337355	0
17.57410586971513	0	2.4307444468425423	5.637122208482291	-5.007622433253534
10.609082524264426	3.675887874434256	0	12.277623251515724	6.239633538840701
13.219240146592156	3.3695732038745847	-1.5758196027484614	12.920365040196614	4.4309195194908
9.962456489940422	4.77230746252726	2.673808838435992	9.793551337104185	0
10.103526239768716	1.695797067949476	-5.689702050524155	.06885881512245662	-.6304015170076239
13.253437811854461	0	-2.212275602941497	1.9749080266639196	-16.98030129778301
12.231087444941132	0	-2.4880976056204727	3.6283781651242037	-15.671340461831615
12.15787249010958	3.3192763749604897	0	.48261201626605327	-17.378782161385416
8.267134880045163	5.9905561447851685	0	10.265611172224519	0
9.90897876726413	11.238453700167545	7.83227500926193	9.350143406661124	-.6902531012654783
7.538157004647097	12.028322401597586	0	7.390733089823438	6.9869414325334365
11.915765094556194	9.61078489290135	-.39934276220210085	5.683694222619466	3.0569796601821975
5.509174914890355	12.365163543553699	7.150333575207255	7.354160919428816	0
18.477857239663724	18.043980836469302	9.492740778573811	-10.208195087200988	8.284125111287956
19.500013945695194	11.873915298328962	2.5055548900286606	-11.753210630600327	-1.8699835827126061
19.51197968712774	7.679699965896714	0	-7.780544114061263	-4.521398157772359
15.522803803848959	6.545213123449168	-3.0454113169439045	-6.5218944326228945	.3772050032669089
10.446900530728923	-1.0014185344207795	-5.7161529402484685	6.143535163836796	-10.292270980777616
14.347244874578635	4.325050703118466	3.5449085884050504	-4.287697892927263	-12.543567879793484
16.619100783794472	4.096526582872796	5.212237913485226	-6.845824480192257	-12.336652594840537
19.64942737069776	2.6832994786770556	5.365444571390647	-12.863506709525836	-7.444644525749823
3.7968311787470577	3.9672801346021256	2.065547189564542	9.16670694458489	0
1.9434596704814495	2.790442781907971	1.264440379183891	0	.35839175145561386
6.762795573398489	0	-5.098356457049557	0	-3.379208530454492
7.548984935679382	.19484951954738783	-2.326849593535342	-10.7917199644899	-14.814364596729789
-.7294745744352547	3.7979998747554067	-1.1940281856523827	-6.833550512336703	0
.4103598583885645	-.6600341078005996	-1.3785504026643123	-2.6779265675734596	2.595050697875635
1.2488871049549468	2.7921577738590866	0	0	3.89909276929237
7.012784804070646	8.159754180319363	-1.8768120062744662	1.7005238957363138	-.7746260816438046
7.291497815617654	8.838560178020781	-2.563849824673773	5.952306512622243	-.5008893311104499
2.001509967782065	-.9620249100562662	.2458663094486726	-1.349713815217306	-4.407948081247503
0	6.731097480869578	-5.9391461805483985	-4.253457285436097	.7803199911739815
2.7929782740936946	1.1546993819759508	-3.009553312621864	-4.665475989648773	0
-6.32954804823959	-4.763481649892549	1.629514673914088	-4.949185753670696	-7.213349590363726
2.479808707065856	.39529576470955496	5.613809469818405	-1.2247835822336581	0
-3.499337342867821	-.7160204688365028	-4.356338190005214	3.063790159568664	2.0149257122095943
2.370333885464832	1.102564884178284	-2.606282623636236	3.075128914398139	-1.0920389580003957
6.410140320794721	0	1.607087911711943	-.6641090299671791	0
2.649521689953338	.2950677508762641	-1.949158364256138	.016659134337067005	.4189844076087348
.9985796690464401	-1.2109535211865636	0	0	-.633771237085516
5.8822479868187925	1.316415749477191	0	2.292148032837993	-2.911167645854407
2.535743800183101	1.1197059217246823	-1.196250021946545	0	2.8431225892832694
11.24084566204316	.24785143656671638	-1.7749347909909048	8.828507175974497	-5.3826742588582075
3.155032082246442	2.202886132808227	-2.025415422544996	5.293675669488336	-6.198895540544093
8.395881512242331	-3.8122704702786647	.4839795694032143	0	-.7195434054666467
6.266412852735069	0	3.8542499969042536	0	-7.470860896522573
5.4512676056201	0	.9843682496305977	4.518382575470096	-3.9013708713468453
9.838925512997262	4.678518209104675	9.41082821984432	3.0755442496619603	0
9.652897728505728	6.204720096045266	8.123550449859847	0	1.1816881803348207
7.187846572853317	6.431550944723165	12.28708618701691	-6.554735157774441	-1.7712478733583668
0	4.399720048968337	5.776510979485822	-1.8973687523424463	0
5.011241024085943	5.945679945132426	6.014535822300221	5.916598937478251	-.9180709411071439
7.68113529154884	2.9486273456492738	-5.628388204680867	-2.963269267862298	-1.8422208771548398
1.4551965929043957	3.073033515004865	3.4856637482048534	0	3.2386366022581594
11.060306312143398	10.363010167828325	-2.5966217441966304	3.5283353419429027	5.527770460011111
4.958965918772931	5.579388058318451	-2.509400049558252	3.461488422629704	-4.4148738544049975
14.229043993485751	9.941730410784405	8.161236150915505	-5.774034503955864	0
9.793646035174932	8.617079021928449	0	5.909717805038214	0
14.737557220079333	4.991141693423175	0	2.5835743568191845	-1.5110756470408169
12.524348859216257	4.197989277601546	0	6.335937255586938	-4.0713890723683015
12.056103028199994	6.747867730470981	.5440861555274207	6.891722449861079	.7036720671472474
7.907543339955351	7.149249086620512	0	12.313919862900224	.2087753578061653
12.538529159801165	5.551164952261111	.8816172231959349	4.725298059154387	0
8.08642774337063	12.396901875468828	0	3.904528922296426	-.10540521070983466
11.104223784391	6.827841031120049	-3.231041320394977	7.578187410094206	.10314838648209523
7.782370310697843	3.831238301401266	-3.8082504803938257	6.534545533508296	-3.1426677942983385
10.394405803532646	7.8973580648230195	1.7440365707288221	0	0
4.182851216895373	5.7903689885519345	0	2.2891508925386415	0
3.786117139915011	3.488353549896878	0	.9265904605744837	.5793708840374343
0	3.616661153171475	.08110876012063606	-2.0419445992280933	1.6633362754577463
3.80623494362812	5.658937974557837	.9613566290679033	7.375641564340807	-.7685422627905402
9.839614680500071	8.736802109148627	-5.1074298997290635	2.931724949186534	7.4556350100540785
8.063187415606048	4.776251954870212	-4.47190051851576	7.125268267852622	2.881849885259136
12.08669199558991	7.686033691927313	0	.4282710189354899	.9899688353558942
13.162848964844809	7.639036912292817	-1.666190404711998	1.4049798407875904	0
13.507328525785955	7.769514881193734	.9976915720328254	0	-6.020548298005055
14.694732447805077	0	-5.547622511195735	4.624606033043439	0
9.835884977849968	-.6838323893752143	-9.350860725120606	7.158367554598517	-3.8071752257265876
11.32352663850018	-.6644668344017584	-8.93862512885051	6.837468220577305	-6.6874187680633295
12.78737394870517	-4.014962302543543	-12.156481181259945	8.61473069712748	-9.49877937795657
12.178651264689988	1.301037977523792	-10.147725844330006	4.364118955116544	3.1002030860145737
11.761208763894672	0	-7.542236098626464	7.553559694490841	-10.784171945136666
13.82158634916232	0	-10.089955998590252	0	0
13.997776363966873	6.686097501453448	-6.803512552020476	.5111449458690981	-.7600177604069156
16.537728941782603	3.5572498124373104	-12.268850260701683	-1.658638741121063	5.479612315914704
12.415209940111074	2.5940525170149633	-14.301241103634693	3.2295809422702293	5.010991825476033
8.136446290492978	9.582156514289451	-4.261238026621822	4.759027428606169	0
9.963785966136959	7.069007676204669	-4.023493329840144	6.05851219651036	-.7970007739385276
8.81875661141111	4.926002233388596	-.4417353759547985	1.9034555109692888	-1.2980350678514538
8.68394109218217	4.232436056369499	-7.283546005207098	4.482148447073413	-9.684988940482
8.54540847153055	10.079088424446581	-1.8474920575865386	-1.7230144144508963	-4.012699105014127
2.846417604141957	2.4642248081873728	-7.692857308413328	-1.5490780404807627	-4.805205436610672
14.880136476389044	10.725601065942076	-5.921853401412752	-7.988886924079439	5.512285091729906
10.145897133569498	6.571312242920526	-12.447323546858698	3.7269354658702962	4.588307530563455
13.790039685630637	5.564242160672495	-16.251244360609846	-2.6689608242425025	1.6488044235616646
9.768967376592029	.6749267926143903	-16.936074277110322	4.516180379255614	.4428152452167162
5.629075358756421	.14547825959781213	-20.36387492532534	15.755347846081388	2.437300247968698
7.569269909078144	0	-25.189499443368042	11.965133467108526	9.573372807770305
8.50187049924894	1.452668821207607	-25.24957376758214	9.437720036642203	4.151528549368534
5.276859008905162	0	-17.60795084388924	8.329110247179923	-13.219382022385679
7.766700639477437	-1.8599640751088506	-13.004493078455466	14.697454651948018	-14.143179497429102
10.13195915692399	7.788465072521873	-7.869649042009238	7.996374823756211	-9.52146551156283
8.173639874348428	8.216084891742675	-5.78786458923791	4.3604981241199505	0
13.489410864681425	11.0372750749975	2.6291749483143216	-1.640279606536426	0
5.6604446463054465	7.589524210200187	3.9158602954753854	12.523128473137065	-12.37080551316172
4.311334038606398	3.9113440209158252	-2.524866626027323	5.503780498367914	1.3461691759066454
5.287361936568688	3.5699484917258575	-8.109949873168313	5.442730147089474	2.6097225826270942
2.875374463808291	-1.220611148312514	-3.2781536411803707	6.628213575463198	1.3531494830370778
2.5697769305737985	1.3639369276002504	-.43686649931316657	1.2171275480846877	5.886301479249229
12.838731346007295	6.304242299882079	2.0952211328994803	0	0
9.919281774140206	8.836523864868088	-1.259297758838718	7.498350070464952	1.0606289897173216
17.46265747587774	7.135432445438704	2.970020361200185	.0508375316685048	-4.549778830319234
15.782181682508462	8.051360474793237	.4895096138622923	-7.677285002129153	9.824780520572917
13.029120347918045	5.39663652406538	-5.111817128764976	0	-5.652552347664079
12.313078413831171	4.670249730478966	-6.3673203439454475	2.7226895110642344	0
8.144557088778773	5.7523660682097795	-9.472993830571275	6.235856456874089	6.418754205303456
5.84874161761535	8.403332611193935	0	-2.844824961263681	.820042914252256
0	.536401667054997	2.385222267041573	-2.5646597682930956	-1.4080577302724002
.6427355706329151	3.1439447232645885	-2.1540772674220854	-.7772269196531876	-3.0722538519554754
0	-.3843380969620491	-.4977519413123721	-2.0761735919003845	0
-2.290896817920072	1.9748205476725142	.6032749626413507	.6564746594744527	-2.1759422501004435
.7171784401845928	2.3586080691362534	.5490855627835447	-.02050659008526079	-.9573009093254993
5.999086924325562	1.5328608858235602	-4.319157248915902	1.7792553826006623	.945340576133386
4.2326679812654895	-2.2261165289394285	-4.133680838002405	4.886325848359325	-2.317291655804081
11.453351803784924	7.6802169457393905	0	-6.378153983986337	-5.002037839264115
5.5850989031217715	4.163934236740676	-5.012680934843339	-2.55420271590852	1.8850855060406722
2.796326254253663	-.4183904884338958	-3.8508177111390225	-2.731381368393671	-.1873623208651441
4.522657460587402	-.8958605300516731	-6.600496346924378	-1.9634711896039532	0
6.705993359962283	2.770954975545912	-9.059136070386232	9.187685480451902	-8.652671936452059
9.854964607821486	6.417560301722825	-1.3160911057336753	0	-8.460884797834993
8.210113762845012	7.146419862369306	-1.5988036246079684	8.126824670296493	-7.397061057530572
1.9546335353777406	7.228955519823527	-2.0526660551785048	6.983552336107684	-4.412320506931373
9.055889878437904	8.214271452352524	0	0	-6.17398130079103
7.616008774082598	13.187344724634258	4.096151881024635	7.206582774311831	-2.472349666356317
6.302209931558555	13.644447257087387	6.5434212234541205	6.628608789589512	-4.892622400027496
9.018658455266529	9.785244225209434	3.6867871992471803	5.17660645166416	-8.204209479400564
3.4107542308638497	1.3452849157486877	1.8450949664753704	1.0533532514429513	0
5.157856033235736	.7799334186920177	-1.0307277696880526	-.4365650638435754	-3.0515726767004567
1.5555231150448114	0	-2.43672984910909	2.0964453913758536	0
0	0	-1.421697437799333	1.0189898252730998	.15076216459708558
9.13957289257435	7.543453966986283	3.572611494043326	-.17574346089644854	-6.448374977714046
8.879636900621442	8.172396169806241	-.42653314882389326	4.668210337410868	2.9399177437351827
5.531515251045493	4.84496115230551	-7.70910016448203	13.605769283305063	-5.136815392795386
3.0150172786849025	8.928885217025641	1.0840229821185738	9.609210855757858	-.6360508804785638
5.834221354285045	13.476947033239632	.8722753584941612	12.318523602634954	-7.351421420645173
9.56481972237122	12.440204306164416	0	3.079181698359269	1.301904538325111
5.596838083961092	9.094962739451752	-4.2338921004399435	9.939826908104305	.4666748640476177
5.108016681186451	9.666046219496023	-7.439313014787595	15.069962471414058	-.32954268758685723
1.6528828312542116	5.906948315578617	-3.9221935457073207	3.232962665697565	.015448608083681786
9.202178017396244	8.550925767754624	-.30959850621330504	11.471385162458164	-6.803976768841533
11.679955491807238	6.358505241064666	0	0	0
2.408831824537037	0	-2.909590106799034	13.134031739508977	-3.7858848171507287
10.012282763785292	7.43525993660966	-7.862059950077249	0	0
10.755994553273435	6.826528291002292	-4.990296075357652	2.904660052186506	-3.7498901525419344
5.180348419047315	8.931911030266674	-6.102309369593902	6.900181143893573	2.4833204837870557
10.5487422608835	10.791418759141084	0	-15.212317629836058	-10.359053513024229
10.643493092340229	1.5636734743006553	-8.004651931904764	0	-10.128647266189612
6.281874984760291	10.220449803338582	0	1.432461916146198	0
13.029532916112114	4.597729377992465	0	0	-7.2594909500290585
11.170780553697226	6.251934905874857	-8.620481097937793	5.960865867358999	.2005539713881117
5.567564682116892	6.0194812121287615	-8.699563823140975	11.649370029169358	0
8.107246012157105	6.971972422030044	-7.013943537745268	6.041419998236203	-5.240773418108973
6.221916780876233	9.906696567080834	-6.1306833265667136	7.775959597040863	-4.921734898595578
9.611184159004404	8.466805866984007	-6.672354281531715	3.96365304381219	-1.716014383256364
10.407822600662332	8.953272679730615	-.03833428231647429	.09801439905945886	-5.668808751796503
