x1	x2	x3	x4	x5
1.1926886380708628	-.20223955286595344	-.6872278567348875	2.159337788962924	.7639177423408736
.5449456295339951	-.27542052332377	-.7373877761736296	.5184073266296068	-.17513703891473564
.22001687494150407	-.14023156601804215	-.5162604558952416	.008006803853323252	-.01682871078487891
-.09957618235549263	.7308343241110739	.8345117937494473	-.2803040685434875	.03293430243883731
1.197045416928228	.8262585346864044	1.135013765290436	-1.1148699863403102	-1.1524911753497826
.7062599147786106	.5847268028583996	.16814720655394508	-.38784497866512174	-.16736399162749382
-.004496720090284595	-.1604920286186674	.5555877063206923	-.3391063031833355	-.018093703858747832
-.7536534480718928	.4675899325378567	.9896142734390694	-.5123871176387753	-.4044775386351427
-.3525229155566832	-.2272282975507803	1.2532403357877056	1.3294309394766795	-.45733605384657017
1.0465266935641075	-.6634972636930303	1.687455345452351	.07057693672491039	.5669103045483582
1.6192609256376729	-.4478761712794762	1.3372735194672547	1.5044622220909498	.44664125098604296
1.336547027245344	-.34525414096920093	1.3343801111132068	.7042218415503139	-.5505245762806956
1.2013426317493356	-.7623562572322993	.4827531355446468	-1.241314563992475	-.07665623550066031
1.3144949309660923	-1.0891005659391801	.21303932672843673	.45305188018188025	.2378109079839148
.014804749213251034	-1.492365688044195	.7012420848907037	2.0340756926332757	.41319997906725503
.05006692372818494	-1.5346877354902397	-.5009880766967308	3.5677806114244004	.05752129859230133
.9812369784596588	.101275217697438	-2.2656896752855187	-.31608472471611115	1.8157051220584985
1.4866060831652668	-.30486885242674666	-.8778012253944429	.2578625319694966	-.269446557074982
1.5330989833981303	-.8497325304214405	-1.9123519946585952	.8257284516343608	-.6077798130637108
2.6374008948850403	-.6403220055202496	-2.4045687749633395	1.789641767630737	-.4673229166660353
1.859979601151247	-.15528901735564093	-.7842876925549831	1.4393096050191576	-.22055614412035918
3.959351080777675	.6820634139702577	-.7630017074904752	2.472138108706551	-.9012401799867239
1.6322114463419355	.6011053660630321	.9560751820907847	1.3318601322491506	-2.8583991169082825
.9760634500091778	1.7926745054563409	-.30295108095801787	.8067492394988823	.4036825553839617
1.1802867516237978	.03931331366344179	-.327679256525492	1.5251364070122246	-.790432138443895
1.3729680431744695	1.1818318848984315	-1.4574845360867485	1.1870766247201476	1.5159800961449066
2.548065642565726	.9033880188392929	.07766186556344462	1.5033224555358262	-.5063344920291801
2.9840208441778833	.6698087323963385	1.0712825012415281	-2.059729057347623	-2.378989982957466
2.975272945796305	1.995928064483757	1.72146578021368	-.5796299962168581	-1.507910522482979
3.4058062106402396	2.4599687657614817	1.2973960797856305	-1.4310663913769557	-3.2904783135502544
3.843565255026708	2.011459790729233	.8050769011597987	-.026295205561664578	-2.181826406243579
2.8278713013844476	2.4844975767108712	1.3030886463982723	.366972630459361	-2.05212614509893
2.1612916283859165	1.9522234837816645	.26822405628587587	.11378356371693821	-1.6527472302404054
2.5773764380956434	2.6693292748049893	.7008361589090224	1.1689299538909659	-1.3052452908601173
2.5492346671048676	3.1962177143661976	1.0117767557817274	-.8095381523259699	-1.271661575924488
2.318094969324043	2.2792407786213396	1.5068884542038377	-.44361205058445907	-.8432661930365855
2.153999619204315	3.0432602784098526	1.8681021064290217	1.4841458995973245	-2.1530761956229814
1.5394209213775276	2.1485354080069308	.5675015848110724	-.1516823953643267	-1.5108751144720174
.9979674534745584	1.8698781870809154	-.3865523456424361	.8326894675284643	-2.3988787606055864
.9009679455469888	2.515248496263416	.7348784283264733	1.8330756982490892	-2.0706950831512945
.7163734715317687	2.3841798164962857	.1994833947213414	2.6089131256264695	.695995939712498
1.0107285135841781	4.124476157515176	.9719062548537183	.8642531937465856	.6840512270114394
1.6185234228591336	1.9587051022023374	.004184314330176853	.648882426616405	.15937525106701345
.5730157029037137	1.2181342808085556	-1.9038126405376876	.14822282824469915	-.44838723385821316
1.238634621728119	.43999785002869607	-2.961149986766358	.7115482628267368	-2.1407464178334745
3.0607358823411577	.42763792289572483	-4.086476220628054	-.8102552367648375	-.401261972830836
2.618132429019555	1.7005461247744138	-2.2639512404283724	-1.1750854865895146	-2.7645788628777597
2.723943822691146	1.4100888531339282	-2.940239066465646	-.9161186250048454	-.26983275273881574
2.9265092292654935	1.3640255318543193	-3.909256489898957	-.36294556263402183	-1.677846990404731
2.48667523405492	1.1609629506240964	-2.9687983166789325	-.24035903310300458	-3.821030625048082
2.579222613140239	.5203298111977461	-3.0610750147945947	.9687075100167295	-2.1599594947540184
3.032060005875004	-.22396778586632493	-2.87846600218294	-.7381475689022493	-2.607563786965315
2.7233349934976068	.41376349172448623	.2809637495941268	1.5764906434783665	-3.9393852332128425
3.337994558457516	.27234373595897104	2.6752542343402106	-2.7851600169700577	-5.580137367199248
3.214438272466396	.2557535646138494	2.418602817119591	.7984609452424776	-2.009747548131109
2.6386558593051848	2.3347435553495495	2.962885655481683	2.323524979577101	-.35163431423033176
1.9091274088074657	2.6404507898048926	.9293852461706132	3.9726029466243755	.7902492290914332
1.9038767189932813	1.5780012586092498	1.8644243276945254	2.248351294690669	.27964246090690353
2.7017427995436933	1.1427955959102847	1.276716072423471	2.7657691335353713	1.3689913741423867
2.7538408550995017	-.3359139387407335	.5507601598755866	2.1660866443274394	-1.8854801147595541
2.9059600945725013	-1.1134012135411586	-.5548480747745266	1.3180701748621888	-2.406019886715087
3.4022457444381535	-.5341476841752681	-.10414688192481336	1.7447283657343968	-.028742588743157438
1.8655342647323736	-.35890283033048265	-.8469197140161413	-1.8919554939148129	-.6130012180548943
3.064222642137854	1.276529530894305	.4005974063341197	-.19821414278990285	1.2067240642956283
5.3766879733399815	.7456449093824256	-.22882467286567681	.25882633361954166	1.2674236721350152
4.339356736882779	-.1957444767469277	-.5128041924755333	.46870615622207856	1.7186161426139142
5.7709871672208655	.594918387419114	-.5307732118485821	-.40558865209632206	3.222730690288443
4.449892692709603	-1.3221108182487067	-2.328944817940764	-.7935398962421265	.02193890131922971
5.406611904079271	-2.091466327552875	-3.355352303430494	.4354279852052483	-1.6108807315328402
3.051426091759792	-1.2819152611239635	-2.905563169473464	.5271725190901513	-.29898724556713235
2.2543526437513512	.43107635590195065	-1.390632592050277	2.3636958552197394	-1.0939929631836232
2.0803266475976296	-.6442661939446742	-1.8687240578140862	1.063519670710943	-.24759991418320765
2.432455528344186	-.49163867192570426	-.5127374619866364	-.020933780566537608	-1.8042666928433033
2.3374383080210857	-.03964761089732747	-.638569552966893	-.2624579810808647	-.8915615143715834
1.895694257976929	.8161254995265934	.08822656950124215	1.4580791709717795	.1250392017135048
1.6503318083739864	-.4182740608304011	-.827065082549477	1.1436018688959153	-.9683986605917206
1.12683669526585	-.8132810755700142	-.45270251146438556	4.021520911937739	-1.5347192637501974
3.2345078243074012	-.7690127175745418	.14669959796379087	1.5678325578441883	-3.138809343841837
3.3073394728499252	-.004705615033605982	-.11304106190301016	2.673833042329362	-2.165957179908717
2.7848735624607794	.8763216177232208	.0009751749290913339	2.1039311055698735	-.7071886065033987
.9788177629626278	.270397574484734	.9854554363981206	2.6782813717204927	.5163741361560901
3.312771456267595	1.1229023700541725	.1436491712552295	1.6232544219003042	.3509287259406623
2.7782128436211315	.42705317488435174	-.7612764194357068	2.090126613861755	.007605186290121968
1.476699761216941	.04400192382445536	-1.5766650418408872	.6316167728316018	-.271064650370053
1.332998546081928	-.22094220347980675	-2.140047220893356	-.8968322234247259	-.1211861122870534
2.5542886569669494	.6008679806041131	-1.2400998142549993	1.342369378488685	.062413577902063894
3.8462267477513143	-.054360475459250046	-2.4349067805056364	1.7708686330140069	-.5910187426394128
4.475142691505897	.24384767654580294	-1.8002999598525775	-.18326662491496523	-.7841676843626664
4.054979697977279	.4563472740068417	-2.7528268948644414	-1.1377891481844058	-1.9973532953282565
4.746963891618038	.09954389102580935	-2.446677652927073	-3.3729885105898108	-2.1415390333821613
3.7988955655861165	.35576871226661644	-3.1837532772120944	-4.50969801129971	-1.067563540262135
3.027389380719313	.1859088481207663	-2.3505107509238448	-.7132340437497849	-2.330341911416546
2.765526842585966	.2844674741435379	-1.2335459826676718	2.0164105701886115	-3.5814114782102155
1.6552258213322806	.8889403412655764	-1.5056719334726623	.09875343260802033	-1.8233864711245822
2.1977448418965864	1.3514823297986296	-2.103285048945863	-.10147530952960443	-.8228572565294929
2.6420826577745316	1.4389728125816128	-1.9055778972155875	-.9764011369733383	-2.143848752319994
1.6151309885576595	1.18537964240293	-1.8194183038445355	.3657703615102134	-1.5372855067576239
2.62776948988861	1.3393595786942847	-2.384163263057497	-1.3203767565841609	-.9685819613169382
1.8756569382518367	1.278728877013715	-2.4614666822906113	1.3969479738015438	-.8808627713143822
1.7708955892528377	.8354101065885986	-1.5225207867717179	-1.1629792329956117	-1.1433700745271083
4.160035505889658	.3774958581322575	-4.3079113605666555	-2.5973378403452436	.6217742808028099
4.813337301232283	-.4317355067082954	-5.121878492217704	-3.0921864090786717	-.37318144713475043
4.830489890994	-.11801759146365001	-4.534710342382497	-2.869771917845088	-2.201126583784666
3.8491297139080056	.5596350549568603	-3.927894846985685	-1.0717084421958663	-2.426128141708957
4.890724797596395	.42165833807565645	-3.1134241095319384	-2.4160754043833594	-.7786906951518247
2.3695563191630544	1.0184959396320652	-2.880745678134615	-.7827082885368504	-.4404507432518392
2.2742699705893923	1.0772985966085848	-1.9798788376410024	.6761833169928336	-.3094834596185406
2.9823613758087846	1.6007311588666417	-.7245456901538965	-1.002402112609425	-1.539086231449894
1.8082244477857292	2.724713004446923	.09745461349182573	1.2030079043774924	-1.6729706380075624
2.733871736177541	1.7414493879068735	-1.1614553992101566	.907513910117063	-.9150811049178033
2.563194304220013	1.875952447544242	.39725315999877453	-.7722749377302912	-2.0677295997887417
3.2010844308256097	1.063543994915651	.6856088930800379	-1.1509097233560845	-3.9581543387739164
3.6498028409968493	1.9891399203458777	-1.767320657578713	-1.9162103984478223	.5742837080259978
2.9371765798585194	1.2247184564770692	-1.9774058733721398	-.07954214748320965	-1.5406087261529278
3.902247386782308	3.1381753811209787	-2.10086152985225	.3075190975941422	.04956342980933526
3.5111906993965354	2.6092261428017336	-2.1116876927062953	1.359880489048272	-1.0069529490457743
2.4476316819803636	-.23460187238821367	-1.1113489616811392	.1425325443500491	-2.684793593367456
1.1955457898049882	1.1818305891836731	-.37484185718906243	4.02942465098914	-1.3090475332041596
1.9136806118322207	1.0604728198837678	.2742053134931892	1.5147038222434865	-2.8231524011106712
2.6193523798802687	1.2052635553971136	-1.0932447159022565	1.2340100501895466	-1.8391437492915326
2.230278619280531	.3318566570783234	-2.1670909477905576	1.843569045399028	-1.1703453325636177
2.417256813040065	.01965067748245547	-2.2106356031685044	.6055147256723027	-2.6784684646434576
2.833645966392801	.10269244021978588	-1.608084787982166	1.4018028052403315	-3.044035445759995
1.860239824152546	-.44213818046421305	-3.0172026216707177	3.277368093357765	-2.7555342736009654
1.7086768457303994	.31040166450549844	-1.4203994706216656	2.2788474365964215	-2.065886750094066
2.4646522193269678	.24522078046277634	-1.769673529747691	2.136164172291698	-1.071235494914802
3.3376524267683054	-.718505400677999	-2.2198547518336222	1.0269616639414563	-2.3818935172958673
1.1934225241029242	-.20760653025239817	-2.572230616082942	1.5257648856691994	-1.414600662914278
1.234543327482608	-.48489684145734313	-2.902942591740259	2.834093585148163	.23724879945968635
1.5648194073228163	-.5899312830850281	-3.8680076440740097	3.0867755178078924	.30786791894162674
2.047484863524927	-.4472469461519315	-3.1397009318484717	4.321398274082025	-1.0703612914634189
1.5202395920879264	-.5734710841035047	-2.5865988798847397	3.3015472796758942	-.9440740703687973
2.0069077780696882	.8383465956641208	-.8913804830785574	3.4671208276695653	.37714172411952124
2.19421422624424	-.06531448051614544	-2.5868922347388192	3.776965585670705	-1.3591090321483938
1.8741655832928896	-.9871746358891041	-2.0188780356447205	4.52798509174168	-.38080019639919116
1.8102982293949004	.8361927741566125	-1.6646023237469982	3.352366355373629	-.9605672891224273
1.8564497434162692	.4732851550942987	-1.5601364353165394	4.353342693888844	.4346351507937458
1.3455929186480553	.8332823070276062	-1.3290024865390266	4.836792809179578	1.2132847337923207
2.621369114741922	.7161403963514857	-.18240696293332193	2.1427562384717755	.24082955053193322
3.0425645653455895	1.1853103692541176	-1.7460431227917765	1.2059176099549174	1.1174591287658004
2.247333667327631	1.1793797352143585	-1.51506583323866	1.9666402054006016	1.400976450598941
1.524283590824488	.7224550746197855	.11942072792102099	2.772103495599625	-.17585324443028902
1.406303221257633	1.4989486864196166	-.09160842648757728	4.134656488103108	1.3689963884109222
1.5255954412879809	.8545360836611892	-.8766406477259152	4.64422151565465	.47655924434250263
2.1116752669912353	.5125964403325639	-1.141478443890212	2.2260430069591934	-1.2570406280368291
3.3166125861369933	.0844052173614146	-.7122216318236073	.5889892292522052	-2.289186309397661
2.2661498409802423	.313708794048301	.30955335549769053	1.316092040738217	-3.1649612171267787
1.3160012265049765	-.409191484042137	.9975528336746015	2.2929954486510042	-2.438527517583942
.6250695691366202	.11460730462708753	.26562165937289817	.7886296463112823	-.8457480351951054
2.2063042283805783	1.5797771218626488	-.2152023967218024	1.39549790514641	.46260766965618916
.6747746080379284	1.5133589954973805	-.20002704534334628	.06851509969454533	1.6986456080223722
.4526115840048321	.2631538005335834	-1.167260740531918	.36615963302197824	.29328360990501456
.7228886292369999	1.3805332981353444	-1.0711801919531856	1.1759880049825897	-.676784534224391
1.4490029088389722	1.3948357213466753	-.6794069215258016	2.422942624903644	-.46297894702056397
1.8140816406126632	.7670603567253309	-.32573108687501484	-.558642491076683	-.3688221023180849
2.4554059816297515	1.811121683445085	.17889793868542453	1.3206407576968335	.675218196795009
1.726983461090024	2.4078983956299433	.7897417150930033	4.690830004146491	-.7203494551017657
2.840602233585623	.6232336884532208	.5195148432517173	2.019885289498749	-1.474864044549024
3.646145673225416	.714945492509848	1.3254576717565956	1.1392034361097925	-.42770297441613025
2.4906150985727273	.8144751613308039	.14665388344608493	2.293908014024171	1.3576062595003529
2.8092948038691183	1.2686204844289062	-1.0999955997564193	3.0027591898549337	2.291693206269881
3.0371737047006278	2.1326648252788485	.18709157408558977	1.0580258377692147	.9926875882523856
2.2453900426239466	1.2960580578550747	.1344065262345756	1.1707351944701658	1.2952083047234357
3.0945174469371612	1.4071146248657382	1.7617029040218886	1.1875765588711413	-1.5902047353831674
2.1308190594855194	1.505421073809555	1.2426895402996607	1.8771346447121284	-1.5965737869802483
3.464581651339503	1.1857214834574616	.5441380815590645	1.885489748839217	-2.1344068532259564
2.4711189015420247	.4698668233436979	-.5370289364078498	2.6489478210189428	-1.2462716719829579
3.006788794476575	.5564202381414521	-.2849361681232525	1.4084877528075141	-.5979162818687648
2.86403073351881	.014816086862195682	-.9501312142166338	1.8045701721550296	-1.958928767927786
3.166138968736857	1.3438727602974956	-.21137186056893592	.6864272241044265	-1.3400017481170519
1.995784688196447	.8779799065737834	-1.5521567132281517	2.6453733344186037	-.6992965351464541
2.971079584659009	1.5068513992997812	-2.6602051202467965	1.5664445182381241	.788868035107117
2.0611183392156245	1.0189062448589632	-2.594006772466028	1.3821469448819244	3.052768700210793
3.8080317004433977	.9294984248560112	-2.070622725298168	.44665345266626355	1.880069946898366
5.173467159712511	.40855127160995586	-1.9479390895323219	-1.963244247115774	.3864017319779938
4.612750594808749	-.4344908404504675	-1.9614238390755045	-.8814579131849501	-1.3867844349287008
4.260770216974766	.1745830738764287	-2.56387177918003	-.6676349978256484	-.9683476681276342
3.118244427551248	-1.349890733295056	-2.2686755954305204	1.7000425002445347	-1.0726590735475305
2.1158671282610255	-.2574828837242214	-.2774452823323376	.3271908496878765	-.3699154010476021
2.507531917437083	-.17400319073280607	-1.0756463477100573	1.2093491002037298	-1.230861982232185
2.828739488852296	.15387087155938967	-.41250354144979506	.8163573401973705	-.29671746979496866
2.7500051428126318	1.0668431798287112	-.5857020973050626	-.5648973404728872	-2.015350894691051
2.642753591302963	.18410744501320775	-1.5288822949232246	2.155632302813647	-1.590888371492241
1.2922841181399123	.3249513907264051	-1.9400944349169218	2.5298261201266965	-.5116739025964538
2.107162549297549	.22755574224985667	-1.6773798020984798	2.823842178797408	-.9690503703259518
2.4756531717308783	1.144168217714328	-2.11962966959784	1.0294991551992414	-.6600856503619369
2.070961547324012	.12609795324975914	-2.880380238736462	1.1508833245504544	.1354040973826045
2.964794343520974	.45072268577485575	-2.7857749349087304	.14032291135135005	.31142608341736394
2.0674779600227184	1.8231829903947392	-2.772014765597351	2.865648244883964	.055509192898568926
2.2587012889198927	1.519772162214561	-1.741487200019782	.7122367249974773	.03436154079833492
1.78716694272653	2.8771517900283206	-1.3580273789355506	2.3285450044383986	1.7166549881155813
2.752574151181848	1.5621718637032647	-3.581904200495448	-.5402942725652633	.18157816792510034
3.3755752748094214	1.8706827297894848	-2.1584573195486043	1.0930097013331994	.13597655127935593
2.562536455868469	1.064877134929718	-.8474201790571022	1.6396152769098693	-.19702102812636219
1.863133252941461	2.1048927320688273	-1.088307448863063	.4283477575814596	-.16853022635324544
.747914144760037	2.4175948146139357	-.9839610581125502	3.007417031302813	-.474277133043714
1.3674661052495949	2.007724736436075	-1.8637118064007812	2.8863661469412034	-.9761690315888893
1.545187595243663	1.8208092379501526	-.7439568189557749	1.805879248428007	-2.021253845791448
2.17021366168763	1.6029883967096277	-.6063252837765374	1.1124780305152462	-1.321128720039643
2.386653071558915	2.0094249457470337	-.8881918316108662	.6585212130159069	-.16303262010512354
2.178657948194868	4.366088931400811	-.8311841475231602	1.627373475292079	2.2752652040013928
1.1485696247200472	4.629635649472145	-.6565008688536675	2.2714084157347525	1.2115998803941745
1.4514683811415767	3.9658036955782583	-.8083114583882401	1.2586428520398387	1.5579019776096459
.3759666129182768	3.75082137434047	-1.8372523007704877	1.2814421054060134	-.030511322086226617
.27556468474665624	4.171431264492688	-1.3980519293542535	1.1725998230130876	.1686910587621664
1.02134003735923	3.3109954723021646	.45458956787480664	.04338088539306861	-.05997783487118925
.2750666654605973	3.7945915648606023	.20047066618606546	2.9328912149541253	1.590658746923105
-2.12598954089726	1.8104497853829449	.08423079927566202	2.2423117755362423	-2.2652558186153824
.08237437437162543	3.388963052634496	.3973923605911799	2.915978733256157	-1.594740446215384
1.197367001941013	2.422748247943622	-.17567432387285908	.648883939870346	.42232349211565207
-.028628016695902425	1.2154794392029489	-1.2852928296085557	.8091061678603517	-1.7936520755048808
.848051878877381	2.3207794279353764	-.6668502703759579	1.0268059112338372	1.1496579803345885
1.506623825787035	2.2990251078439377	.49454748793007897	-.5504712336826233	-1.6238140615917838
2.4759314217228896	3.562659592643961	.6774382863812084	-.7529233416356881	-.14106060625503014
2.4793931744605966	4.2162304626352975	-.1771990233543046	-.5543775064875376	-.3916167549565402
.6190056007862195	4.971394567274925	-2.294445752603279	1.690423485728812	.925453565429622
.9754773631250678	4.042686140046867	-.6107410075826847	2.042134127027322	.0893828957378027
2.325422780002283	4.300831956558403	.45687996051133045	.4704953812198591	1.1597197268161878
1.4796862361171732	3.2685788920924512	-.08345185852069031	1.9230071214474804	.939783286227182
1.9879872724229233	1.9217112896079054	-1.3819193004210537	.11919972706850634	.6604080294357927
2.7185475816429148	1.4224722900456455	-1.454285423376818	.7748415940328011	-.8222264899922964
2.2838462055574293	1.6185835001634619	-.610253903880305	-.24414046195676703	-1.6400973353025525
2.676269511722025	.8234637423345197	-1.387942670390713	.7891509048789874	-2.478387724970016
2.556280419121966	1.2464222997209375	-1.1262073017662229	.3635214914396362	-3.3414258773286782
2.1019996698357497	1.898085819602274	-1.2821524990349071	.21917426310356955	-3.3574712658066534
2.497097775100835	1.6195630598504018	-.3320380361182228	-.47232230735046976	-3.5360676812779595
2.3494974532492527	1.648228572845552	1.3366746603784787	.03600110213074384	-4.6146251393882896
1.4106542301914518	1.4796399835241882	.5961849747982884	.34944405911013726	-2.7156928251011943
1.0876610479597937	1.7775602101744465	-.864731428574024	-1.2113408731940818	-.8031406902872938
.7005515904378757	.8995733999022386	-.526917477049147	-.1681695686035108	-1.6842021994831442
2.1860676007982716	.38889854981411814	-2.820128724573964	2.1248887081148418	-2.7775704104363355
2.2275173393220964	1.4589333115175893	-1.0545400394006816	.23700259430194814	-3.7696112039730725
3.4289021022088413	1.4524324849145571	-1.4154502329164567	-.3714390530067477	-1.0952712350678406
1.8134220816411746	2.2424411641611597	-2.582847832171043	.8351499829593687	1.0943262340260786
1.4256769451980809	1.7017255286658002	-2.5259041435354477	1.638906917775694	-.7968701175241798
2.199974980551401	2.139938022649297	-1.8058097193165386	2.0193764296596965	.906529115751709
2.1501487922456244	2.7758793667847526	-2.19461480870829	.4422368546721134	1.0460536890966508
.8405907886532908	1.4083329934769977	-.628836065684778	2.519731655663783	-2.5282998937643137
1.1746121162928829	1.95529421121267	-.760816850340162	1.893899485924451	-.8559000429879293
1.9892496177721637	1.311541765718758	-1.2876701339224628	.5714770747167671	-.7867354828845483
-.6720908596846393	1.48338971972207	-1.8588841161573566	5.346741658442283	-2.9293932515204686
.064137994363161	1.347570621543655	-1.482819174031701	3.1708727744479717	-2.121658927255174
.5789220393029386	.10305741874552024	-2.373042127221973	1.6867445971979362	-1.650876877652468
.9995427507561472	.3209768595268148	-1.9035520466831577	-.3727067265797411	-1.4701410337652157
.36417443006844247	.4989240702033903	-2.0025751765267694	.076183578684625	-.6083298925271162
.3356634723635325	1.2863141755370784	-1.3274910972494698	1.499568041111302	-.7841040533969533
-1.1069589758339382	2.0168856702559195	-.022497973099641244	.7142498346663996	.7124139168483281
.2853152424950054	1.3875228928991603	-.6239396815206869	1.3932245980312947	-.3845374731788217
.6974881256807709	.44828661749051046	.15901637864388996	1.1148440009312073	-1.0099513690847406
.18065975310172527	-.11314499092865227	.23101822814186176	-.42601917242927567	-.03797417831501876
-1.0359734274705126	.4227825183068671	-.18240604279843348	.6826904554658015	-.27118222167101197
.3849561897072197	.10618304941452678	.07712742746523989	-.7271420412998474	-.65863146220881
.9278793737189903	.7989234570393712	-.46214825256939185	.3865859277836386	.5692685008807369
.3626544175438375	.16334950591085928	.15983599619220568	.7159356860214927	-.917103702099861
.6504857558483657	.19745968471146122	.2713110557128675	.9375236814212604	-.3715116115448299
1.5832926836441492	-.46601502332447253	.27190609707141544	2.1086941915700184	-.0008243906429701853
.30697880612371325	-.469584526025168	-.7170572940131112	1.9844838730306729	.9109738807885375
.04916147941645216	-.16550357842180757	-.4205252422082586	-.9758308673657957	.8431405031822494
-1.2629761051226918	.7532610570973282	-.0908114366525631	1.8138951987459477	-.42356848992492263
-.008953289592251057	.2928425825773085	.0463236887713339	.23011028601916705	-.88776396861595
1.5265115715054403	.4764735546716418	.6746478373241351	-1.188214040241727	.6950529996050706
-.6633643615696145	1.164691876393075	.6405970828630048	-.4211543924075253	-.5764368499764939
.5386613462790132	1.3756168329301626	-.2840335195862527	.5160775200975365	-1.9911924659337457
.8597540308933349	1.4752664397637414	-.3430213839469677	.06807283950091786	-3.998517579169458
1.2911818148876855	.6858831931733885	.4054678319370587	.019632805575247464	-.14682304315754868
-.1740559464032497	-.38398339716637797	-1.5762709516125704	.5430480330219858	-.37323053107706233
.31736459934534095	.9746434028456731	-.49807999376100376	-.13352741953490788	.5710905894193021
.5073592474815043	1.2277059230708416	-.18055894227799574	-.9331969375966662	-.7864934354243763
.16994182468648772	.140866972686658	1.4180568870362182	-.5915201796143114	-1.8689860663250362
1.2935294439819531	-.37305037096724436	-.6902401864199804	.22074452072383322	1.078367150457073
.4199124092555304	.11116220599070377	-.3954654718717422	-.17690204211986454	-.9968399850769769
-.7885047235591969	.7303732887157652	-.11053589339742623	.46219088705631195	-.4481642460865126
.6938660404772241	1.1967992340652431	.017671980789768282	-.3432133153708341	.945979551357071
.8480378943570929	-.2071535999156225	.2734220153600374	-1.2445622142782036	-.14858700459853713
-.4990020188780543	.48827156718692505	-1.0963980848630615	1.0188242480852268	-.7960857416739943
.48878142514782463	.8197689788674731	-1.7184448385552067	-.28121148068133717	.11786325060558861
1.2009115686984013	1.3524241843186426	-2.171058241166492	.5803082886705848	-.32285031371966955
.49550364021281257	-.3581694453246741	-.09300475365710201	1.2379271361492379	-2.8635938843470954
.994024024906904	1.3083640632740188	.2752256922149666	-1.618914986937495	-1.029973038414533
.9200488781208451	1.4933188793831245	-.988961573685048	.11400269279940084	.1365815794460694
1.416076861414275	.6299509927673191	-1.1105642343609614	1.0468525356610185	.12290333928647307
1.5631095298355981	2.6718767221789737	-1.2452225452763537	.9093408388830544	.5730947714865132
.8624346500595542	2.4473873022846266	-2.6333175316123283	.6380755517989576	.3236259021358798
1.6714932477675801	3.2980362855182874	-1.6155250938531616	1.589063105503312	-.7822812460712465
2.0705045588304216	4.557630450334761	-1.4210514248251092	-.36265637537062845	.7553426569511553
1.7856190744047526	3.6800040134558953	-2.193774563727023	-.9331357469472963	-1.2711362013759082
2.721163108331608	3.9968914915210996	-1.2927287311052846	-.40767517195832664	.3738549355186155
2.166205552001319	4.354288460938544	-.9276569691616412	.09102401618128642	1.9861257429384522
.19506742376759217	4.3271621714984585	-1.847877246196097	-1.281042818217198	-.1343712365808114
2.677289828002553	3.311826948976614	-1.4547561427340028	-.635874414832231	-.051636917933566395
3.212554293786084	2.839376048479059	-1.6579196356240062	-.2087420514515076	.5688844418536926
1.9286914054712556	2.255671274976095	-1.8490335338945763	-.24135770456107344	.6766099382119166
2.762597228827041	2.1979275272758376	-1.4935138537391393	.3637056397925884	-2.337590054969529
2.8147528340951435	2.5009192596515026	-1.9359924227161496	.4371548097570022	-.1903971533335853
1.7609522348860815	2.9054740574581146	-1.370338417225348	1.8626950200433485	-1.8107508969905834
2.187622320774638	2.7361703601742837	-.8624037057896999	1.6730521551961837	-1.5341241149504403
.9589235569652683	3.3370177299744728	-1.7555892049151363	.18523073787895816	-1.7620114800096305
.2420927305079511	2.474214628211236	-1.5221954756383904	.5335246125119372	-2.741517078404018
.4397162594318634	3.7265872117544534	-1.3943170590100789	1.7025189834476921	-.9188255942101263
.8780482925009214	4.172286817197487	-1.6105572056565456	1.1352309253728206	-1.5982176403221424
1.0837737404481709	4.391877954268784	-1.7378157002803676	1.5105650301860958	-.5483911128314951
.20351653930330477	3.340433863817375	-1.8484095290083877	.5784412313254645	-.2839383212646682
.9114456432009985	3.836533328586089	-1.4320017899535595	3.203450554168134	.7598368943991645
.4446981235238048	3.1493798035275633	-2.5921607863141967	1.9832504693032251	-.8748742228452594
.24773678539702973	2.6781425528107	-3.42426768375477	1.4570851882569005	-2.014447216240524
.014455821619152875	2.6171348842334914	-3.1211650824315376	.78144220914437	-.4589297952256612
1.6974142022475176	2.053021155308669	-2.4053836078360953	1.2520408441718205	-.08869134074792578
.3674786549292519	2.858563971248928	-2.8841335287472964	-.851191434417243	-.09025307403778943
1.7037735838766583	.8690356985036716	-1.792193401690597	-.17195691621740772	-2.459731312403348
-.21686994369633128	2.8602987883673814	-1.409436533784861	-.8396476775007515	-1.4657159235086126
.7394421272325923	2.357998315696829	-1.4281746591108182	.320309748582552	-.4196693241478784
1.8865998072153254	3.4892663918207774	.5596440838587696	.15969704571981821	-1.4856069645951127
.39378667472291917	1.9476027368726123	.37840465000218315	1.1625959991211197	-1.8613292894282947
2.061190682580043	1.3455508736849893	-.7915445366314582	-.36588352424099857	-.9480134272743238
2.4346150728265346	1.1607352845735421	-.836624929416599	1.2080219349429178	-1.9851593579562272
1.6382525100352803	2.4176793966108603	-1.316697715121101	.7298979660762891	.29663377787189427
1.0699574434961927	1.3523996523360147	-1.4439750035303995	-.043414931374854526	-.21886246187256853
1.6584298588750823	1.3016793227802685	-1.297542123333032	-.783423134411924	-1.340999211312167
2.2967840875042222	2.0650616492520286	-.21164772424127423	1.094316097803282	-1.2963072379616458
2.492903791103017	.9970313628548894	-.24667905748034058	.37142704024895623	-3.594953390040648
3.9197089435345642	1.9784157499677022	-.2170668550563699	.9956422629460776	-2.453083364096636
3.2699586348053566	3.2521264173485838	1.0335346690356788	-.44722120255852243	-.22862846727942698
3.413661238886043	3.9688515668848847	.7756050880899497	-.6938633367542704	-.07975265192643083
2.2681585267691635	3.102457462014096	1.148023324366267	.860050624820994	.1519192418297982
2.03656796165853	3.907627428321371	2.0155100390982996	1.0241379996797866	-.9649155618186367
2.1619938454653984	4.280738000315825	2.6753435142688415	1.1116672122255635	-.29860676097248695
3.386039572531358	4.895750948202719	2.384209118748185	1.3085208821761887	.3014221752009048
1.4635828292165256	4.609564450882187	.9936258869599158	1.0858362345838208	1.9252432789643372
1.8952468903925537	3.2730037618943237	-.5102645885794725	1.8205194051105202	.4039835915193422
1.7839413218283227	2.984461639238476	-.3977188181894294	1.0952377193989822	.2945309311138993
2.6027199760194653	3.8949961353297473	.04491097645638267	.45367200885187686	.5440347707781609
2.871079663580357	3.025284962185736	1.46236746101335	-.0035405270278302536	-1.282155307430858
1.7867819613047389	4.080918704204174	2.400712099627069	2.3023676242882742	-1.4145826077637471
.6128447206918454	1.2846630753884902	-.40943399368968386	5.065483898189653	-2.134175472472255
1.5560116766612118	1.7625849735485928	-1.9388664108672327	3.8549050735745296	-1.0151424803590519
.6782041614576939	2.775558813650706	-1.1689152261725924	4.193664804445966	-.22987825022565056
1.491129201490333	2.7388873117269403	-1.6817133964678428	2.9500508884535948	-1.0459674475503509
-.36876151967887977	1.2512264784599831	-1.3921419475041628	.16967547003509736	.24561825129053605
.8072492797880876	1.9703295975420378	-1.836399498408676	-1.4855228919981203	-1.2326916454226304
1.149743050794377	1.546201627519756	-2.3884209644421257	-.8432179359701122	-1.0036970675734649
1.4168257210937347	.9088781749603358	-.13473113586172553	-2.2458697839320427	.5634597376510402
.3359805411656117	-.5923923831506606	-.4785879292567382	-.529521927972176	-.13050064720898813
.8346723546721415	.63151675497314	.27865893405199005	.2072100601523547	-.6566525644995111
2.147441221014371	1.110747158285224	1.0123322107674266	.25212148045799176	-.41084109285479525
2.4367985099624097	.35497108008329686	.748273607425278	.31007089865971266	-2.8235349793529982
1.3639821441552484	.32277572323352516	-.9335921643224233	.02149696763469272	.4910022963647659
2.039266020639329	1.7570206692534556	-.842759578198893	-.15582368562386728	-1.3159194951122328
2.650326603117837	2.396938689206202	1.1976382960382193	1.598667238216393	-.37210044284889
2.40984778166563	1.8630065872470691	-1.2162249357190578	-.053887450846978546	3.046840040180296
.8710173903216798	2.0741257033220935	-.3942678767613045	.847532370920666	1.617107768407694
2.090179290326099	1.9153820221453963	-.300698614577979	2.060319170517827	.7648231779280098
1.737639746405275	2.7702745348126565	.5450664979898814	2.0547405912405488	-1.4659199671425776
2.2519212180130976	3.2443751210080136	-.2268498736295465	1.527203387428353	-.3194461985789682
2.203258736115579	2.3633752738511857	-1.1768185556441266	1.874209502033656	.21905132816846878
2.2750343579766272	2.7081758150194637	-2.3905686500377312	.2198381892030914	1.307877097240731
1.4946730241867854	3.4240114648707247	-.2640839945954744	2.996352393894472	.6785262929178852
1.7158386665540566	1.8346987187338137	-.364454419578668	-1.0845068437882157	.2975636935746014
2.898064915715142	1.7107588693775981	-1.5509210761001393	-.3166802414983372	.6804793324264098
3.364561472075002	2.544068139212942	-2.7134459457438647	.2135485808096167	.9494304068282005
2.3737126882096753	2.9867055478954687	-2.393362136588148	-.3214685738699755	2.353504438425138
1.6644720909096393	2.7428791624161297	-2.054559426272233	2.6847938043224526	1.244587696610127
1.1261792160998219	3.03904569147355	-2.008611695218572	.9269699694866205	-1.4729205722811112
.7063888321394407	3.2559843325312663	-2.7182049993722384	1.4887569767215696	.9702118052530254
.7397200908864177	3.4443484897915257	-2.4507231616476624	1.7337980749991364	.6138299616964153
.6566399860660266	3.3459712809466757	-2.6754451537635586	1.5211437656483422	.5152908169832324
1.2183347731766168	2.9532054552114464	-2.9314309201413167	1.1403759203843487	.6796728345754897
1.5523849050113039	3.3179588465885885	-4.039271964360713	1.6266634717885702	2.0187806548334746
2.268934152516475	3.22175271393238	-3.600653818080991	-.45496862481499833	1.7972818863145832
1.7238145172011363	3.121626400380966	-1.3084272357172189	.4137391601641895	1.7410398932005062
.6765817591324261	3.1653964142551896	-2.067782592800853	2.1764788425040584	.13411657981418784
2.007410032062969	3.3925743151335674	.6313281881866246	.27033366061552444	-.5369984607198474
2.8774440906289334	3.949073258473531	-.004747089845749286	.8100724221467424	-.5535234141975536
2.821424219330499	3.407778324693809	-1.1261117126115996	1.0011620731814905	.8424664517575291
4.44225448084698	2.0590419558899664	-1.8976288324814692	-1.8720581838836097	1.4188986711482658
4.109424319318684	3.231134795156915	-1.490178096797682	-2.2141084945307568	2.243898724024053
4.00544567875275	2.6154269908310948	-1.9946554110843568	-3.89690395541073	2.2388453077512316
4.7191674592355595	2.297643397857584	-2.0640058441711404	-2.2828514342009987	2.4824315757808693
4.554167887093626	2.351580704198648	-1.3384163530908633	-2.30259310997493	-.01628839305999294
3.0046452721516	2.3552294468721726	-.48820203091435405	-1.4080480930466068	-1.0567801494594984
2.5020841258491533	1.9181174460283312	-1.3995704987236268	.2274090504360297	-2.2053672602760104
2.373082999032648	.8774737956038161	-1.0555917021490882	.8655276719692375	-3.76742648133885
2.6511449687915016	1.158509619540539	-2.575522945942192	-.23912392017266762	-1.865353941857077
3.5877859261108167	1.8805522930943077	-1.4695597584769338	.029563958093680287	-.18432592967746053
2.898777729360648	1.3333883838468563	-1.5091897853833225	1.2371921476636425	-.3291869875922391
2.513597245185269	.9027982779799988	-1.1152081334424726	1.6473913715538429	-3.1366556855617156
2.5004553215162	1.9763098022084868	-2.157402232263886	1.385756809948566	-.1939267048896861
2.927034922294428	1.3652830693571607	-.9437709907922045	.02148281445038769	-.6496968239851776
2.9251398404273825	.3512365909759332	-1.565842265086038	-1.2393734676953994	-1.784232310453869
4.241247265119818	.0009773775996879674	-1.5302195006825494	-2.102560208644617	-2.359262180721462
4.958591489789532	.6518397409436774	-1.4068712465960234	-1.6222601611707257	-2.1566282884626435
1.8907338916456318	1.6636177948602877	-1.935578266437587	.5956537030790539	-.8865486943338994
2.6736702109390107	1.5752371094875848	-2.9356088917164014	.20315359710896302	-.21370887140931738
2.616135814346769	1.3040471510731086	-4.107792303048109	-.020406810379883372	-1.121360638312355
2.859859336503492	1.638114544632457	-2.8901354587614945	.3168604358803691	-.9002424799665029
1.5543369412508987	2.015332454866814	-2.749057066536759	.828669982347255	-2.071373303682811
2.2089651225430833	3.1126275502915806	-2.4232836022261535	1.4625820137227465	.8580548544949644
.9342337915561214	2.618656867455153	-3.0186984802518233	1.746482086990532	-.5920580009274993
.7315530381596809	2.353823276950385	-2.5516892116203316	1.810325196926855	-1.221606691243006
1.2150559991965073	2.5399126600818485	-2.532789058086857	1.9475150189704569	-.5426680805483524
1.251555340448082	1.6198361814910265	-2.6603543199690813	3.183268247324226	-.6162133680501312
2.080185158968778	1.8563942856434266	-1.294177687746332	1.3918716454793252	-2.071520888280706
1.8272883861877225	2.7558082628865206	-2.4819066027984946	1.6049278812994605	-.6090046615960883
1.7749685623997715	.5789709527996003	-3.7586565711426356	-.13470725709159992	-3.759287874903539
2.5284021980434934	2.0953025632479583	-2.0302437067551864	-1.5432780563122033	-3.307247231911602
1.8867532660646038	1.1448238828308759	-1.5818137849162943	-.09682068338277444	-3.5049771026165115
1.8347799809783616	.3223412289301204	-1.8040921740590128	.00666363256881522	-4.40214088396899
1.478843492629564	.2754304605698068	-1.2555644291325732	-.5805486000962632	-5.4483550811992405
1.5515450657269603	.37979391991863554	-1.5734260856521938	-.252652030149244	-6.695147883060099
2.4651878512515846	1.0761023910524856	-1.27229607197003	-2.744448676617634	-6.145018135128499
3.397690780024259	.4928967818472494	-.817676970103212	-2.7344173468456283	-5.024814928707434
3.9701957798905743	-1.535473991062418	-1.1379968676141414	-3.2167727589599955	-7.911760625310236
3.8376466505645275	.1060145771110731	.34505728227015464	-1.5207246836391215	-7.978898856297812
3.851832660284587	-.3382498102938413	.2665825651461853	.4679645548390467	-5.003499441533715
1.6068976046972019	.7723287314698473	.22551257659058488	-1.4077556528256023	-2.946145907807527
.7293018760613652	.7955607292339644	-2.735233884044625	1.5544012725738374	-.31559149704657674
1.2310697419130952	1.8723470770653066	-3.9191242663925405	-.6060858950569945	-1.370771952723544
1.49718679706471	.04066586855525217	-4.157196754340422	2.298568207742239	-2.016903631647528
1.2075138948478488	-1.2607144062127305	-5.359232354278275	4.136990723153092	-5.0006553547164385
1.5471621669956626	-1.9907152980704943	-3.2752558964626006	2.025293132237166	-8.114567217424154
.06475163795287044	-1.393432737219424	-3.888358481063837	5.18864245294419	-5.892279310411243
2.1510283826539487	-.8520435840571263	-3.07552203212086	1.4372327861401464	-4.63443913482433
1.9023644691505361	-1.7743804757882402	-1.1810550055090763	1.1204439684627587	-6.563194255892065
1.9064869990870594	.734519956444543	.13241449549563328	-.17618645989508486	-4.350049282254925
3.136137755583187	1.0277554809055984	.0001711919134554929	.8258999875242794	-1.5163058319145581
3.696958929971884	1.0245340007380326	-.6883549028517806	-.8009956350278502	-2.7148100914630326
4.194344989643252	.9364635120880112	-.41031038530761726	-1.842237872282718	-3.7766282912860674
4.119829326264594	1.882032111065014	-.9469030039552364	-1.3006471834480462	-1.7316228995041871
3.47592531562317	1.772984326672402	-.4694197369859049	1.607299496836502	.011856899369884877
1.3641912975859314	2.048762744596681	-.1065116250279014	-.5726323382993368	1.3119063273248934
1.1757790764192997	.758698301959117	-1.3932148576613144	1.41840958073479	2.113915692663467
.8951189965146211	1.0762400477560745	-.23555508295857946	2.0590969043264247	1.0797998410525227
1.4470173994605884	1.750593509961336	-.44602218268040306	3.929685360790802	-.6961288687290899
1.342089997299933	1.4362303566375827	.47979065805335164	2.548349430370453	-.13051011463653517
.7511950324298831	1.0246731496055137	.2834757851693632	.46003800379234283	-1.1026391687115387
1.882198928885784	1.1667098541785912	.2962202828381616	-.5562819481988127	-.4576404402997997
.3844383031112288	-.6097646236065684	-.1298906648682444	.37230585360089014	.06469883038212537
-.8824972845726291	-.34811171913178907	.27155377190422636	.18424714691869004	.6530217266676615
-.9783434997534102	-1.2210332993949853	-1.350154997718406	-.6656876307495324	1.505646096475866
.17955885122315224	.46023314241658997	-.509773126586526	.3463767952633766	.2476958492283673
1.5747167630211414	2.413528757457177	-.6909253469105382	.8213594932689954	-.07907184221153257
.7916705016734265	3.0649330581608734	-.9931496672016826	1.9209084004990697	.8708663779108406
1.0702557321630612	3.529682289822408	-1.6736597110026739	.12052709079454382	.9531607263271793
.5596069242559615	.8737795317730708	-2.0570386627212196	1.205089865577261	-.2857923646605608
1.7343910437985677	1.0012341440823036	-1.6425837898861357	1.3130533808709834	-2.7687544816291156
3.3356511658530636	1.8138434196890707	-1.1983468590804054	.5638069459518036	-2.093567740392396
3.438616300884646	1.3963237306941256	-1.666313917304055	-.9043848574295196	-1.268370035629626
2.6955480116466157	1.070667761371687	-3.1164833591333156	-.6434628638512143	-2.078253400000766
1.8290349537470876	2.1878939600515426	-2.1370491967555	.04898105880573786	-2.2399211753322765
1.5039626749065296	1.1486180991987796	-3.562874013802748	.22247288168192147	-2.0017125102990674
2.3236049884399828	1.790802063687225	-2.735801432623909	-.7081848399196473	-.5541268399357205
2.583431350829808	2.4200415008919625	-2.9494323315662863	-1.016563348218727	-.9792305491069067
2.2457519342049035	2.569753568379114	-2.6101840846767232	.09113332536683061	.08841595401286823
1.8449845296921845	3.1961397565070793	-3.2436120460277453	.4246897857168637	-.9423384760417298
2.3021048869641088	2.3793226142569037	-4.116007915674487	.24233517106087488	-.24798757676052452
2.013654427025217	1.5643136705378589	-4.069933273712793	-.49437095183032265	-1.6785609134712245
1.4647453988801982	1.6667900764608898	-3.7332221823091474	.16587801129254165	-.5350103824301391
.7442708581347613	2.4075245379463555	-1.4719489577407516	.9386664624329354	.19956431019722265
1.4007446314827185	2.500663455207166	-1.9634523781436273	1.0960031140407942	-.843483049532241
2.472155501467024	3.203922207865145	-1.2658167839972567	-.18386078694851737	-1.192948145770156
2.4605575137387254	2.7769670968497553	-.8207048747808341	-.2962388076501972	-1.8788641449828363
2.1789587148530067	2.3580461760711113	-1.0009195728981028	-1.2465800687066295	-1.5201110739430705
1.0534619009762365	2.7159520698149793	-.8711732370652542	1.7931776653730858	-2.2962956886568837
1.5348445052216397	1.3298003225340735	-.7260190128729	2.626020688685409	-4.356472763212606
1.5982239411947758	1.2630786959707163	-.21048588713561922	.3747086053813923	-4.916094874811417
2.7260956173916964	1.587748546173189	.1353139787865535	.45379428705613895	-3.921575927979871
2.2068927076328473	2.0142454346344363	-.18129099759050854	.47700271988020126	-2.146838634580211
3.6451100482813303	.9585320035124051	-.5275504217201239	1.0006261665609737	-.6321574953372089
2.0953910283695896	2.689298904514709	.22981902465032014	.5944936018516356	.9641067050589877
.4158785516644636	3.4824361744859207	-.018408274052049756	.026489091739173576	3.0947707112962726
1.6497426677868496	3.175015468691712	-.6447415061395241	-2.840754031785295	1.2544948680581132
1.2389233167643574	2.699190031794324	-.4113068779554696	-1.5247250888381236	.9768898891052334
1.257968571073071	2.248069226847185	-1.144878705844496	2.5222560719313742	2.2302117632939646
1.801168777627901	1.4366518594755564	-.07627687364963329	2.3844397868736618	-1.291195714227952
.8671189625615332	2.1438068980934664	.5278010298322104	2.6133907523166946	-3.0450856867061944
1.4263156087980693	2.3428098987883486	-.14349602348599794	.8409307505894337	-1.4523216530025058
1.042562967989861	1.775928947893344	.22584766014188853	.9159887544725703	.8318430583298423
1.0342552314220963	.2834552435802208	-.12301279488463016	.07004901295966535	.05774054963170483
1.7846184777063032	.5138076061310276	-1.1185934332923129	-.5132299123099161	-1.1059285079651067
.22682101498840282	.3060157139949454	-.09216235777676633	-.3366183967915653	-1.8953293238235625
-2.4530061586239187	1.7085642812856363	.6761624243507565	-2.0901767750704603	1.3375786879378146
.3591725606881041	.2822326175620163	-.11405857439686855	-.32542911128030627	-.6636082604089325
1.1980955626097523	.05746196808456873	-1.2145638920994066	.4403596642640753	-.36174931110656466
1.7906142605542312	-2.099477309890822	-.255600360198887	.0578759700375332	-1.7025816959544686
1.346845773984429	-.5351256332502063	.5372855305701809	-.22166731174480364	-.30371836181091
.17295655371506197	.20746554658096178	-1.0684010195019327	.4825443237968755	.8728169443081149
-.24305819062717526	1.185661012238171	-.24181197103765303	1.133825986953417	.006851611394093626
1.2600210058013879	-.43085826337520194	-.3606949156343481	1.7144926984530688	-1.090331882682143
.04578538920631926	-.8663951610277393	-1.5091628589695096	1.2891665160458239	-.2599231417195167
.9218897592892799	-1.000214299147632	.5373268948179161	.1839135231810899	-.6089120451230472
1.2420919159362145	.99722257527218	2.3729276767931804	1.878154147282282	-.3681575029567478
1.9822183622561664	.8262054164247755	1.3270046152919115	.918887784212321	1.2417705946380397
1.8643778102863522	-.2637465622101794	.5040823619771682	4.475702663139021	-.8249175979918612
2.3571550845953184	-.31841778460342307	1.014745563111455	1.6268995977924994	-.18861096607049643
1.9200775981379485	.1582904267217137	1.3284141272357997	1.9576143390827332	-.9808984203217993
1.3001342177945234	.5769892712021634	1.0817808199627206	2.191328133951954	-.18832061730978697
-.4725433225040867	1.86918595298395	.4727851678222948	.016892796399942206	-1.438939044724265
.3963702162062347	1.4184143880425533	.3921258946707622	-1.1011202620502047	.5204968083801932
-.3740146249721989	-.16072789250489672	.3917420829378141	-.5979317896941844	.42349386554159973
-.8428741524268772	-.18296316637808008	.09967748161571507	-.17275778105222936	.14569569577529035
.9279973507551806	.6163217403248472	.37823318950762463	-.5025449188955535	.726980007987566
1.1827775097088618	1.2898543609871669	-.31824184592160526	.5160032950770825	1.1322684173379258
.4202314003730281	.4055265754716384	.4125303727774715	.5877811111119612	1.2514359822102858
.8990350416461582	.42539261407990386	-1.856723512962607	-.4324269414505697	.3651002352807916
.4201290720793669	1.0744070022132304	.5474412884993354	-.2375105700895429	-.0571441404793695
-.7970094952521213	1.5318568088106699	-.5766304827191878	.8150109361854867	-1.166451701161377
-.6054369139283486	1.9921499061986685	-.2943916549736552	-.057099659658907786	-1.3381090354315082
1.3174225049807573	.4088095428912463	-.9925529454143553	-2.1784972039088153	2.499863817199929
2.153149636549002	.9169908668242942	-2.137327527469469	-1.7328053882149552	.11328063673866212
1.8999503699882687	1.0676806510873122	-1.241549075514118	-.09358927288910773	-.28891958763149506
3.8076638887526806	1.6614377048936384	.232102506393572	-1.3283740316157053	-.8220242443702759
2.725004104521004	1.4374967337605384	-.841522573141475	1.0212701144876297	-.23507565853603352
1.5599335939684282	1.1603528813452808	-1.1739609460203941	.11725761906174759	.9387739817051743
.1428945675728541	.2615075101728358	-.8967060648893341	-.2663942125506746	-1.7504529259361405
1.6516059618651464	.08689120753239188	-.5679294857557002	.7794341353704112	-.775537644053979
2.0715865500689605	.16184468881540495	-.2822181983699279	.5140725901267555	.354032037111324
2.049099389059452	.8066083828592733	.47899082107830376	3.0127613046663555	-2.157375831956932
1.8411551385873213	.7824603606425646	.9505075033863228	1.0780884958355748	-2.2028161144524456
1.3948996113328045	1.2676862989035542	1.030065665591105	-.04135313436259963	.008693577103853323
.03476495910765931	-.6921432966368427	-.046497483021671865	-.22084133132757502	-.4661700591610977
.6844571317185887	.5282105155865744	.4505254917872247	.46493803829418423	.3614232306617401
.5031579753399814	-.011174425492740503	1.2878960798130705	1.4577209173062147	-.3464802595921861
.24013758782241224	.28852083677446744	.8004402798505037	.4523805777384222	-.14239032193092135
.5915994730354672	.4046532063156313	.33273555036866576	-.5955454318144806	.3940500353602052
-.2062810398890333	.44525500141351826	-.742965846595995	2.4552658015405044	2.0360409632676575
.11090696263571737	.002707821725133397	-.7644254228087202	-.8347374862254803	.4374814406285038
-.6599315202895206	-.9923097184737986	-.6209899859779591	1.7323253021214038	.030459364588625637
-.48086089271804344	-.42085748534972767	.6233787297232216	.11237636724171135	.021204646061816823
.3475887109140485	-.742663596512678	.034960970029060415	.8032989072413768	-.2113547751090843
-.8462224559550096	-.04443286486781439	.7901485346169317	.9570730449936773	-.19013267792864139
.08399002901253605	1.2463167444259444	.5032264964043266	.009190054029055927	.22852490557538918
1.0478014828352262	.9080201859112387	1.0699872083720736	.9136650469533837	.7690828024648608
.8231268699614689	-.30705587521688626	1.7423423786866683	2.642480682458288	-.5048379496708071
1.7601130522602317	-.8100057388266891	.053207810124276944	1.059337768356383	-.15631374653523677
1.640811595357186	-1.0661625261593302	-.26573027038612873	-.04662257558171096	-.0728752143229292
.017712541684211436	-.8195636792594888	-.1902080761488647	1.919404060649906	-1.3418847181142524
-1.8715734761400191	2.4374219550280998	1.9350084640736054	.02243776389911395	.31887352339731445
1.7395832981278636	1.5256598574127964	.403430227401013	.3584932400712236	-.18587354053166844
2.8385299788321188	1.3803775937047642	-.033430443957420675	-.33092735196893797	1.061386793664788
1.2496264240365638	.9809345011715076	-.7667293104400501	.5528067932398869	-.14035078108978633
1.9646963923192544	1.3245302139460884	.5674014695625229	.010341066186271786	-1.2991298364669968
-.12830550740553176	.4194153036269476	.08960996255397596	.5741404756561094	-.2943067071861942
-.21968907131358933	.33686522690482834	.38825425187492335	-.7335225416142617	.4027380149538437
.45736030573367564	.17888937281139008	.5741514298289969	.3283695801467067	-.6261490501815163
-.32986998561028436	1.7252262140814247	1.0623080992208647	-.04468808982305866	-.08622137937021512
-.05773102116867885	1.7717313292204886	.2961680326643412	.7647676011685508	.09994095548175017
.648400765522855	2.4437682152981006	.8923738967690731	.5130826648460157	-1.1972514422986353
2.268979091616992	1.9303021937109532	.6716564060769803	-.09980175019327103	-.668514698105931
2.3029541697771716	.44918734994761095	-.12072459820375483	1.0878760197130193	-1.3398390930251358
1.8605945859619206	-.26762319866971607	-1.8341017123461765	1.6172753067192067	-2.632489511950258
2.3499284407975485	1.283999694406715	-.9431645326206171	.357745839732964	-.5049535342294068
2.4504685288803754	2.338810315786064	.2734555027843833	.1401565803602678	-1.107183451311746
1.918585376475505	2.3732315948358984	.05010733673642298	.6268524239297821	-1.955778358637165
1.4083020226666183	2.7309383676045695	.45512362793848127	1.3245744555017547	-1.2881893960539823
.5790270068665664	2.8725619359365426	.08649160710428483	1.3038858016760053	-.6473088277323588
2.793902618514011	3.023915585229973	.5165489384193652	-.9358126717090829	-1.129161553091561
2.0502966093412964	3.7951690958622613	.4591234130528812	-.7653518792450811	.33235038832091324
3.3876810078372555	3.5613347567510445	-.4739716986579381	-1.4294795738803185	.725853641436277
2.461841770525808	2.200216895384316	-1.8903837436689124	-.26606678762055785	.3205078601029631
2.4460704129968875	3.2442124478984744	-.5860494249541053	1.0003425278853313	-.6549302722647022
2.17461792086165	2.8135270555458436	.2788549683736524	.5985786672193628	-.18673324693728544
1.561763251634912	3.500197513130005	-.5965989923196812	.32840605931809785	-.0395600725875464
3.0118730623805097	2.696637847406327	.7345904828057888	-1.2265367364063142	-1.6011034408611806
3.861427573529434	2.9750473863081677	-.11420346793081657	-.8051530448157326	-.4517899594218002
4.374469447797919	2.755001126896444	1.3426316319370608	-1.394700176756399	-2.0438792456471124
1.5129004829657	2.3354860568821665	.004146327747842737	-1.1173536941405562	-1.019595549425091
2.1261024198248943	3.0567195817098693	1.4036994639218525	-1.5605965354260318	-1.9777655192080927
1.1772700801549318	2.8328677130290103	.6792787803013456	-1.583950087581145	1.68258643534644
1.64395965018199	3.3647054012903386	.3203967888588761	.3582442088046578	-.5988738158178113
3.045712076032502	2.327004881331898	-.4576027601194305	-.9254361206235763	-1.1049203431996815
2.7735356417483024	1.9245455304872463	-.764553977354321	.2128300985429083	-2.2453727433304795
3.4664841450167114	1.5438821748069753	-1.33462579812552	-.8396699573808186	.009252442630109214
3.3302780552801368	2.1488572971579263	-.6138929011293408	.0931706954051274	-1.1204861762585652
1.6980752313752197	2.9157699554145275	-.44902886628162236	.7599154441965732	1.09284950700046
1.8251446007297663	1.3964943930764055	.14914512281770068	1.924588127184697	.8777960815657514
1.1797167741607637	1.5812927857193313	-.9712394886731217	1.019864311609066	.3526732135197622
1.2614213150202638	2.0532487739682392	-1.4537152068366144	2.1584787097372207	-1.1725328716460965
2.0622417800430806	3.5529829375011226	.34990529273281135	.06347370641462668	-.8725467172051724
1.629923865223662	4.893004627471027	.8575122082337228	.10636857430291069	-.23987041600547596
.9204884842437686	4.299070066891733	.4607146802289174	1.2748702690212348	-.9804467014406478
.555915550564463	3.6979923023854893	-.8551300913606374	.6114008972363361	-2.387321963130922
.2915818656698012	3.8045594948247086	-2.8935495195245706	1.0728298654989945	-2.735870305979733
1.6099596311207753	2.7348715955447522	-4.207201865285707	-.005799105498339145	-1.366287770189821
.7524662876749274	3.696271652254969	-2.9280427753351335	2.0110912661327416	-2.3218957520635093
1.0941966470839695	2.5819837779496817	-3.647564885058023	-.40010214120551874	.03175275938490729
.07054162690486204	3.6138089009569856	-2.675889809643274	1.3992117083728697	-1.4538624808317295
-.3446495106818316	3.6627642863151375	-3.442129987861598	3.5297486789509476	-.26486957353458385
-.708411410660441	4.320470675892085	-2.2814534669335247	2.2767771059930273	-.5690593816505437
.16139566195296656	4.040901275760328	-2.324929348870886	2.976287660742912	-1.407453968599205
.19402948222327582	2.850499661772895	-2.8982162628849566	3.7440834512739776	-1.3280016674481607
.9615591748290844	2.2893529006005107	-2.3748660155223216	1.1064622873816068	-2.164968296416008
.4207846574961149	3.69571290484708	-3.602045119171152	1.1510714384375278	3.15707322475269
.8718943339016165	4.50123376624091	-5.1423637979920045	1.5758417350618208	4.201057444585973
-.7207700541312507	2.6923541381448626	-6.364698723664661	.9380748991147776	-1.0313982016446057
1.0936092541368607	2.7670853353717098	-4.302762056421849	-.3887409505791205	-1.6646639024973353
1.8135762887721731	2.4573609646424157	-5.108578963462171	-2.348223930456127	-.49281342908015824
1.0208687118761473	2.590665822984828	-5.500187194875573	-1.3996367080632792	-1.766604882564113
1.4453359384059214	2.9232183289935816	-4.710549171149273	-1.0468739937309228	-2.9005782295994367
.25128216794607094	3.625330183170006	-6.3797645097362565	-.9483038728830433	-.7074565256273926
1.105240726577845	3.1274842259780287	-5.0431115110724	-3.4672367648626765	-2.3618607882571983
2.1482552573311007	4.064594935337524	-4.15021143207587	-3.038990934413694	-1.3473270713857992
2.439271380323318	3.9289982055782637	-4.4683487139811335	-3.251461384992052	-2.3698932827078614
1.9982652920704367	3.0219264305828997	-3.273052307087579	-2.7813790965730583	-1.8146801388884137
2.5486120468299744	3.0302579292107934	-2.8759436787012063	-3.374672812169299	-1.4604579008512644
2.1629528797670163	2.4395316689933093	-2.765754943167785	-1.4950195581312837	-2.283874937972546
.9118760636703404	3.019164457512745	-2.282916573638176	-.9481780860393443	-2.9134730559028923
2.2152116276038827	2.3526229472761218	-1.1764700746235417	-1.3744193662006543	-4.188735690712681
2.4022283372897606	2.3513634544783866	-1.5264564558000757	-1.2006056679238046	-7.98112677869616
1.3234982058710303	2.240533920429838	-1.3287746616576657	-1.1279910505034385	-3.616607528655062
1.2173525689558784	2.021507195482478	-1.6715496812937758	.9409132015949174	-3.019984773347862
.9330424927996962	2.7791787517832534	-1.1801888935558118	1.1959333004911954	-1.7288140265742178
1.651111191172471	2.119427433231108	-.2628929085714796	-.8906350331357653	-1.060521643420004
1.0257864909685022	1.5979264838535925	-.5654470912290124	.5633198059764194	-1.6849992541237135
2.4243268641494975	2.7405511708461114	-2.9289326797761994	.4318206600247667	-.7498438912557703
1.6595354724787699	2.370897002011606	-3.147412017738259	1.2332207842874607	-1.268273281964788
.9532485114531818	2.7384355169923413	-2.6047691781380076	-.7573756702973968	-.5854055698365013
.9550286571556654	2.999524539982814	-2.032471764011552	-.017765433999489932	.6685197252362404
1.4796673776676141	3.420838937396122	-2.7006470718922606	1.998386697807772	-1.5274817191163286
1.0431710800477978	3.09041446929	-1.557753856910178	2.578626575247549	-.8647890816298811
-.804214457246424	3.6991563156749825	-1.0292134074969828	1.883763619979898	-1.0766807554709508
.6483482731360143	3.34655362314519	-1.1269989089092005	2.433185067465057	-2.74281269661051
1.0251759396244078	3.424874830824903	-1.8131117602491609	1.7225652381856285	-2.4369969120431993
.8964533015051912	3.3237770775414237	-.5263416445797281	1.0357148439435688	-3.3805571106950065
1.1226384758823167	2.872903062968092	.6971434977848313	.5668441688481464	-3.481494387674366
1.1752716521692657	2.560271371378722	-.2602908232179687	-.7739946564632711	-1.000242181829785
1.896652719102831	2.713220733597249	-1.2038119500933764	.5412996518892362	-3.2083340934879994
1.6104551611860127	3.614893285571439	-.41060673108916673	-.2769066598289361	-4.184496112305622
1.3105817645391904	2.3991305071177846	-.21605662472299497	.8963648333706788	-4.59191922459568
-.15613043955111544	2.2591159745153253	-.24304921105459099	2.0529051604305715	-4.521488869248065
1.4564847537696988	1.5791347507765605	-1.4402080437510738	.9183375096901012	-2.474698373823029
1.559686222971939	.6198459224369399	-1.9453798875820998	-1.2161179843110577	-.9192091343327732
-.5004059036689583	-.6115750473869402	-1.5781153287963736	.028838696189301294	-.2957946837439921
.38388758836742953	-.04540857398125697	-.35477605286799563	-.01694982594158391	-.43608546251418423
.4399823974031672	-.2465371003800627	-.7105954082238705	-.18824774473421496	-.03288142655975536
.7553096460414656	-.20105315895650344	-.05229616185560976	-1.4473151950413419	-.12425560672388136
.8113863683632305	.2479135987799843	-.9629464951030348	.40263363043930256	-.7133321450214063
1.0275302226236909	.6549905555984001	-.35843761724929035	-.9251454383767261	-1.8721506879057115
1.5030592984182907	-.09424762199012326	-.25163522258296406	.18335371025271072	-1.9885540943143436
.31524223483790853	.8070882834514477	.35704936464573833	.5560128623571399	.7192776038979027
1.3305659645898977	.3562135784815016	1.497051972386435	-.3732421878204629	-1.7097800912050063
1.831606151401303	.9481377918781726	.23873755926826928	-.020974129370912142	-1.4599980037539588
.24761254452467918	1.9016871343320603	.00028919349872302824	.2457921764833077	-.5461347662785884
.7136985898364169	1.7179412888746661	-.8636564651228128	.10092356474840056	.4917887629727745
.38038174381245526	2.007377283399491	-.7799147465104593	-.6883935373345081	-1.4177722210460872
2.3521713683576144	2.409856438955223	.1161078571615956	-.9629844222784032	-.6353766978489706
2.0167262255131257	3.157333143307161	.9418864892104835	-.6130209936313757	-1.1140994815943879
1.3144027649525563	2.660720380273259	-.8916097493037642	.24016683807642333	-2.0688688464770983
.9396766026737877	2.054365615794776	-.33341389071891714	2.41238612384868	-2.9815058733400877
.9414274869785858	2.2245587758270395	-1.945497947131838	-.34488484776098216	-1.658718445164479
1.394400508722418	2.1278412005298937	-1.4076600966803383	1.2995341127955229	-1.2333400750755548
.9586164376365864	3.774623062383257	-1.4564599068763968	2.841189806121291	-3.4994913726385444
.2413890712871556	4.451178822076407	-.8532128110659444	2.3793290676236785	-1.9385637694564912
.6245660263474005	3.7396940857420002	-.32974320257786754	1.076910920263813	-2.2122746337262305
1.6937102934066748	3.8075063906213336	-.6485003235181844	1.7118412612585652	-.01751855161432468
1.7926920402548991	4.243547818855919	.10458686662103797	.4713145016773847	1.1907663181471182
2.1258306157998006	2.920867288106464	-.2645291496113926	.33193543555311117	-.2372614213161928
2.1145392892251063	3.5684563188051115	.02412500035809914	.5368144252177398	-.3689088247705526
1.5968677097986494	4.402725716557022	-.3615992187858782	1.1931617514559474	1.257020169435319
2.2653816783132132	4.305660163321049	.6207013575911653	-.24260190108666962	-.3738579453988075
2.4991175593978565	4.688564803253811	.884365189501924	-.3625513257656088	-1.2022485632613018
1.2442923857129276	4.993714781526845	.8579894441783948	.7988929504696609	-2.1240224556005076
1.100943544667159	4.687413306606065	-.3877288752000432	2.100479738552832	-.8069830517271088
-.5026106114277538	4.788817566456159	-.6204260683253182	.6431955112492562	.3272114588394661
1.081285546241182	6.066189614393703	1.0151180874595938	3.3984744986400957	1.0778355301480413
.5704172273414994	5.914925823936303	-.35173596790596373	-.6851882787920562	1.1020828146852715
2.3698789378695837	7.008443007626603	1.5293497932715479	-1.0527609337835124	1.242066322569345
2.9749872583039854	6.211842703302441	1.2205135633500226	-2.221771673333628	.6789101466085762
2.8565662954667443	4.760369677802417	.4362544430300437	-2.574914519062954	.12218589582379902
2.9317170392067973	4.383095140937463	-.20520015695347638	1.2016175785727223	-3.2889194856392163
.9949613856396937	3.457941587021571	-.5572827755266232	1.5068404247195202	-3.367918441432269
1.7520322203233842	3.6417339471672903	-1.028927981372525	-.09743594945681083	-2.82313084596192
1.7311253797974304	3.97094034279319	-.3065325625024565	-.24005240859077132	-3.05972834038811
1.9425571280329677	2.2860342095809076	-.09206711469857742	-.811179204821047	-4.032237545311188
4.446418072627697	3.748126230936678	-1.2644409883354628	-1.1665975673301288	-.2172633664414365
3.026423389349538	3.462823279197257	-.10303146533988175	-.8297117848347267	.5906146776100683
2.562580206648247	2.735460402094617	-.333060125779839	-1.345330574313695	-.4315969276255911
4.353401267946444	3.131315191248977	-.7796604895058447	-2.378391745516939	-1.1521494893180666
5.137161397109391	3.0096395371911684	-1.508386563580895	-3.295108805968333	.012422636841925572
2.7683410148675764	3.640470629601897	-.9446314417122296	-2.69293441734772	-.3573909457256499
1.47980634191206	3.356817123666003	-.6628259399819221	-1.281639677772723	-1.3567631036738266
2.7872963783735387	3.1987036511126563	-.3078338312758076	-1.3749839248183642	-1.7437176144983428
2.157261576631374	2.794454616405632	-.1823934405460502	1.2185863343554708	-1.5120577901583634
1.0161868796418474	1.83752677847916	-1.3942257997193443	1.1427398027565345	-2.5178261347889963
1.0732420389634556	2.682759159112325	-2.1404262868356434	1.6891418328091725	-.9914663818897189
1.9824633311617084	2.6538414017317087	-1.6516272670689485	1.1571520997759277	-.4582720350343623
1.3314104434653298	3.4792745621430985	-2.4711119816274123	1.9091646256780646	.5766055441669691
1.253592675179096	3.122383925796179	-4.133847437358326	3.024878654789406	1.0620680611168458
1.0380353300515246	4.406382280845461	-3.0338366032380986	.385946860560007	1.2609395344060113
2.5455792462134013	1.6319034127924248	-4.5626996426391955	-1.13077235216867	-1.2956393828193935
2.3273312868342777	2.132598314158886	-1.582232241628526	-1.2708967281685917	-1.696910555528577
2.59369824196459	1.836323280297934	-1.9150486239766662	-1.2110066533308816	-3.783183944980586
3.080819300845858	1.0861233952902316	-2.0615460886555805	-2.337855817929962	-4.615174540264462
2.978714127862425	.8957915580616798	-2.8202679095381145	-2.0674608313153207	-3.1037381871656846
3.6134836737433016	1.6162166333144996	-.8761772304806641	-2.257360487697171	-4.278932001869462
3.522663446728335	2.174722177926201	-.013904259836060986	-1.7039659287998306	-5.728262424376216
2.828694385116993	1.9509994172470995	.35753359263161316	-1.2764698979479323	-5.294976718500781
4.077524049096363	2.4390561092822343	-.12711033101502267	-3.0639003997964935	-4.6209516086392215
4.399451744404663	1.2954964098665098	-.5127936996840022	-3.923750499301288	-4.783804338012637
3.939247882559152	1.5527271652048815	.14851551988236406	-3.7805807363739232	-5.181347664269483
2.5668814645962756	2.29319176209376	-.563038068426822	-.3940236581175252	-4.382182652908756
2.236051585231334	2.983239672454148	-1.0960805327258447	-1.9559335559839366	-3.2888044303150084
.8471335819599171	3.1831438799850975	-1.6629162155821997	1.1652538728249886	-3.404698886124005
.44558082563128715	2.2008098208481126	-1.6575315300966378	.4206758247483029	-1.7150066465663787
1.6872788771484621	2.328338105132764	.623360626163674	.02215084344502849	1.0590371958449616
.6735840515073608	.5234694625532601	-.5062137217144551	.4789985205456299	.3103699176217378
2.9644338855276953	2.040925511015433	-.5752521973932783	.8290084345452302	1.3577095123317398
2.497823960154874	1.8223755956209517	-.6546661377451969	1.4536393119086846	.05280766702639128
1.8396166282808046	2.1137293666518397	-1.3091282925310317	1.9159219189525474	-.7513118809878108
1.7469233847227186	2.4904733630823523	-.8932254335532226	1.642639641801653	.26899273623146736
1.3850798701478588	.6503864628617722	-1.39594664829074	2.5192193642007625	.8662172000862857
1.6419439285800128	1.775665453401451	-.6605923440803543	1.8436010248829178	.822152987657117
2.3787369928192166	3.0297150362147405	-.6946277377745607	.29635297125115234	2.0489717092233293
1.8682744482321514	2.489908370918122	-1.0074480021896737	2.063107385795928	1.8611931973701772
1.9745830132979176	2.055215081037213	-1.3986034325440928	1.8457472161583772	.17731821244471974
1.1201986852350094	1.4607939792988873	-1.9330914769542564	2.669078611929563	-.24165628289261515
1.9130560120897484	1.5893885257898592	-1.5419155097990784	-.9484915570574229	-.32858607409812735
1.9529323821371516	1.8453045427973023	-1.6060958114950536	.17652664483433594	-1.6849067213190256
.050275801893606656	1.624599189781834	-2.7766474976714037	1.653867578546415	.7390237104992633
2.504902924508763	2.6772502864311	-2.704954514475394	.36042399264480407	-.5797848933523039
1.775867197840541	1.7380551000435949	-3.102456754133963	-.11968937325160622	-.9079030547547627
.9936898516243469	2.176781562351322	-3.634988027752537	1.8063036613993337	-.5592313792876147
.11277962474999835	3.0905513251164374	-2.5381861138662885	1.444697655815222	-.45295821903784234
.919429627897524	2.9347242093940378	-2.2281219533421077	1.184304653296749	-.7034199590231586
-.14221976114438406	1.819563670736677	-4.310428934196394	2.131695499314697	-1.3133819074260344
1.6403576871771226	1.5268684013665803	-4.814927652254586	1.3219138839205313	-1.83712996120563
.9586365063977462	1.8036825600102664	-6.087023285720677	1.0063350097445576	-.7300606634631326
1.889376397227864	1.2495871669045733	-5.4728092305659075	.40244528697904525	.8091605767141505
.7803179076089028	.9934035756717393	-6.424077667980589	.13059065850396984	-1.4767242665798421
3.631021426498036	2.713455737323086	-3.7842102164958447	-2.023382068346315	.11231218491026795
1.780714406540376	2.030127495452036	-6.012008237341995	-.3613119526503484	.8716257709752291
3.291655603260234	1.2490089414808683	-4.987988720629083	-.5234493514760297	.04523945689695397
1.9049582077249467	1.1202359220756453	-2.9853156886027734	.08131272479958543	-2.509183875649021
.010854389660224062	1.2121825210615262	-.4762184950759148	.683322413890828	.2502931721868629
.2216970738650744	.3404110632497814	.6499801244751915	1.7850243866726183	-.7620590265192722
1.0754055928643458	-.13861978373293565	.044230535948585226	1.0979328699167397	.38130723630654995
-.17230584925908515	.1340273551961243	.4017789645391543	1.324636119470278	-.24854157554411316
-.9779808709952584	2.2020802408234457	1.2002335286024874	.41542117442669324	-.6808216346517627
.49637523374761316	.7470832654739943	-.437716755733657	-.23327681788277416	-.20576266201144824
1.1479181164801904	-.04826708945457503	-1.1456620590762379	-.5816798100995825	-.3673218793369437
1.3725191819684337	1.6616062377441925	.024736099720017612	1.344825950477499	1.0486221714647548
-.12963415473529005	1.1424454960188328	-1.307389863438682	1.3414933146334078	.6487249130971671
-.3724380556394957	.5332163001425749	-.9330084503327006	1.0459010434524865	.33698246836225076
.9111937139018904	-.648571161947237	-1.4792606812663573	-.8420807403394894	-.03530305172953027
.9003440295551278	-.13359077999180663	-1.0656309970202553	-.09297589230659942	.2623899516391013
.9458437491603582	.767202539716147	-.7887536973163172	.03826016324268522	.27335628089595954
1.9300396200361436	-.8111644578878414	-1.0651358103113522	-1.889752185672804	-2.025030221258008
2.3715151677734707	-.794569575465051	-1.892349004841249	1.300005015169691	-2.756067222963427
2.283628883528184	1.0781085126788912	-2.1668751073077437	.9829893323133067	-1.4445224722549226
2.46065616051815	1.8806493771109214	-3.0024839754621326	1.4616708201770887	.20348723301606164
2.6139110561053407	1.5522411098970428	-3.125862217221078	.15555512415569173	2.2288091221687054
2.041846373447403	2.5205759389577707	-1.5508833672436866	.18036925013619268	1.4252408459391033
2.488027875820479	2.7376253278943863	-1.8278695485437106	1.6833820063288312	.7637987575031765
2.73179283818882	2.1618341012276625	-2.471007849927198	-.48037431788269114	.10553226746638347
3.096845481451475	1.0816440460361112	-2.0438458084045785	-.40076020843914545	-1.8305697274854336
1.6880307244818873	1.1423959316199657	-1.3853760558047852	.015176286210904999	-1.562659454561675
2.109403698443002	2.438463261713459	-1.5477718716395223	2.7597080243894414	-1.565163892577634
.7029164814838254	1.099582394165452	-1.3958578492525762	2.7714696975126825	-1.860609687703825
.750141918429249	.9380148661595252	-2.214863423312039	3.8323214600197173	-1.1200101084023053
1.171672295135298	1.164666182333576	-1.6717395805306374	-.0691329681710029	-1.76583952734153
3.2424043365500337	-.2529029010069352	-1.911168825544564	.5174941115899017	-3.420092339780488
3.1304309243972526	-.3760644063521496	-2.20990123362822	-.6841709004017096	-5.255092519224997
2.251891425920447	.8576269938732715	-.9680635074231354	2.439736714176203	-5.527413565039572
2.5222448749103186	.6641833347620246	.7130946988749642	1.052725431840563	-6.577560202328496
3.013524698389589	2.1134080258568684	2.663610090444511	.16496292172587984	-3.8968756253717034
2.445414212347163	1.8781085293095727	2.0273346998953183	1.7687121805761996	-2.2913146326131333
2.406370229948879	.23954417257655458	-1.0210680216494554	-.10801242753183848	-.7910957689055336
.8695481859456113	.4254950549455951	-1.6853776667522884	1.3923689807307995	-.5208091885470185
1.1088347504203755	1.7312340424388408	-.5365591828399039	1.3076262268077248	.10019229507721605
.18205374286173615	.2745205826906113	.27351078051343314	-.7491419173588315	-.3893357312697192
.8045549549743347	1.144742153004348	.24520606539245743	-.48860796884322744	.6053673982192594
1.205299116967687	1.58919931906882	.14048631926491512	1.5874774475401112	.5658239405529193
.09105849265550969	1.1949486546124142	.21434379626880817	1.5973741409292044	-2.377901932370691
1.3621390471808275	.07799261507811245	.6134115543092425	.9252937858752803	-1.663293737297007
1.6662450010501846	.6285725768645782	-.7692142576604861	.7921515178309646	.18092412826126492
1.9466304845782434	.09172933637685085	.26805636672713384	.7090552690310079	.32955050564662697
2.6563826173145584	.9110641882550583	.613661652333396	1.2099513527357475	-.3485633517580392
1.6229597234427589	-.267229444007673	-.8462412995777637	2.6949794493040162	-.9310934748517725
2.3803536892181136	.10087326125706701	-.8513937203199087	1.5450805618939674	-.46250444193068974
3.1381308818915956	1.1464213274416175	-.2694892595820074	1.9355922457337844	.49000530109429197
3.457787902161533	.6607698319836793	.6655074109195092	1.9009634320603772	-.9126335547492669
3.7730678139430083	.6806682290685273	-.7704379327136615	-.023194186526718064	-.024865891846045263
3.3530461423635045	1.4249440010820862	.8550412108828205	.6641582397100422	-.8830820361401092
1.5879752675542589	-.2737706164966831	-.07777335897376911	.08299975530927861	-1.5039686640822805
2.0141160774018725	-.7707416404538597	.3790212897460531	.7268990173177403	.16186718539677197
1.1688835655844285	.23314235285573776	.6270422029324259	1.7829439961291795	.5878670146508794
2.310504241625348	.91689873317091	.5561654364262187	.9905207891198	1.5276381389975562
3.3191784045311508	1.0786797555364593	.5199777923664654	1.8782639254766311	.8510446975980842
1.5941700055657013	1.1188381398045715	1.1315025923794375	2.3169017927344675	1.043984599300825
2.5255792439729934	.5352593082829877	.9417065368669224	.7401486433985709	.08581436220432642
3.0405465010131154	.45503810045086196	.9063679300062969	2.254830242848232	-1.5946993867286212
1.2640894088631858	1.057980272184377	.5566242621925861	.2212076605450777	-1.0262243339893329
3.0911030241054682	.36287269701085506	.5631314013244796	.7365038374852129	-.7890317401165278
2.3278252340513266	1.0787558804180188	-.004193004946899448	2.010170325690207	-.9340355497648574
3.584968413982363	1.5426399351973052	.6971098075390586	1.375518007657003	-.3822914140554678
4.005639099590424	1.1929834196775613	.26245196533144816	.6819327226169676	.3558987985845402
4.239450208560605	1.7458133237685427	.9376512869593714	.3096081381582294	1.3187180755926877
4.022544015343126	.8603425063831067	1.6058167934346306	-1.2900803738853808	.28964274320351
3.717720615099355	.252177871855192	.9114023195614351	.05210958476448843	-.7277367515639397
4.908638277343276	.9781930300596426	.4851848350121733	-1.2407455463744745	-1.0481975494129798
4.034940456387536	.605929084904978	1.2105387303008506	.7868630523424156	-1.0998139230112185
4.7988053463244915	.2672486196518169	.7775358388736809	-.23647470259973563	-.7636838876015146
3.2419572451187437	-.7017997915648715	-.20355075479766732	2.2029380906994365	-1.8843963421880312
3.133133033117428	.04921906252563899	-.6024962545701084	1.7342856701423424	-.7639731568033513
2.495041745901102	-.4176667374550066	-1.1079077976955447	.8638829405010837	.6935837875087065
2.682472173990297	-.4711104321260762	-1.4497163129083144	1.209156954019279	.24963929477102403
2.416975424444544	-.21464808956161732	-.47192806833525225	1.728611224691785	.24944526064823253
2.9911119118398353	.53046735605672	-.8999310845621774	-.35274787931448537	-.5219999660824806
2.395752203085852	.20350549284935904	-.043854425875439584	1.231412725217674	-1.8110587759227945
1.5853238480524157	2.4879969875342898	-1.7650951058532058	1.495124072434373	1.1064347375616452
1.875257735876939	2.349701511524282	-2.298146624389231	3.4996854308554433	1.5608466580045839
3.297720513229934	.5142042556839705	-3.7492047078851445	2.1593665210408624	2.633657398191462
2.982081677673057	.44013254868003615	-3.792342222499996	1.1892245523423408	1.4345860549762117
3.8617637077722433	-.7825340041607785	-3.309286510872826	-.1624734908267919	-1.0868267691575593
3.7395569391025907	-.7666701058559006	-1.5615321309432342	.628146421459458	-2.656765319463009
2.6449558786528065	-.10784149777367766	-1.1577917049691622	-.04632402035852534	-.7982386610560067
2.9222477213797116	-1.2918348772097221	-.5412850496714816	.7415069613670967	-2.2622256955997795
2.186899995937308	-1.3452700051079682	-.4301336998780485	1.5607760835554378	-3.153414202508592
2.33778879958685	-.4380302033648392	-.36445442997439825	3.510793636719453	-2.6246985487913768
1.8875131573327784	-.15109695005129514	-1.1624566052437015	2.9775958687980975	-2.2199099075044675
2.403821942960047	-.31416545701510956	.002057581555539742	1.720420683233499	-.983639881640725
3.248921727726725	.02666467698174424	.8842457252260929	1.796553519615367	-1.9539890328844751
3.752791120188272	-.8506943284667334	-.03261108486592734	2.7519586822875883	-2.8269373732719902
4.044239383436189	-.6595368170200699	.6614890917709156	.3458642979991787	-3.81534797072238
2.6186397631966876	.7992872163999407	1.0602213064742554	.5577924754230419	-1.2995843230953728
1.6724852483547834	.6920322126650099	1.2927551313574601	-.5704324928679051	.46307645241716877
2.246251567087846	.9633014126105784	2.4827705992413467	.6621668834427336	.13977155575900158
2.6368892491339007	1.9936041899674268	2.2352392035477298	2.7524590096219823	-.6252647053947594
2.8754877707908117	1.4596648382169795	-.0670240419108874	-.3775821753225257	.6752585651510212
2.511078420389424	2.146898328970977	-.24602845895769054	.2697803201094923	.1898366486921341
2.829664589945732	2.372206138672711	.17021286109935357	2.192544379432481	.3987138430101179
2.5983751423387917	2.254093824873491	1.7027985113627888	2.5435047724011532	.4030886688775773
2.4966102361913434	1.6020685369504353	.715761814218793	.6024727734033507	.7677126176907236
3.5895182240634287	2.3461046866230437	1.2388178281038646	.1150176239799211	1.3349681785077128
4.174797125903952	2.644280396364618	1.4628388253823545	-.5422475704185852	1.171889724946336
4.056412325971013	1.4738952824368812	.18974174012887973	-1.5576317532214565	.0809367554318442
3.611471021676369	1.0436591707291523	.4032113234298591	-.5970422992918305	-1.162946377336669
3.48773206196531	1.7081014496368734	1.6842581854573586	-1.0022420865316684	-1.4486727797367551
5.133731499028961	1.076871977387453	2.0379225647605077	-.4788309061815128	-.8020290721225989
3.466974257466468	1.7654856544532265	2.391119284666343	.83499443928104	.24673669986878702
2.3631634667491395	.4597352667455817	.5913499586392976	1.8579705182574213	-.8118341857445271
2.9625042767674636	3.019193992406842	.5902898238734606	.4305863914482927	-1.5058890620787664
.38646129843813304	1.0950096769103452	-.645073871794209	3.354236644837979	-.7738058688352385
.27572578451306184	-.038175434984932366	.7789006035143737	.7477110300328866	.5894399468129226
1.4344943498094467	-.5123913305910188	-.5454784960719938	1.1631334514967047	-.892643055467278
2.2066644219946046	.561116981193218	-.9718769158326213	1.4090876469356228	-.6420685916906826
2.4134186087807383	.4841935393297444	.2499910317334617	1.8056386043375232	.23320181241088467
1.440593819519741	.28399695591268326	-.5821321666407786	.5582660860679044	-.4424660066119167
.39809579220011276	.011294261631352845	-.23129216713835207	.5333049699207012	-.3154240665191127
.6869578979852016	-.07438545333096525	2.3405193897366763	1.453164087566063	.7238143241266125
.753246518536864	.19895322897889856	1.1947578723875625	1.704968158254597	-.10423635292634365
-.07462260052031433	-1.4384056153934948	-.28978561474607156	-.30833825818218386	-.1763039140524325
.3339780470853505	-.18099699099101327	.5304719622233502	-.06078054288277734	-.13319699733506343
.1316645131557914	-.898292975476856	-.10922557043336845	.08673887772956289	-.7639396596430544
.36408159944550744	-1.052045703357456	.6900638731668983	-.3402595988360178	-.40373594280774555
1.5500434134669732	.8027098634030703	.24246910446189668	-.3280442964619618	1.4836248921721094
1.474826931464378	.7511878300248078	.720678209183807	-.586720498345912	.1598924376741292
.1783879730562962	.6942216190013194	1.5885989550655397	1.592476969277846	-1.0220191151062958
.11188057536925299	-.7128087205584488	.8547824712663904	-.8371993338504549	-1.809047314679924
.8989357987329866	-.3065456791751289	.2318474091157235	.15736382759090536	1.056026254461722
2.118152193382881	-.6632888571098097	-1.4806784490585978	-1.225974534461615	1.1521044254976167
1.784617052680962	-.5207564318342954	.14695079954804122	-.8275437802352297	-.36984389135441276
.15054730747847708	-.9411220600989897	1.2460324492446118	1.3688535714357148	.6733929519720996
.22643527072049863	-.02168421484808794	1.2225214613613509	1.0350523025563523	-.12273623042859683
.16891337208345342	.08983716141149395	.8155618061041433	.8584134390261943	.5469938182922581
.9993474865692994	-.1972843255451116	-1.0658250028199716	-.20192976056786627	1.8042468107626646
1.454468371085435	-1.755490289120344	-.9048564677767948	-1.772104807856353	.7835815101104209
1.0940349145605386	1.045408623449249	.23308248726679814	-1.2448797195385055	2.162243584300914
.09284415879021923	1.6825393996585791	-.14927033100816745	-.45241008767428437	3.2871132063957793
1.0163706554677436	.9320059998153458	-.7625585025643409	-.05343202119262887	2.5758255279177384
.6911784619698389	.08186900533032687	.3836956262054734	.25102793684396507	-.28870228408891874
-.7516911229025525	-.8878929691007451	.24329039423961119	-.2701382566652354	1.2858048479332438
-.06182517434789653	-.292339403297583	-1.437315938749197	.5502708381089736	-.3050360126695853
-.7117773290685134	-.8983671948396115	-.07034576563531036	.3199909422112384	-.2425038328277888
1.270309570012189	-.013691220177941388	-2.0381402995867237	-1.4822460261611798	-.2891125014657481
2.3027100719214983	-1.1458689692033959	-.5155339257932127	.537407627928595	-.07455175743221826
.6984945087639615	.22578033247438742	-.07611777184628321	.5136884237162785	-.4530607843030605
.7720672405880462	1.5876788705351013	-.6451136543533504	-.5421266720804451	.1748203385819463
2.4759030185152753	2.2148381522552962	1.0359429886290745	.6681826069084024	-.6467353348502654
2.2335935251574752	2.555643464537196	.4118104550854438	1.0257046796385396	.39661111535157095
.8452173706037238	.6757125950468584	-.6517144096417388	-1.2927716669850906	.10019997854596496
1.4826686042928214	.3400185691988646	-.7135834137472674	.7976489479863973	.2626958746347938
2.462494742652267	.005844418487085598	.3077196711090574	.259902916699538	-2.0971261588308434
1.1875163849260102	.8031633465416783	.9744602047278138	1.5740022133321974	-.40763345946850194
2.950486426002127	.8250262908064205	.056825883656953735	2.0348093873495268	-.10160883253860817
2.611040987851108	1.515602642375706	-.8101391837072762	.44528128468151523	-1.3272341325326849
2.8627689191086367	.3589025056469256	-1.1727367586794804	1.053224189066163	.32407408725893844
3.9510671449989565	-.5778941717349961	-.6112840928792411	-.9582791014443134	-3.4575764556473945
3.5963952363009963	-.749182206226465	-.9490794566360541	-1.3038259853541354	-2.597142392434101
2.862599358392868	2.3154423195520883	-.30163184909466795	.21126952256353715	-.7730539103990469
3.149875663201782	1.0352288523022013	-.11643732355633712	.4234294964716198	-1.602402725990409
2.137745275004452	1.3762495964152754	-.8762794065078425	1.5308991926613122	-.8635812715771896
2.2688912003439534	2.356289318675212	.15943105382914113	1.2751292000775138	-.048565499344121243
1.4522051507852447	2.474127539795869	.33738954086714923	2.0340669923052395	-.8246766850275833
2.0596628827270806	1.8691140476720374	-1.9261099451613444	1.2584662867022882	-.5504988540003153
2.104417084212022	1.6809777397599195	-1.6279596479680514	1.0761872275429274	.2739207148181242
1.6274765170700773	3.0678529917117894	-1.700711517513334	.44626529105131396	-.0652488117834984
1.858249140782449	2.978694507450847	-1.409602337906068	.1595961671495845	-.9862399520288779
3.305745064679285	1.5412559887472363	-1.0071486828589058	-1.9423352490107806	-3.0375904411718615
2.4194064739501897	1.7417761244991044	-1.3669958230590729	.3278383816831967	-1.8535477520614323
1.504063595841068	.3359104328605971	-2.7909876066070916	.9030210731570464	-2.9926968088561146
.7133953880984752	2.429005045784605	-1.477145619968498	.4543812426190084	-3.0140449609118587
2.028200730502539	.990311569077604	-1.5090685464240488	.5213348304692036	-2.73904487790868
2.2573303387687362	.32775333404005424	-1.785811430547949	1.1526884255824958	-2.8489683530397816
2.5868042298523597	1.1766650139121486	-2.022780424123685	.9270660800886636	-.5149272807748488
2.0990870810842694	2.209201072572461	-1.301013601346683	2.8071720294306397	-1.1596193189342239
1.130219776602309	1.0055516071900414	-1.205402640678167	1.952379754589779	-1.8624828386572843
.7188757307071927	.9499920469075336	-1.3603402279038512	3.517587578794854	-2.0118330564817155
.9480227615131454	1.961599961589826	-.8895279404741502	2.981481754007758	-1.4105661468928072
1.223764262326914	1.845942502301891	-.6310548481735019	2.466510903070673	-1.7270731002880746
1.2032544431582268	1.7920731572861537	.06996985163547736	-.5365197384077725	-1.3360143636383852
1.8152421840134987	2.0369161740714428	1.709322052669339	1.073057133016841	-.7281555649059581
2.113176536767947	2.463175467630543	1.1872569826199284	2.7039580781224077	-.19910474742750373
1.5908249067229832	1.3659163468699491	.22634719565951794	1.5332241318721698	.05375666961604253
1.1236823400068274	1.5301160660233526	-.611617513672074	2.5506918619281267	.8938544121889386
1.9320347716326203	1.476502241883248	-.6947155121568743	3.502146972468823	2.2059082168384143
2.4359827957348705	1.7030727072228653	-.8191389140275954	.21720829130538366	1.8456975102324167
3.127697935631559	.7618642813522201	-1.9859812337640155	.46224837574913524	2.043731842870717
3.6729355144821674	1.0268723835556355	-1.1663263202928753	-.09639981449576707	-.8303523048800738
2.8508662739072173	-.5252666674617186	-2.0622485406118605	.15484676529422767	-.18317503618427042
3.145403633540806	-.5149340189110911	-.74106649865176	1.9478422178433605	-1.9560235975480826
3.285477826978722	.8565633061235495	-.5466056360797074	1.2803241135708407	.19375509437542487
3.3954744547449294	.4682647098605364	.1409928471518031	1.6235795766882677	-.49605924984684124
2.7206785882277997	1.0796899717398765	-.15894685629236915	1.6754546215024977	.06800854809773937
2.304064105432167	.6464468177519138	-.8773642180209988	1.6347001525543976	-.041120066389297966
1.7209165800729913	.6171776730288876	-.4122153674209812	1.5108135710369976	-.312552495295212
2.811852567620858	1.9075423411924501	.6899683377589813	1.8409848019980788	-.4259888437449837
2.4430550079964015	1.4403425329231796	-.32084482713085616	1.589473514190182	1.120318382884667
3.2680812619717807	1.4207947777637322	.3814858708942759	1.7439702395799852	.10446274119767127
2.7852847659294433	.6693730480002623	-.1982031038039519	1.4670277553085276	-1.0785054506116105
2.186260884809679	-.11130022643687969	.4541738501299841	2.5197183200617763	.6889349445865514
.6471598262712116	1.006521291837259	.8976754695883744	3.0099793458408266	-.04642948201977226
3.0190925208072947	.8899449393637733	.5619014722629152	3.1794929056324266	.573603913944583
3.3528644146935243	.8442969118400703	.5992097926113651	2.242981012707136	.44820050375756926
3.3269943486340274	-.18400990884030705	-.16062965234660478	1.4727835158441085	1.143349262807476
1.589590183819226	.06281714609420963	.27550679782755916	1.5922362678048703	.6963708434597367
1.1728323297024035	.03355834149658382	.11629360787138276	-.19734102550496638	-.29749641080863726
-1.2435500944598317	-.5876547278388806	-.1622797984939376	.15869243595576177	-.8582596982428266
2.1077752922206328	.6435208569903902	.7255948815485536	-1.170991136140366	.721800413687609
-1.848343263202552	-1.8621614877280654	-.945173541106795	-1.3312228722230197	.490334494291795
-.676249754650447	-.5495825435140316	.4627098319346863	-.01607690517987842	.17096991718446744
1.7569796466909797	-.15037012638099181	.5811070524995428	.4076219795609836	.5736153076290397
-.4433848622343935	-.229670104085264	-.6272290579053224	1.133084748515055	1.871803983309114
.8078598259082521	-.9755071090908375	.2954419484474594	.1537522816160306	.27675079393523977
-1.152756960047946	.6614144013508895	-.1469795966977031	-1.127034108431065	1.7450462195699723
-1.0293603721481683	.18666495801478683	-1.0452497972742556	3.3802448756506474	.9161957123183363
-1.0876791470534561	-.8537061314702107	-.6899953443563906	-1.0440530037150164	.8265785455910915
.26720283569589776	-.6878912391366463	-.7524054280942348	-.06661230657517825	.630861050353476
2.1086402978248246	-2.1640472015481147	.24736915456377576	-1.2696457167663135	-1.2340292293123907
.4300193743955715	-1.1970711241839016	1.1471651424332907	.1824653874677575	-.25628643735036605
1.420061789018534	-.3449598287093029	1.3521080027140655	.03601641300029523	2.2329061194058357
1.446484204450141	-.04289111157061265	2.6152180967427014	1.8454233134256393	-1.3818866134521057
.13652688594494033	-1.0048433190739712	-.1444144255992585	2.774228516815227	.6588828825618954
.4574040639151086	.3213330163968383	.2779743634926766	2.164818075709255	-.21302880873164376
.5146384245919503	.5119101475705357	.09495374778076357	-.22186031398724365	.2564475808345732
-.07762025181964796	.35969030785192146	.5892917269630128	-.6684504438782763	-1.2710160203147427
.44429438814152383	-.7874327697440177	.6274869295821207	-1.2555398382337009	-1.5962809620701242
-.7287923316997404	.37864012749170395	-.04236348834162182	.49268409334980917	.05449050822921425
-.18538156070197087	-1.0226968749180596	.4503221207511617	.07067417121754893	-.4393839958196144
.322979141369235	-.17086749824702444	.9595660527898497	-.6257345657107793	.8533295000508428
1.4101884612699283	1.422934108957763	1.108927274956965	1.5680678616930683	.6920122241841618
.3954059426806701	.09984048546532209	.4347969108298275	.2816171552892272	.008849678092466118
.45544931528152954	-.39625406242642036	-.8082526380117722	.6546647080151617	.808560392575632
1.514389957101014	-.6597792439881367	-.7089483697292054	1.7488269133361327	-.6611047698046312
1.122439744127644	-.44969794519675965	.9472200144135956	.14964012375678382	-.5085169116572227
.8858820261727282	-.3939533305529184	-.08627150441989237	.48655900257172724	.30947756187510506
-.8073570168892904	.002320972239994036	.2934851226271987	.8861454704724661	.0071596057590035955
-1.2326387337815632	-.3626138962110633	.14224347012202326	.10966620463727245	.10215833977647654
-1.4229780749903465	-.5696125566600014	1.2463318728658364	1.274848171360425	1.1874090842620142
-1.3279301127238812	.9493078169437771	1.0938366708107532	.16157893426579228	.7992188488228997
.6057628541645999	1.3310832948317994	-.6019792390349351	.6868780984442727	.07396375022510249
-.009701668782129233	.5348061963731835	-.9533509484425479	.7835702014956006	-.628636843417022
1.2553559290613783	.8326825718476524	.007454135102191714	.23281916864789717	.41589914194772876
.923450508369258	.5098398757005723	-.6846225854212667	1.4317319561915736	.10907535458538598
.5404809470907664	.3998154994992649	.46598864380311256	-.245631545512894	.1503070982636731
.4277754077204361	.9591315432404908	-.3217252933478328	.552284713594901	.27537497142136524
.04067461600915756	2.339352515600738	-.43440016319152697	-.699978340010692	-.3085065567623575
1.873917967296841	.8938546117703176	-.8184141458874161	.48932759644439444	-.7033984462645387
1.0946115637034026	.965811892204678	-2.0241152058598644	1.815211732736069	1.0170687764398048
2.3406557320168004	1.4445177405251497	-1.0287176798284798	.8623007128959045	.4131955680437528
1.8715447292963632	1.810067896973996	-.19885207536424215	2.5292262919783868	.5383401757560358
2.2926238498211897	1.2800196274488227	.03173331916947317	.39960964235802804	-.44895423212485797
2.425008243450883	1.195109804248153	-1.135769183155829	1.0682342559159839	1.43618925160111
3.13282961450697	2.0901277176263307	-.10971009927623819	.10715841381737701	.023954979178608116
4.076328610521588	.6006421229613667	.1488293802443541	-.3828465223025507	-.2774878850731074
4.02947119565328	.3600134415844906	.1322381221962754	.42372541919239526	-1.6615621350731447
4.353205222955537	-1.314959949876536	.017619691328189524	1.5958649365020823	-4.477223881782986
1.748366075192909	-.7976323777085945	.8946892424774353	2.43497421696076	-3.3288128224033224
3.060871410646017	-1.7121460358179985	1.1111585216060533	2.6921019029114905	-4.596539004939933
2.9017961314397547	-1.4474859929276602	1.041791800521629	2.650707105429446	-4.926682731571531
2.3770659419937945	-.43221402429530986	1.1375594439652748	4.135559958558497	-3.4590133504671363
3.4712376832655365	-.9682933791799703	-.33093676581749143	3.220602018107841	-2.9599336270908303
3.3258241798305694	-.22601837278109266	1.0681408723492645	2.0465194675510325	-.500456547578002
3.1642860276575835	.10969033420215435	-.049178217759525134	1.7949517073565662	-.2881361496201731
4.341358516249738	-.11309376905142579	-.42027290791845395	.3961067230565717	-.2636649297595529
4.083563169794525	-.15208919492545583	.5542006581789722	.513533690807856	-.7113232429457121
4.916125477793445	-.18113612307098925	-1.2675287047441999	-.17934079276767248	-.16846939822157245
4.341260718454075	.27151360035408934	-.5443784994716729	.595337009892488	-.2018878565617641
3.9751824509214924	.2674532179540283	-1.1172369273656277	1.5468712215951879	-1.5388022483281576
3.7538692721735245	-.1506967791436937	-2.452572144622301	2.4515561957272647	.4197869319439938
2.209866145182965	-.5704217325578639	-.7894652244666093	.5571460336097308	-.08810399639126765
1.6955246966125352	-.2793052281486776	-1.4690641771808601	.4014895891180943	-.8183788829257052
