x1	x2	x3	x4	x5
4.033540704559984	1.0085316913537956	-4.321401879042499	.3412678446965334	-6.01949231522188
-2.8488957579393364	1.7884303567109656	-5.467753183102354	-3.2485643151580246	-4.374700733694002
-.4212873424279329	.9784970113767428	-3.6938753870292613	-4.292489012767054	0
-.5319029094651307	3.640844490088074	-4.157003609787093	-3.320748771353064	-3.0322836549542362
-1.663418403700685	0	-5.050182409189034	-5.837577169987911	0
0	-.5048306392278197	-9.492215792047867	0	-.7306068118348759
-.1406324431937086	1.6570364643689997	-4.879648165890559	0	2.3960935102006555
1.4038512678683346	-.5422171515126377	-1.437088001996762	-2.5802092907919736	2.4052038220732523
5.079791835882245	-.6019271501233178	-2.6434084393970965	-3.428424703231097	-4.384347981040259
.23655644404274712	.7196342870017962	-6.789984319920775	-.11906987811000613	-7.393581961260885
-.2559448046801185	2.118079096639532	-4.6899879057309395	-.5205211285689505	-5.611728151838786
-2.418432322936042	2.1785991268826894	0	1.120662873221042	-1.9688927032655026
0	5.1913324655011115	0	4.646458127306879	5.433386754246609
-.9598692618976454	3.6233204131354046	1.8834532133637534	-3.0869411226399492	1.2963648073653746
-1.1653190884542974	0	-1.0154796480339239	0	-1.4319092777328999
4.1719152159115716	0	.7875170064771395	.20958363469721886	.1344963863449684
-.5749241380948675	4.068788432424955	0	-2.3222481545054436	-2.3696968357979435
0	4.688397862292941	-4.123795978551891	-2.6630120220505966	0
2.9309251279500947	0	0	-2.226586327147174	1.104014247057618
0	-.6074875400110606	0	-1.1371661979995764	-.12767763335099735
.08813729421540262	-.23930859905972626	-1.0997823534748346	-1.193982280074804	-.10714500807130478
-5.310675720114274	-1.0629818421921375	-2.094872265436412	0	4.450317244786596
-.6076287596458118	-.9570263163497037	0	-2.9552479548945656	4.554105623212134
-1.9966003309634044	1.0742181535635946	1.3168396188816955	7.482213851709205	0
-3.5794331384542146	1.1514002626889823	-.505208539969472	5.658044930032446	3.9081477036985692
4.204134129770851	6.197189015404735	-1.9578151253584366	2.8254833598294753	.8254159311906375
3.0307597612402826	8.795463662919659	.9907075511203571	13.606150371016028	-9.763276905636657
5.188884474062557	6.551046188013364	-1.6937855698935234	8.739215350885734	-8.779656179126011
5.587923275660667	9.328296852987968	-4.7229541060480935	8.153417966507472	-.223207641235274
7.14935349158258	6.535014420393367	-6.297163101830985	8.807818008752397	-3.075685560787859
4.873826416911516	6.914955541371599	-9.930005132339472	10.817816696896017	-5.712951233702616
5.706834547958956	-2.850929772398815	-8.293246743559708	4.717433073220876	-3.7247257302526746
2.0225458179773357	6.347458769413819	-3.9591019257072118	4.345691278047143	-7.148940075412242
.13381180383912783	4.6830301989833965	-.9517874112586735	3.2322982860316856	-11.971673793964559
1.496581865857159	4.962199627446155	-3.3065792127761475	.8278802010352633	-1.8577299315651956
-1.6032390789167672	4.82217397514175	-2.3415260480415574	-3.3204233012423487	-1.2865230952388935
0	2.26565976909359	-2.5019344520534412	-1.2305122282196925	0
-4.0646770082382835	7.840822353528826	2.7176804147740237	-.2944616211900086	3.064181807289428
5.226660748611698	2.366555374923902	0	-2.805539130468262	0
7.285777592955434	8.696757692436133	-.6719539561931711	-1.70674211506202	1.274192105139781
14.194130242004341	7.0475273611522375	-6.305304754683288	-14.488032594882117	.2759045396058255
14.20904098737896	4.459627406054619	-4.750780197265083	-5.910954189361741	-7.484373208490412
6.973585531703895	3.8923345931580395	-5.150843851635228	-1.2161899095279494	-3.7953982736413536
8.532615561710145	7.304340997470608	3.6548582525488005	2.925626012070923	-5.330725065596278
15.61648076251106	12.714667330526659	3.6580242720719776	-3.587424631081148	-.2832047654638884
13.34958675921815	9.349231494013582	0	-.5404599890799817	0
16.00304221349324	8.347916046108853	2.19286214674777	-6.878994746753744	-7.4905414023694075
15.452483780644785	6.356396112614689	0	-4.053468963075633	-4.670646837949175
14.431379034625031	5.317779040478936	0	0	-3.2842464448922897
11.626777317479279	5.061187848559017	-1.7249068163659755	0	-8.745759890410461
9.725117669173063	4.872576358569954	.40473397025292845	2.539760649550486	-7.875336373120505
14.55802214489744	6.387550074990693	0	.5715982789996237	-9.63492005251164
12.165242075628909	7.457849578177732	-1.3503166699742544	0	-7.125501733366467
13.013154192244768	5.384080301533401	.24829021308781918	-.5587547933257361	-7.444163249001417
12.395203511211559	5.478296909089824	-3.2992226956619914	-3.3185205535474633	-11.183028688952804
4.65928303714362	2.353224416577376	-10.709134947639482	-1.219953135513607	-1.5467369711753212
2.9254724814545097	7.000959747981277	-6.997516300137919	4.491089288140133	0
4.408847979069131	12.44550957156752	-1.5620113025686388	-.42998329886238496	3.540566264114348
11.727758626774907	6.475853761707512	-2.9908199584754422	5.1966854638169515	-2.9404612066827913
11.056425240858474	7.975358425633994	-1.5957182857293541	5.240395459961421	-5.620102846540653
7.855369954966585	6.260393491290794	-2.959854959703711	12.214612265913726	-5.728749982299523
8.289334628109689	1.5956788913354654	-6.967601232921132	9.292822882827739	-1.943323485867136
6.119673798542099	2.942141840747614	-1.4860994557168308	-2.4612718736145682	-1.8350550451043846
.9067658293906276	-2.4858613628147	-4.49500459431351	-1.009367727795669	0
3.230906225396153	2.178314877621648	0	1.7100460254469592	-2.7049781612277677
0	0	-3.307644104625832	4.420962485368862	-8.295970747939206
2.02003889375522	4.3402127278519345	-.9096468793702024	0	-2.0671700423310893
3.0031785911730515	3.3390017574377495	-1.005737579282795	-1.5188617159539255	1.2886273529886378
5.93064359653196	-.7257811640241453	-3.2312533029307193	2.3062134430243426	3.8470130086528247
1.8067035794513624	0	-.3699034760206501	6.026274056838492	.9694725266640104
0	2.8791724332286055	-3.512330596535149	1.8086331183556903	0
2.2837709603622773	3.06360548774634	1.054512549649583	1.2946914813507715	0
0	3.960861417068808	-.9242807349339635	1.0532268142838075	-3.2792849619331053
-2.4139181066697644	.276099066737265	-5.963289338880241	5.791196929132083	-.475553720746821
2.3298270869271134	-1.0260592223031852	-4.932545926756783	-.9699238818708666	-.1689061905346254
8.580526064457116	-1.754606094271689	-6.230723368321435	0	-.63572549070571
4.7013876696265635	-.6209663044798251	-3.3115612204045037	.39563661037694686	-4.7825341291416565
4.742033696202052	0	-2.194221834311213	.49506010776289755	-5.150472366417664
5.103762839682731	-.6795509380765827	-.6108451530526298	-1.1737833225981724	0
5.285844443653628	-1.2488977871852907	-1.620976302706591	4.788447418321259	1.447282004831456
6.119591888906501	-1.3186826277033317	-1.9023024624664582	2.879963312281191	-7.328498947222744
4.165298112751763	0	0	10.09752538299951	-3.37817645582455
-1.7493551400230711	0	2.250033492642474	0	1.2076226497745648
2.4575875051509644	2.4087188356000486	-.7154304989434256	2.143270068525091	1.1307770293192685
-1.363067951995521	0	0	1.248230713281073	2.745042464472869
.6261904028958867	3.5794209779261807	1.4259357189941044	-.17067732094388385	.30750199513839727
-3.921119923164684	3.0796213368417282	0	1.473348977176205	0
0	1.2778722931865616	0	1.638144376498535	-1.7002954314256944
4.2605533770544275	-1.4465399350746126	.2487852463615554	-8.591352613359177	-3.7322393927809716
1.3185610367790157	-2.0160931991770603	-3.618899484454353	0	-2.2247558912753105
-.3231528202875573	0	-2.1655089313110083	5.22005249354268	1.0885203387297384
5.20702059317085	-3.329528312334584	-3.782329171236374	.31600871281376386	-4.107531273932175
2.943379568824345	-.34728590010159166	0	5.653405498377785	0
7.700711839619686	0	1.2400109660013627	3.6743104522984695	-.15739808064942595
5.31707453062448	1.3789188191707658	2.24416347485041	4.016093365567992	-.03505074034260128
16.2511839438479	0	-5.379680093699072	3.273344628958191	3.210565104666424
15.528135946824246	0	-9.881067368713175	0	4.782052002892735
21.732831831817773	0	-9.582675531802579	0	0
19.66998865228443	-2.4973233162679875	-11.370010619244177	0	0
8.823964901976986	.004101750419404193	-5.3028336901883275	7.283971054149245	1.049527817315937
10.623279010630327	-.24194308717717852	-3.294036188647222	2.4736562530118897	-2.6633325069907734
14.55266477460933	4.31375426325541	-3.404739362348927	0	-2.5200249999417945
11.749247269350512	5.117476537430817	-5.051116943015668	1.3625257374444426	-4.603496710968189
12.716585819626486	5.156620687048949	-2.8944076676902752	-3.0965867465465506	-4.166795260203827
12.276540740946526	2.6039534345875954	-5.2235750639530005	-4.630991284570818	-4.853419147517449
11.1249573949857	.5818017563363087	-7.127879585572163	5.181668875907078	-10.284880141662644
14.692772615615969	0	-9.151430821432804	2.359948566385601	-12.020313789964069
13.670761556894199	0	-7.424944465596253	3.962833174094689	-8.613631394324928
6.673534314262852	-2.84156279419129	-6.757556457673733	4.479442645063947	-14.288597138002952
14.535975041475092	0	-12.050865682318724	.39483380031728077	-10.000732704039327
12.3027211738917	-4.720336731515089	-15.608908307997924	3.806708080930255	-11.706791785042851
15.570985453650328	-1.2474940225143245	-10.02649211760924	-3.591095660897448	-9.451130744555016
3.838605844534787	-.9582683114535229	-5.006237542312564	-.7570267349334274	-5.810094270781171
0	1.4895174683942571	-.13943263081717183	2.631245549289664	-1.4837830561038061
-.927735031656866	0	-.44281150521355894	13.112495984548108	-1.790196474655445
-.7557867174469819	2.838083864135611	-3.4600326996663884	2.091420979253757	0
6.902801043579961	0	-1.8393640841854602	11.506015996449802	-12.718080293004975
9.956503707192182	5.443059053396987	1.3481393400598125	0	-9.883541309450472
7.3844196251749326	7.202164333751899	-.7441654500880688	9.446108949762056	3.8196064545611166
10.542200829538698	6.872396873641697	-.39227089751340205	3.915891179274169	-2.163563946332326
10.97919821132905	7.668167080709703	2.7380584625675257	4.390611595306707	-7.69661367474389
12.698597361671279	7.928366121040025	1.1052721613250573	-1.8939965564133014	-6.12510960442142
12.866917255918263	9.568766964888109	2.429879071962665	0	-2.7153035882032137
12.319813765133365	7.581798986081902	3.572630358177873	0	-10.907189001205076
13.30348992088134	2.6537954528574987	0	0	-10.970276683197092
11.364649290217937	4.0718574572267405	.16535048983421774	6.086283590083748	-10.604807811068985
9.185525270519351	6.392648142555995	.8653942231613816	7.860047235194963	-4.226797877319231
10.165468747968722	8.272782063776667	-1.51151518385049	8.471063037565372	0
9.02079788723752	9.973852255120336	0	5.130806697425421	-.3485152605317565
9.13538636766308	8.214457355853172	1.1212485639626624	2.640751124302332	-.7603029388185052
14.124570397053768	6.85873935884837	-.6135371405196093	-.45224459893928576	-2.1280398573316863
12.6861641810327	8.38576970861577	1.3557725895698851	3.951713541407188	-1.46424973665751
4.009926753088903	6.324115486710685	-.303922663990735	1.4815673076777123	0
-1.9702390593353054	8.83175654704068	-1.346018677482576	0	-1.5479349917078573
-.09909670923794311	12.936782477648995	0	-1.2756270696461183	-1.4318367020882734
4.603250726117914	10.509959385959066	.13608739788324464	3.902704355474447	-5.657491818609534
1.271189250771222	12.339285746444588	-1.2747890131071147	15.064361689937881	-7.79684770339852
0	11.146122572999468	-2.7785388555159365	13.37219140643252	-.8138879505599488
0	10.065758227002123	-5.313603592588622	20.196588626926605	-4.411278642985441
3.834235233268335	8.662504425762911	0	15.027596630521932	-9.522259775688344
-.9672784948570747	5.410225922335614	-4.997737042439776	11.35401917601003	-9.971415242626788
4.500422857581247	5.390656865353178	-1.2309559136260484	8.721414326014768	-18.544862779086195
4.274121835097556	8.342732921341968	0	16.355310297343774	-5.417296831325061
6.6326537305183795	8.952180481610432	-.7173463815790785	11.721699958846083	-3.9195754656063846
6.208132889531222	9.994557838302068	0	7.101198620664171	-3.8093605802199133
7.4654421716053765	5.835173116223842	-1.4399293785441465	7.412213072883301	-12.009035252078093
3.9505151652725603	.25382415406436487	-5.054407756765297	18.868730527989666	-12.546345800247268
9.799968589539029	1.1340792599654212	-4.183443362774721	11.37529021050384	-11.190522722638876
6.470970126698384	3.319553157234799	0	13.940462567380736	-16.48098700402363
8.002947299324223	5.714465681770113	0	9.218518748289242	-11.401568173467545
8.017902755174225	5.128503906792415	-4.218615991486793	10.194736835157048	-2.2100964141140835
4.907215377658847	2.0025629706004215	0	10.895177384795973	-13.454914575636582
.41455490595616795	2.8383423477437297	0	14.57521962103994	-10.24652091788856
-1.0890884017579832	0	0	10.881021262136418	-2.9901542847762603
-.08799793750599234	0	0	10.29702784724856	-1.9598113477688432
8.748073963068862	.5861352762421977	0	1.4962557912026444	-6.559465953505471
8.71946849490851	2.9471737223774586	5.564303128806453	0	-5.566124141426085
7.365861101408759	4.79506070718399	9.669716141809774	3.9646889490050237	-8.342251218276797
.026606633579368655	1.0778429941172636	-1.1717449098923554	11.245979315217777	-2.668229638851072
2.034931489574193	3.4433465114867254	1.7617390283763839	11.909072579020222	.2115817977759593
7.182603056605755	4.307922067826575	-1.5128676958995115	-.19054282372591058	0
3.923958884108461	1.9591311883960707	-1.6197027728013051	.586159484576738	-4.504465443776139
-1.7863739038665878	3.2371851435889774	-3.8331471283268996	-2.3354328394191617	.6251198312629522
-3.321057922563033	3.1020786368832303	-4.977976612332108	-1.0697857687212784	-3.9815251057271492
-.013289947224796261	-1.403895798254951	-5.499310722912295	2.4786034086659385	2.9527674699733737
-2.061487394848106	-.3291767886397971	-3.853457353698349	0	3.7420080788713066
-2.762348135846604	0	-4.566261098111794	-2.031104641462481	0
0	.5803818881056637	-1.6622842785439071	5.53779605517364	.2552871815381791
-.8720941692198284	4.649754933298069	-1.3484373277649808	-4.023627862312647	2.9140213275584363
1.0954729006874977	0	-.8607426044558982	.37972214093120915	-4.774880933194829
2.4487826969766013	1.289029584179113	-2.3124222035941746	0	0
1.648206426367853	1.0966002691703074	-4.157175804257969	0	-6.356792846543411
1.1293143878455347	-3.2062831200244895	.2461092194102774	2.0253219127753863	-6.185341090330278
0	-5.485336487535174	-5.994955464090918	-9.391229572504445	.645964938514086
.9634145023772712	-.6372643245951678	.5852097307407719	2.160006531760181	-1.1855879684557857
-1.2072969307937917	2.0970027726542035	3.072885334130388	.5436012320590462	0
1.4052578252454277	0	.14941595280012723	3.582200604664103	-1.6064082895341087
-1.9400755919020465	-.8675693891040603	0	4.165289378923087	-3.1525657690498967
4.174299659696297	-1.4487581341376483	0	-2.1716604962933657	-1.3276642960421354
5.569732683569571	2.175685711774828	-.2704803164163394	.3547141621067362	2.7657145468403885
11.003111974180824	0	1.537694136333374	6.335260492236033	0
7.396284204191242	4.773364257615618	1.051631231152016	-5.71740453793797	.9862671099332065
10.239431049405562	7.148868495049919	.5653783279700267	-.7527169720852832	-.9063468818775624
8.945036493947319	5.424056625658562	.9131680257140506	6.768616071664634	-1.8542298113702782
3.4341132075680605	2.7654639501344924	-1.7218461010631472	-.9273671700676898	-.8760207298929228
13.084961228569991	4.240532740914175	0	1.9265362659129344	1.1842188480575775
11.2134653480997	0	-1.6325512470112722	7.947818710649151	-2.6601891826673287
9.623519463017155	1.7122805399335959	-.658497575380435	8.991420530846318	-.1336563795172081
3.195851555885582	6.986042547139543	0	4.632306466538517	2.8603808409260933
12.368184708710737	0	0	0	-6.995772047195381
8.725369001607504	-2.4481271285505195	0	4.15404228151832	-.18111265609017146
8.930221592411078	-3.084731750058997	-2.6710150067771115	.6005440132294141	0
10.37468226974792	-3.3197441902372073	-5.168018824648022	3.2322652822273596	0
7.4623904031603345	0	0	1.8445636989338894	-7.064061666359122
5.808120563665135	-4.626533182373796	0	-.7609708102511423	0
1.3172190765212826	-3.207612974807045	.9541547963878755	0	-.07788087574514169
.2324051868673258	0	1.3746040374637194	0	-.2130601345684972
1.4692654452076295	-.44174368403215153	-1.954761867352716	-1.3500039422506414	-2.6088846859481687
0	0	-.9751654504636762	0	.3726073348395412
2.9529716626287428	3.2874749027759154	1.233124232939672	1.3359736400635418	-2.296767479874565
-.18183482100263504	-2.3869101447398897	-1.48993483453985	3.919094855838974	.5048453344970056
6.611048300221846	.46315521460678033	6.110847443202809	2.3428783195737974	-8.312395880669417
5.516222078434058	4.556399405355732	6.000192465468329	1.999569546268919	4.31485620531176
13.557190154344035	4.6519575557398065	3.211410541828996	-5.367209753119644	4.253652937011844
14.401374461916847	8.140252357469635	4.863643728605748	0	0
11.495641711635312	7.764608038427215	4.193021868969441	4.7346092236721224	-4.108264190946354
10.398328949582345	5.084279708753616	4.221065946947216	5.556586205557562	-5.591257721496232
20.10499473978574	7.69555684826687	8.041218539816633	-9.080932526959998	-1.8117633532532813
10.801422466985048	6.589956687082202	0	8.058213486677886	0
8.497070817345811	10.567973260572277	0	5.741612213129799	5.8084197066833685
6.194859064087779	4.4646973862220305	-4.895807655249341	2.924240399133636	1.5305713667701548
10.427822904007668	7.800205681676726	-7.379674158076554	9.478195085985206	0
9.516121420754857	0	-10.183060110268183	9.853582296710455	-6.484085872254777
9.16547635574757	.2973623348946304	-9.371142192416967	10.642190643324028	-1.5484947173404375
9.380957011333443	1.2381549419397522	-8.59856756555012	6.610791363863257	.5488388201484098
11.42782701842335	2.137590894968426	-2.7139743382055155	3.8563950199483763	0
19.038673188108	6.6267899004256385	2.1583071717344655	3.9561773745429267	0
12.41240280334206	8.293915984201487	4.060989163632002	8.335344086545668	-3.964685161792445
12.109463042635864	6.96873144124533	4.620806362968898	6.387930307736595	-7.609344737718995
13.800922499770207	5.334992917794958	3.110176188058639	0	-9.33876514401067
13.532470992034307	.27842401941099487	4.459135640933723	0	-14.122103130768917
13.322490865178903	.6397720322377664	0	3.1651711454423586	-12.821740533382801
11.601142454226567	4.24023549336058	2.748037950364369	2.545650141006285	-8.44171483994891
5.9945275680544245	6.938177317339922	-.584297034194925	6.095379916179331	-4.174074267406661
7.171779132892946	7.68643971409283	-4.816081212767426	.3079516994878593	-1.109072948162758
10.36830817918089	7.592586899555883	-.18521140749737297	-10.903502151044954	-7.208138896465202
16.790535717302884	5.68158409434362	-7.64634757056394	-13.465043658911936	0
13.990133171396971	8.219441551531421	-5.516169734128976	-7.282246096392153	-1.8050362667268336
11.598653035381167	4.273379333544572	-3.55269935634207	-3.476104893334234	-3.8764500692473156
9.628791765110213	7.4658642183149375	0	7.378440139261707	-7.411813353170645
12.012662424210651	1.2752497601767456	-2.1674951318791984	0	-7.5462580779811566
11.748937179296004	2.7911008291180295	-.03810760776155486	5.683281966450036	-6.173978203558393
11.032658639257658	5.802429148254687	0	8.96790074788113	-5.661324972293741
11.019978052635656	8.98870269780863	0	5.582627911344029	-1.3285832127167807
18.00776356751963	0	-1.757882536206835	-6.2456988017263715	-8.7357283941478
14.46425027843638	4.898024583077107	-1.28310188282359	0	-1.4432343731904629
16.273731403572594	1.9405458412577339	0	1.6545739786464706	-3.534454683785097
16.063407792164856	0	7.843045579083195	0	-14.51642313992759
15.658687738566805	4.223297313137571	4.519079651529047	5.12913418722975	-6.667887642218685
12.127700242710128	0	0	2.316598142544305	-6.9904410910955
15.35932503551735	-2.296421121463989	-1.978766562600887	0	-3.5946760496639367
15.377397837657865	1.7134983708874043	0	-1.9254110348820304	-1.3232989024673991
15.812643243276083	4.211633079088579	-6.580101002060554	0	4.9421225092023375
13.558832831154215	0	-10.085320363082996	5.193394323267201	2.687631696363642
12.299125476004543	-.07921437382979302	-9.788077862539716	3.399937829753049	-3.0552512377192
16.36543134816099	.6132120419391636	-11.178932447997985	1.1796766075735121	3.8691892439886852
15.779828857075323	0	-10.386765310876562	.7068609109050268	-1.4353193919108103
11.062259819244582	-5.197802200243409	-7.572820089835326	4.262189074307891	-5.541005440941861
12.553999571173042	0	-5.7269333295815015	-.4742660107030954	-9.432733542347474
13.460136080541606	-3.845024144621246	-8.490469388151908	4.9008379839704705	-9.184643463320178
13.641797396839483	-3.5699683550915475	-13.421968701784929	5.467309719423685	-5.774407671375805
8.190992366219911	.5154749088539673	-12.014356813463237	9.876174658396897	-2.75152387786423
7.662626826214099	3.817394285974927	-8.560339066647012	7.326091798015837	-5.192152706285778
11.736304293628487	2.138026653467187	-12.026817290077547	3.41037976440322	-8.305927687201025
9.553264151779443	1.0986814877857718	-10.720922730039259	5.799036472660639	-13.560757333850841
8.057565405378337	-.5185427750998886	-13.881363550786855	6.8788109339250365	-8.593459742339313
10.012853597619635	-4.336272263692573	-16.43479866998705	10.284199474946229	-2.7062397393336575
10.969991997381115	1.4487836960806337	-16.751690669513856	10.67644794708178	0
8.873903443100543	5.257157443330015	-15.05887677190757	8.091145857214272	9.989032959722806
9.543509488968782	5.860230383540946	-12.862503572861879	7.308026888593496	13.644880072223216
7.69010920955319	6.7709319816915645	-13.131165620183397	6.664678109854614	4.2890167810120525
8.547671036856816	7.1612776619956335	-10.252793816750463	4.611976875830242	.3550048177288625
7.167745323665742	2.175089967851051	-6.810593290105275	-.6640194918482103	0
7.15740146475121	.2962814776085591	-3.417543577065694	4.429704757426749	-6.284528681306904
10.104394336052016	7.246829992897627	-1.6594025025354733	1.124405558071641	-5.164101602407144
7.729242439405063	11.35167488842776	.6019303561099671	6.109375270426578	3.738396617609074
5.359880609801975	10.8978380122458	-.8392160422652778	5.28084085959745	1.435419191096255
3.322624158610478	3.4972886730636903	.2703422268304144	-3.1635446236582965	1.534095663857391
1.2063942219580184	1.0613632192682931	-2.764810979591926	-1.635360842993615	-.07637441418361846
4.789025228924656	.9903483496388892	-2.320063534883299	-1.665909530247029	1.3263423680618418
5.345913025509021	1.414093508330844	-1.8772698455568686	2.8548837087285936	-3.94629382907386
.4371740709465979	3.395938711838851	-1.3633258798580097	0	0
3.7945094920704032	3.152258978257425	0	0	-5.080238996603388
10.471357332889271	4.209619200067879	-.20042862164818043	-2.558810062854379	1.4144405622635552
3.0855717835173553	2.8666887686616267	1.0198155594822471	2.028378531240997	1.4038754730254903
-.05118545264515678	1.6944464450225976	1.757824858411895	.9100627598020306	-2.2895047282474237
-5.94476196522689	4.517242051699193	2.786472785101129	-.8204760739559435	0
1.6107341527450805	1.1862616594466784	0	-.14164263514369946	1.2491873737896986
2.0195204180394297	2.7325502047089945	-.49026452029819795	-2.529704942443292	2.7608628498871752
3.1252702418779004	1.010757772168215	-3.4445518926436205	1.3935141425432995	2.109497545651007
3.324928135584214	1.1256319743770793	-4.237167273640865	0	-3.681830759784294
2.572804587361746	-1.3829808771509438	-2.348923530706686	1.721971690630225	-1.3773437873203693
2.4016518093757586	1.0377615554178174	3.0059525963518685	-.04113182045121366	1.893539575759413
3.0457859383631405	.7444009991028917	2.0611841939212754	3.4638310050735965	.44781560628589634
4.099982276248388	.9044548652657254	.1610132430500026	1.0345290374770952	0
1.8783408412381615	0	0	4.924702261799836	0
0	0	.49243729599252295	4.365849625915586	2.0671565351765646
-.7844775748326918	.5236397288332179	.4072231275295407	-2.0940775462260173	3.914435683342373
-3.234270184663221	.252288744433633	.7657579623403026	-1.33071577367812	0
-.0820456775065344	4.150082619263461	0	1.8332518530276578	3.007156709299557
0	0	-1.411059298134098	3.122294795827656	-1.5282520056047029
-.19343143531504925	-.29244390333848314	.09529653972659258	0	-.10518744345222852
4.912165886044429	2.4658846162017296	4.875492047971738	1.359132487034723	3.3173748778762553
7.377060193418306	.35031507466605527	3.646600690954493	8.62012723961545	2.7067714815683708
3.698567838394788	-2.424905005012911	-.43061373852299756	3.63103950882751	4.628379740691899
1.7177711675309735	-1.4870979743282091	3.2770989257236964	3.577163489017845	1.791850145047859
.40681437270220133	-1.7675340555333388	-.6487543630237039	1.615344638476889	.968705670663903
1.2381035968325338	-2.2911082053404526	1.3261040561947153	1.5431660638856597	1.1057494961031007
2.608234675325922	-1.1991881357385727	-.6934668912273153	1.7575260201684608	2.7262538646670724
-1.5250128720609244	1.7786934837099824	0	3.294592987221739	-2.4813887316046053
0	0	4.112660788583023	-2.4040454822092205	2.2702958652167373
.26125673912080805	0	0	.45228750480933466	-.2201004742897198
1.2891957162091598	2.080103973395627	.3360117105728643	-.12374995370041586	-1.2661513078638391
3.622706088909533	1.0190266585362542	0	4.996438325409423	0
3.2283078778621643	-2.5537249731312266	0	3.904239042164822	-6.622519375080771
1.4035198759935918	-2.5245634533709844	-2.4856315339443933	.08614277786093505	0
-4.026191674173143	.1719831761415731	-2.201885392302539	-.7728314882627587	0
.7638490522079886	.9408862541691017	3.6950824117624386	-1.071174630006633	-1.4265612039112674
.5924247232754721	0	-2.0666434939111435	0	1.7095640999164514
.4026325482480494	2.4681924985275074	0	1.0733466309111086	-.48594118287381755
0	0	.5508132845692875	9.511743702766578	-10.535456453881322
-.39644394764653257	1.2044777739780173	0	.6870254985685442	1.4172817323691083
0	.0011695691003406061	0	2.708958198823513	.027433755069632415
1.2409217886056365	0	4.873522709528741	.7563819753570763	-1.7391165770635109
10.828980455241089	-1.2953182755423838	.46967377810057054	3.8186180646238883	5.162383462636544
12.141342708096792	0	.3756524623651126	11.99430909752841	0
9.586115975173065	0	-4.622778573182752	16.71254746397398	5.434131460160589
13.551576775860077	0	.1239250558853841	9.784067717788771	3.346927552718898
16.693921098333664	0	-1.239804672197814	4.660227157545102	8.357608561178246
16.43035400739503	6.220247901310657	-1.4219726394818002	0	4.720552662190823
13.372785979811995	0	0	10.795374796885344	3.8380391166086802
13.87761283425636	0	-.26940967927703463	7.794683865774368	3.7832326238124643
8.434617789854235	0	-3.277899189449072	18.037448897955354	1.780734293499299
12.079753844897926	0	0	9.146658417127332	0
9.603795740908048	-.7489812792590615	1.8604005947018876	7.236187855708536	-2.474680272627685
15.814893599698399	-.3133518956707407	4.72636230673599	3.2308405284473523	-4.025072474109244
17.569236789398147	1.9979827960679692	9.342361003884172	2.1991543866762933	-3.152687983397209
16.852657951495598	-.2571830337271398	4.508780173214095	4.433607886331794	1.901803787904304
9.077756037428264	-.9176528881349244	2.0802496694271073	1.220713249191107	12.650594055138065
8.139560216042861	-4.76684920083012	1.9160166143151924	9.824887490538908	6.620652579354521
7.351737517466924	.32013993706149857	2.8516277204762535	5.205377018070312	4.970273724943962
4.384663721858459	-1.2716131197996525	0	9.069415640792009	6.9373634130426325
16.714788330011018	5.158306461298289	-1.54459876222521	-1.6539073206316004	8.832756039137267
14.935058696364905	0	-7.686208239834125	0	-.07788214501247959
15.24116553812666	0	-8.998928705553052	8.940683289172892	3.7287677001983095
14.344042182883792	0	-7.351135349636415	1.5695698112743197	0
14.83458276386402	-4.208337060975379	-8.716945904903357	10.10867296265138	-1.6152530988392928
12.538620538352667	.643881749214176	-3.9984878903979224	10.503585560690567	0
17.340321495716726	-1.0238497081051015	1.0343628504344085	-.9473910815212259	-10.52928869221973
10.559577618309735	-.5194359914575755	4.180132105923633	7.521965559898619	-6.635992715599738
11.509412650561293	3.7789429286600704	1.9825395113335385	7.1150741038860925	-5.191531708009279
15.58580883549597	-2.388431634654107	-2.129174792261968	0	-3.6384488131471073
14.252377509890236	4.701627455870749	3.832472553319009	3.16121293568383	-6.683151647727144
12.595530857656879	5.680974657179725	1.1438722671663601	7.579788970896924	-5.93575201332061
12.584384380457614	4.849965946544279	3.2889721820513365	3.6867779450336657	-8.753138575738852
14.198108638404035	6.695684597575509	2.961745955598521	3.9341265625824553	-3.7921534295692596
11.523902324103776	3.9907820388699675	0	0	0
6.502079740984576	11.67998950882172	.48421564440958	3.1536537274174137	0
6.215975661955857	11.095165519732276	.11997570832528426	10.26908271278459	0
5.77090382893122	11.984202638802252	0	11.244696412543222	2.0193672736776875
9.103108750890167	11.585699642908985	0	5.728964538203575	3.249042247368638
12.71527208538224	13.392037143658005	0	0	-4.1822671718224145
8.580161116828835	10.522281056448495	-1.8770780520777295	0	-1.1846463969410477
8.51205822100486	11.607699637028428	-5.619287385957878	10.01212032704901	4.609902017732716
7.47230056490835	10.248823110157174	-6.080915199502047	8.76144120251199	-1.0507404707664965
8.426676079044041	6.66668216857147	-4.584669558937718	7.7999388872715265	-3.3613202448349977
12.007377113451458	5.222061105908535	-5.296994939475311	6.6269225651618555	0
13.589662222058848	8.306005822767055	-7.635821978765067	0	3.319342505853147
13.794236135895163	9.532565865554059	-7.729724577068507	-2.375340093605767	4.697864878149556
10.425623619658897	5.402171284981405	-10.769439643279428	-.8676030967112527	0
8.324239189654296	4.491523635767935	-9.450176476634844	-3.820783058933195	0
10.46406667079063	1.1405900856264493	-6.934927583509079	5.8181115599694735	-2.392968729892649
8.845090227624317	0	-9.195718800716362	-.3443296754915539	-4.473300599520663
3.1560440828175698	-3.222223377483003	-19.390919494790076	-1.1533216620389792	-1.7367724284776263
8.080646409362771	-.7711936795780874	-18.052503998959786	7.294639507985655	-8.277513339872762
5.7258356168514215	0	-19.205682335207843	2.3622853188024964	-5.618467972657894
9.629584972827898	0	-13.37094186916828	2.720183771539559	0
8.886946581103851	0	-9.476101192395127	0	-5.904574608580617
3.5838686359704135	1.8724437056581542	0	0	-2.0674610402230593
1.9462875757168399	2.2550856666248382	.26989708495194265	.9491776523802113	-2.65409892184513
0	.6925579123898085	3.270819435282551	-3.144625018102839	-4.2671252313818435
.9669168414559954	1.504274389920186	.09144402513357013	-2.8374501473071505	-.5245838686615379
2.2431994589155475	3.5086009622065086	3.4459252110354677	0	-.8369638311386668
.597145762915293	2.302441500317207	0	0	-.5392067389129018
-.05664828050388271	0	0	0	-1.5299386171847456
0	0	-3.2113929543518682	0	-3.3479907663236066
2.2474189644220073	0	-2.715330008536	-.9103798051870206	-2.484250605634508
-.21365841343833766	1.2901408304491166	-2.5952903609718057	1.1688465022488448	0
3.543683763129336	1.084256817255929	1.9653470764405465	-.6843515746454318	0
4.849157591870892	4.3718442585698325	0	8.572054151146945	0
3.2550194767050646	6.874166306211234	-4.843695358821845	8.908461451225376	-.8909965501749368
2.4493355205367515	9.788535599030078	0	7.213110617694584	-1.3368588894071747
3.5824542733935942	9.94555877672409	-.8426990532360559	5.4084095384257225	1.768976248399548
7.9220545065766785	7.080766719383921	-4.76760883166679	3.1986901696705567	.7221669257047627
7.337485165967164	9.035261416459434	-6.246030359368184	-1.1103009230155731	2.4479319804114965
6.68557629923323	10.115676848846396	-3.37172624892783	4.182000903640403	-4.2481476789005415
1.8170024810582366	6.501690700220588	0	11.141672202081953	-3.4945820860110626
2.334743494334364	2.7205894217891826	0	3.649464183754676	1.1108958595129739
7.14316503976079	.9020026445023319	0	2.6497148690132786	-1.0629751284990958
4.322046921286484	0	.7880490593289371	5.987396800883316	0
10.429288200046715	0	-2.580261005262837	0	-1.789999851786176
11.13956154695295	.05395299670827303	-1.6026455376640714	-2.5702658623244616	0
8.896653952577594	2.0584493063906697	-2.5113881170792762	2.216584249679906	-5.1538524322461985
10.990765112003084	-.23005321488367791	0	3.2817598090378564	-1.0946283870130877
9.889592267075134	0	.2859161925657545	13.211509469346582	-1.2759099097541569
9.749457263424427	.22450613108920556	0	7.405772422144832	-3.296286309249285
2.1070808558541865	0	0	10.191304792837721	0
.04307842747188606	-4.680792744531308	-.19298803383027785	0	2.487629582280602
4.631223519187863	-3.7289590564501793	2.7061214458654264	2.8370640480550127	-6.403128621251367
0	-.4608692631048791	1.6546875656585236	3.0137507796644667	-7.066086526558882
-2.992237505689991	0	4.469933572433456	18.246465636116547	-11.647999866389727
-1.8459902702736095	4.28267719628629	11.244568489067033	13.296880187913827	-11.281669179644105
-4.721120544514709	7.508402690816032	6.3805001699294985	0	3.2618270368635156
3.5560717948403573	5.24124113874617	1.3196721720223186	.762574058755144	-4.05031122921833
4.431646571577418	-.9063108422694851	4.058912601009431	0	.1704602065156633
3.51064422121952	1.1988233610007353	-.3972240679818595	8.122096771293656	3.89644545924254
8.588297768046166	3.659742339752967	-5.165015492874705	4.203685388045087	2.188274109515676
6.483502499265285	5.863585843461192	-6.628341257602549	12.36874665522091	-1.7118261236479406
6.0397910705008115	6.152017164525226	-4.692620319918193	11.698602118889456	-.20945504304494955
3.4003150440728325	8.802990844123489	.30048890581815835	11.736016636973558	-.13402114907242146
8.550339891647955	6.765547334301405	0	11.623437834533426	0
12.309313042792544	7.031174326421526	0	3.63763175405072	1.3245842477095113
12.65194211677949	10.4127816059325	0	4.9605289777848895	5.494169113720492
13.52023194421672	10.373893721345974	-2.754434379202939	0	5.205516732110533
18.243779853464186	4.250242901260774	0	1.9189170350483615	.6461057430192497
14.887716347888208	3.7405770178990223	4.4370911790011425	0	-3.7815665789794046
12.729854052581636	-1.070083011235252	2.3164925616414886	10.192024455269648	-11.410831445678701
12.426598891361355	.06999864240119325	0	9.467608144052466	-6.447432291791166
15.350182911933361	2.2412800706962797	-.3787589533979601	4.485637907457101	-3.359638565533571
17.547924995060914	1.7523704083276126	0	3.73016297754981	0
14.549012878496974	4.838002633376047	1.2367563385992089	4.58940757350467	3.190881615230165
13.164735463831821	14.210458920044195	-2.602160713974949	8.812405196326283	14.221227716777285
12.321656545524718	11.206171786101853	0	3.1194965745928798	6.889259545642266
15.89476512361269	7.44887182411121	1.0949669730312208	5.333038996531357	-4.77937476947678
9.743363018232808	8.250713674288882	5.118121396054285	5.15439398960938	-4.451365605886686
6.898128386879195	9.011299631561466	0	2.4705184042205692	-4.247451900680117
7.283113815294371	3.508351716169587	.43014375411365946	1.8551350953757064	-6.481822997104409
10.84016635391755	9.010896962649406	3.532985528089213	5.884979533589785	-2.2740090055940243
11.778664106100857	13.439019515491442	8.19989152681735	0	-4.007228323244933
11.741774782489358	11.706369071007433	5.616464254871915	3.8159478771337643	-4.0166150219501455
12.096934520127533	5.4924678706368475	-1.0923712559994874	.6728967854820151	-3.8406082894914366
9.907713988579829	2.853519100681316	-5.177202722149156	.07705024298234298	-1.3288160515701657
7.068287442205138	6.137081671625529	-5.628830675016806	9.025067141986938	-5.524484250434451
9.489573582490763	2.3702648101524733	-7.9270425836437814	7.745464999374224	-6.792325582638904
8.749708504978472	6.607922589190772	.41372490291528496	7.061166752242776	-8.892727163495017
10.578338506312614	5.1456651374198925	-.14671701921585223	4.445882077141922	-13.967013817084537
14.158434258427375	3.795564403901928	4.6600886235797265	0	-14.83428492167854
9.68177176073534	1.513273382773206	0	0	-11.200572091902174
0	5.041354172455502	-2.54750601084848	0	-7.150765817902095
0	4.437966076517628	-1.7812792479334603	0	-.11241394665539994
3.403930467111354	1.6956656222034743	-1.6123764119580941	.6264178430078541	-7.837128898807218
.7472191214340447	.46028938636647004	0	1.2341205691028798	0
.6539675734541033	0	-3.3370775129568746	2.000298070948224	2.1591072116051295
3.9724392960204415	-1.330319408443124	-2.384362801613669	0	0
2.296436305599646	-1.7900713863718136	2.5331523134838436	4.696599620284255	0
1.6119038747431622	1.062621899013823	2.273562633718539	-.5261239307957957	0
2.1150479162418505	1.3937030422025565	1.8551180411161863	0	.42616100513030203
0	.7671497698473709	.5540090293578191	-1.0198991765725964	2.0173807004399906
1.3798153492015361	0	-3.6677932908887194	2.162503629669122	-.6085047522132787
4.358376517320388	1.9101299910378982	-1.3677723464680898	0	-1.0171116344614233
8.077131185059574	.5059744159536008	-1.1313643214840585	4.419714214015673	-2.3680241626792724
7.431059316842699	1.7196529645863852	-.8664395136155396	-1.0150358422182235	-4.680371096999329
5.637805001550164	.36671257428130977	-2.4831767324850555	-2.579845659227451	2.288621241306735
5.548564603880913	0	-.81773384646576	2.5577518049066565	-1.889915365302673
1.7224339021414379	-1.7039254953336065	-1.9992029473986022	-3.948269158623983	-3.530711472284307
0	-.5176719710764205	-4.07285812207938	-1.1671487570087806	-.8748792341244098
0	-4.292235818477561	-3.2754964548242325	-5.448823607261302	2.1587304945387524
-2.8095546252230434	2.094960529518325	-.960723173221214	7.0146088160639835	-.11924860712008795
1.6798799516020313	.2727755010116919	.31258635944405855	3.190586302584766	-1.3431909579553043
7.016995613838562	-.6002591317293615	2.1919177223218758	4.132528853982972	-1.8701184351313036
11.585304409083705	-.5910992689952257	0	7.7753289845148394	0
11.66177255377257	0	0	1.0748667188717558	0
16.75222299751901	.6508855868659419	0	.5403833903915147	-1.567072973978722
15.770593632000649	4.530732923887783	-.45532045456937215	1.238463487571018	3.5836801239727265
11.91327038799074	4.076764634277671	0	2.6059646640375806	7.176566964934565
12.339879764071775	3.3510935745982846	-1.5065978819233696	12.029086694163725	4.375309490222513
12.372095941066352	-2.376486333232908	0	8.073902512408313	0
11.28445111183807	-9.120214399061346	0	7.966951423357613	-.4649661886356425
15.072276502578054	-5.937871999451427	0	12.95723755794638	-4.207426988144261
14.829307172813373	1.5530070241597	1.221626339150502	10.78569316915669	0
16.15666974383137	0	0	-1.0065977227892269	-4.52326633137777
15.719619999618553	-4.703684472868627	0	2.585235783141564	-9.054331087655573
15.759478517363002	-.2875484154390452	6.251519693476906	-1.875905807118193	-7.099519945522667
15.496761198362565	.179274674426329	0	0	-6.0982145637664935
14.883210388660537	1.4285758842191023	-1.7858925885277048	5.142634411464946	0
16.087207149906696	.9153693001123077	-.6858157213536612	.5622082242286511	-.6228536721977048
13.266998368354653	0	-2.269450799670641	5.822922554928432	5.796830441765469
11.366564625222214	-.3655533325381739	-1.7031104362370941	11.145967590377165	-2.534747123345076
6.991746530755682	0	0	1.906196705385498	-4.321137595158261
7.539016467103065	0	0	3.6030824379150106	-5.714006309583061
7.043675253728859	-1.971646602837832	8.68638167484737	3.1568152017273454	3.5722857748565713
2.629987194893707	0	4.568726342821362	0	.558730828805139
0	0	.4171789104623811	1.3768005100283913	.17581150127365475
2.6868117407428946	0	-.19705756766313826	0	0
-.1072173779215283	.3689780855766881	-3.8808292108310503	0	0
1.6593813270740467	-.8961339608076968	2.639683995239305	0	-.10559631737846109
1.8302299047873092	-1.3171791781998647	1.8010897065422913	2.008591864062386	.8622634927914243
4.515885859417651	1.1853033643828046	2.578207164550432	2.0324067882955164	-2.4162094538358057
.865413862145052	.565343050325891	0	0	-1.9528825834624168
1.6455637005066495	0	-1.0621749214508582	0	-1.1692191290473883
3.7401011051407513	-.7820399133367746	-2.351047265201394	-1.727832983302886	-1.3996465977119925
-3.0895380619482413	-.7550298935375039	-.04336593026836599	2.62092208851207	.07618323923231296
1.7524996587307522	0	3.4961111383910026	0	.883423648350965
2.475933153715209	-1.2156389183976535	-1.513372158193112	1.5000589562492839	.13896532240554682
-2.6563353900120883	0	2.106148198976288	2.4628959084972797	-.7244199250103039
3.235695208315412	-1.077715425782164	-.06019039603734655	2.772355649512164	5.757661355622618
6.620182720970876	.49170506188201757	0	1.0440084306387172	-.13765449634058313
1.169222297074845	0	0	0	-1.6033363966063106
2.911871461427107	2.79958870133041	-1.6406824032559102	0	1.3503336077346595
0	0	0	1.135886348365891	-.05162294833418479
11.262360012637151	.0223243384756614	0	5.5622433908959525	0
9.677479691736972	-.14096178442152624	2.7487158610656763	11.433115512132016	-.19622472761068588
9.059122119719135	0	-.4308646688362364	.05356044575878638	7.704369442678021
15.964445296299903	0	0	9.171583944846232	8.378506929428381
11.403762202977523	1.6008585969919746	-1.6893674602685738	3.111335073615758	6.858520998826009
9.575897220239053	-2.118139803729188	-7.972388143699895	4.010146473050305	8.733828663870922
12.781566086147933	-5.670536655066549	-9.895355137677171	12.748222721152208	9.121966294725695
14.445815021196331	-2.707185823002502	-8.333284137078767	5.5643017657414235	3.4321993824387134
15.066953305188147	-3.8745771296649183	-7.7032795118838315	8.104094326246745	0
13.731161236814415	-1.730876278298417	-5.785491451131161	13.26528374832673	2.419017592777735
14.291244627231007	0	-5.755306319445936	11.28041619437551	2.672831565913102
11.108316139069506	-3.0419997019959837	-3.762584164010381	11.872371031272444	-1.5977899741474637
14.101176674231429	-1.5736258600464315	-8.053570341847378	12.762881048220283	6.465851677379929
15.453927513687894	4.694567631064178	-2.987842225051774	10.479669347330036	8.253219533774052
11.883308086989928	5.525442052799616	0	13.681919133689375	11.223398887132138
12.509021475339704	6.681024277247218	-.07920466923220955	7.561288884758617	4.580084431911651
15.486091950455716	5.799773114712178	0	0	2.7175523997130524
20.185109842907682	9.912683036089756	0	-7.54948566409238	9.373999113422663
19.00740594985385	9.801637331463514	0	-7.682268599286114	4.628213479067526
21.34445893410252	5.0762062846149885	0	-4.527730859644662	-7.287019835741863
17.295476757092032	0	-.2879853434900182	-5.477469316688639	-16.538798521631968
16.808327699332622	-3.0852491983354295	-2.291643288114426	3.2963083413719216	-18.469307944138055
21.585714500126862	-7.71193724650475	-1.8080347449045049	-.34248913980787243	-23.40973558043693
12.739287010897005	-2.564093261139863	0	0	-12.627122628839894
17.665365411812285	0	0	0	-7.541343231936704
16.895834614890635	-.4130540038830921	-5.169456345551157	0	0
17.191815332030956	0	-5.743469399034089	0	.15755735472370724
18.549708143707967	-2.0322679037782967	0	-3.3417906610717343	-5.473199161014017
17.388127376759204	-.21651964797568407	.6306905032570873	-.8065806379966931	-8.098289469734445
11.03398385162349	-1.9323041635687659	1.8411706820466496	.6574081447056406	-7.484088602410836
8.60442203225213	-.6455559445856851	5.762813083107403	2.895142661507357	-7.845501291639427
4.173217620549944	4.517203265719491	6.232589426896802	0	1.2628037692758425
6.348517513740659	1.9574618590040178	1.469266202526764	0	7.8592906433508265
4.234860361372594	-2.384049609634194	-.18352844821781455	.1691258108416409	-2.009923983935127
2.938631888584828	-.46580288556125016	0	-.14335212280678444	-.04358261239123212
-.30617573689100513	2.2011567373813388	-2.8194539220431363	0	1.161319542867674
-.8449359255208515	2.4005687399147826	-.29386436223821766	8.38511084821833	0
0	-1.3155230939146403	-.4884753288344412	0	2.252499978383548
2.8047427543020795	1.2282546096099507	-1.9560733568830386	3.2463091629277168	-1.7550951839077702
0	2.4591111654586353	-2.767776507619318	-.1448671019450658	1.85912856148175
3.527018642576897	9.56403136035115	0	-9.668404947736827	-.002353080328981516
-1.8257569862612857	4.731906017938358	-3.6421507249000653	-.7717729035318971	-.7016571265652636
0	.4557579896175304	0	-3.2860585096362915	0
0	0	.546478151680011	4.594628841055336	-4.8383793286876395
-.5114190161666508	0	0	0	.8048462317674537
.6875789929765876	1.7258404588653582	-1.0037077325689618	-1.6702946652560466	0
.8100094045478019	0	.6845991907121918	3.1031322686205165	2.5925480225803317
3.9331376303424643	0	0	1.4903423671753586	0
4.840930787020907	5.654461893409359	2.944327142509205	0	0
3.7373857434436966	1.095692157329536	0	.3542981966559271	.3936079142994878
4.5345335470433135	2.669444698958568	0	-2.574359728558865	2.5093501736832673
.030255796699956483	.603131959395453	.1510208785185279	0	-.6333369814060137
1.0537298520195932	1.1414614988965752	-3.083154826082609	.18245949358632424	.5493795828342474
-4.2059566345762835	-.2450496208226397	-2.402942674990009	0	.6736042803379744
-1.6721837871324852	1.6171813995870288	-6.716921972307248	-3.390480701270572	0
-1.7876151650080547	0	-1.3352528182554542	-.7127286405517681	-1.0503727383855763
6.899818727721226	3.31754894636829	-3.2115116571674585	-.8021384630301116	-2.0328334864222057
2.086434920900244	2.9768291761038514	.486236251012534	-1.9526614158705327	-2.8130133544448626
4.556155690767561	3.186876707892214	3.686826713382395	.9165270071997971	-4.029367816935197
5.943201967074459	2.656756390586716	-.6290526976653885	0	-3.9233014554223917
2.470818317019719	1.107804709917288	-2.393563503319797	2.918164439872992	-.06830288479221491
.1543529667676019	2.7716904420927673	0	-.00457257180880713	1.5186239351311475
0	5.979575097167127	1.4227084617567094	3.8867314650535696	1.4909928965444503
5.914231556801338	5.994686271976703	0	.6066336795009044	4.429445269562491
8.573780296421015	3.9738280054348483	0	0	0
7.261096313736557	1.7345836462086233	0	.7619429012046899	0
7.081658313681407	5.301994727569567	2.8565795591637073	4.4059301392832175	1.980966257230262
-1.3836619532645609	4.747243778828774	0	3.300768232458281	4.215528032284573
4.535237505590042	1.4845383631159141	2.433270161681725	4.1506954737621955	-1.8607931511056464
8.892566703696433	.3107378083558714	-6.3819325023887465	-3.7089108258859946	.5022995745373663
3.59364163214697	1.3641895301582967	0	.8221630229599299	.8095307572861103
4.803699312946916	-.16670977383524951	0	-.053280712395062935	.4350477210805132
-1.9589220397454468	2.93190358227316	-1.666235650948357	.6332027491886416	0
.7777196411112288	4.509816162122442	0	-1.7694186348310748	-.32447128032028316
1.2846264795045095	.04336262396520556	-1.1291593077470117	0	-.009882138805547891
-.481972026072664	2.2931394942348695	-3.245851266687436	-1.2970980458597439	-3.4880269017100782
3.184398957971191	-.25438294791757	-1.5288198717264896	0	0
.9708369885404198	-1.4766806058344217	-1.6282108314961659	2.031173791917692	0
3.254100431126652	-1.9720656094416995	1.8918387912450558	4.885588739199362	-1.2363343352856755
6.835492932779987	-3.989587595997577	3.036114057076576	6.607102629078063	.6536870565361559
5.100175558921052	-5.052591269991403	2.87307869448992	0	-2.6015845349178424
1.734322264710673	-.6913177781265181	7.337341930742457	8.992080357002951	-1.6555160621967884
4.640211046297049	0	7.452203035197788	2.252579338960214	0
6.354807917577194	0	5.799321639847417	-1.4163531200344275	.6345445608954485
9.356257273837205	3.301344631228379	4.431110391297814	0	4.331866238860991
11.596437031420288	2.3834784634937556	10.687406858128256	9.781710972577603	0
11.571044855712637	0	11.27340580953651	6.968262942476071	0
17.228133291077313	.7478405747360366	10.358437166528914	7.849581730932455	.8864645341770487
17.596492356338537	.1949107483254346	7.755893322836588	5.749531014357718	3.3165476505370757
16.610587795817423	1.266276945541633	5.827672837860785	1.8541042789853845	0
13.125039564496802	0	1.1731166097146217	5.384981189817933	-.10093898900174259
10.611383991223905	2.973158637924087	-2.509469108346271	8.741939695774679	0
11.53424941838641	3.307446571515181	1.137594237813955	6.000861362273925	.6604627200291191
13.819209753206454	3.1157261731822525	1.209878970482892	0	-1.2715014161515863
12.01945419081279	5.839903763238141	4.361183438672519	.13941273068316695	.317497358977353
6.454596036128199	4.776734037692423	3.504637733218931	2.9167556040747824	-2.498253623039721
.8071851395197376	3.6296468749296196	0	3.9280489168053068	-2.83880212908227
4.24148787773824	.5052711225994946	-3.0109278353251643	3.9014402593654367	-1.9265577533693237
4.989439480602467	1.102967995958128	2.1834301885114	1.9617584861643813	-3.08877176858556
5.0480190405061	.019453273401348614	1.423373504900035	4.840287120795907	-3.6244008988814738
5.646661334335191	.9636396521500884	1.0051678244782012	8.131086212488723	-8.675095696305423
6.541940277923927	0	9.184057825093257	13.600055880727044	-4.311531240241763
6.9707300299055515	0	4.022032240993385	10.152827034774518	-3.317853641012309
10.548688017128123	1.0263723034326562	5.20899057937879	9.958527156780454	-8.481064385272242
9.04448166095613	4.235632682403881	3.285161477493033	10.0050701734762	-10.454073951520385
9.71899604504951	-2.1455313059539174	-3.1292768509704154	8.277736198432004	-11.214539870371159
12.632762994363295	.6761429549941383	.15794290476295902	6.2278321923594655	-5.877175470497652
9.7107067990928	2.355512860265338	0	5.187048024071915	-12.197560087228823
12.099146678025223	6.205304174445491	0	0	-9.045249018324819
7.9744352707683035	.3275160076678092	-3.4152205151871695	.31725280401150013	-7.265618733095958
6.391525221024178	2.9176287331572888	-4.58679972572568	4.509656322242376	-17.594827276948806
12.008196264905463	0	-5.10587933229245	2.4537643900861146	-13.679004082324898
6.791994739754807	2.756971049392721	-7.0460602921858	5.107927944598814	.859555211595604
8.997602667097965	.38865107171392466	-1.4038437915111688	7.135106720889496	.6257994332161884
13.73438925703935	1.7815446464513456	-3.5878486316330895	8.007481085399759	-3.4475854139151734
11.071257957482123	2.399142857996224	-2.0008572643569615	7.580843702944842	-3.6725518094178193
11.924422549984426	-1.1741921395826622	-4.178471823576911	4.295886535921554	-.09489316644404544
3.6427486437473506	0	0	3.665382902718079	0
.22102281327489676	3.4417307516259465	-5.6845665021920695	1.921751149082957	-3.0724248563754997
3.059872875909399	-.12786105090021427	-3.8247178820406234	0	-6.771982498983256
.8333027568851148	.27315222196969274	-1.1158678911304565	-2.113076959652071	1.0026460839755733
1.2860650223702712	4.387313728108066	2.8257987152887063	0	5.926299056815857
.5480708629511593	2.82676422891963	0	-1.004353597242648	-5.0464356688586225
5.453346262946765	4.754782673514107	-4.445537826959343	5.772655674704256	0
8.23265307953291	5.440909595742333	-3.365278963230687	-3.9224852569481774	4.209745068139334
4.186840602539739	4.218112577561831	-2.9572651394466507	6.555996878516249	-1.060657876269317
4.187516892287801	2.3696932432496767	-3.464272598906082	6.50981178274332	1.8751621046632916
2.6990678486297384	4.645774927710372	0	10.352326713781949	0
2.6515058679495405	9.860736289251204	0	0	3.2773766529502195
2.8954165318360365	1.7711802368703486	.8994127795638467	2.9528917614113537	-.25808867527833923
-1.2766760253495204	2.076625743272455	0	0	-1.4920854342700576
1.6904780877728185	.7033869084506548	-4.783116025526959	3.5641866266616273	0
.0424543769922822	1.5384590490603114	-2.517790891933483	-1.1617721398522456	.4124007154647944
7.339829505621928	4.212315338529065	.6313512158101184	0	-2.107550248181381
1.0034433099127134	3.0348003434554696	0	-3.7692700824246197	-.09187029288354176
0	3.8838097090713375	-3.6691845206285443	1.577418398375456	3.4267516386431076
-.2004597192137968	-.5777295227077245	0	-1.1067971648091521	-2.2347441860924517
-2.7833926217516254	0	-1.642184341014841	-.8579013866100887	-.2243658244718935
0	1.5517730263778895	1.165134871748176	-.808197639383647	-2.027980509366521
5.030624404208269	7.474260201643269	1.6245696301645975	-.05454040345410771	-.2524672066762579
8.205237017607722	7.047695168726484	-1.293471312757517	7.838190653133976	1.5417648095331147
0	12.804793524202369	-4.704417271609416	6.892273508093246	3.8520526468685707
-2.3063449003847882	10.098756922302435	0	8.491400580137675	4.266092124294432
-.8593271288082165	8.412062320403672	-4.074847082161426	-.49037016975745606	0
-.027925590263921496	.06201316398746237	-5.091120746783663	2.490270057390966	-3.0530072916233397
3.466911792846228	2.8269543941275392	-4.687608157969319	.41918549393966775	-6.836771362481736
4.11823804816136	4.771771922792271	-2.3476143786252193	4.107962240313572	-7.5378669656052315
5.209415417832195	8.283694619501897	-2.5808919722013157	2.0241497792538996	-5.17767421396863
5.107818552619536	4.177925723616855	-5.615577653757061	0	-5.349911747544729
10.949510741919672	7.125483050983883	-3.2270887877772148	-4.0765027671783205	-6.705742321302569
5.336153998182701	12.364061196385752	-3.484781697989041	-.6546884536010698	-1.146284043784479
11.13032282929698	8.573465327559198	0	-5.521930669451632	-3.1296502335199055
14.01241676870783	15.251135690166524	0	-1.458141270872976	3.7597364919427125
12.489893277705239	13.664322152809227	-2.1147439502967513	-2.667091458391337	-.4257430560940949
13.269230606005207	14.459192470178087	-.586283350972566	-10.485826666439598	-7.119614070673639
16.94259338596744	11.97491190854985	1.3025312183039979	-12.908631881617376	-12.566518294110011
19.389241905360503	7.816845291896569	5.265720874228961	-16.500387314429222	-22.162583531142058
14.49917122558732	8.303754536401344	-.298271948893433	0	-11.90318474573877
12.712344201099269	7.090258497215839	-6.735207444514945	1.786988181514821	-9.800454608622552
11.254756576101999	5.907169463062587	-10.77565107402464	-3.630962626741604	0
12.791067862627381	7.9274183462571415	-7.09696534885621	0	-.9582901719602193
12.892740275029785	11.661993834425596	-3.6563690066387524	0	0
10.76214837136026	12.685194321765271	-3.1188810204869544	0	-7.088479386632349
10.14082310993993	7.787901261825728	-13.039059063528951	4.685601652241922	0
11.91892853690488	12.453232905821588	-10.474031654117132	1.5368942249539994	13.658918349594718
11.199432304980771	14.198369622866702	-8.683928910556626	3.6158655745163033	9.964022163810853
7.558838084560839	12.565169407470334	-9.285536238557475	8.248273267299945	2.5289719213702746
8.078305885539583	10.097100172392032	-5.224170910037039	5.702321109206341	3.549171070774141
7.152926507318715	6.438678190670384	-5.41475390555791	2.567827225874972	-1.2229086042776804
11.773471903961337	7.754263118342073	-1.7251194076645389	0	-2.9893249156426243
10.284533496128326	2.3725320025249754	-1.823739668179781	2.4285412059630276	0
8.740918783250594	3.4674049940622753	-2.230412444051767	2.104366102397987	0
8.856527025611609	2.7407527796678464	-.17680600196508856	0	-.5593953454256455
9.03486124067394	6.634855083512357	-1.6392662671427298	4.298784567634087	-2.4420425801424854
9.361728388002112	2.991643640381986	-.6600435359292086	3.2279370829531775	0
10.601310408654	10.315487305486661	-.3461150707869215	5.126674403566034	.6290941011764755
12.856472192982043	6.708950007689958	-1.3330297897261847	-1.4447572282442458	-3.356675309672975
12.214849830094858	6.152898910568128	-3.1541742227349108	-7.477783400743285	-8.889324989466326
16.140731376202737	7.263872827483069	-4.513696889336469	-8.378368542890303	-13.705358954588995
17.955695774821677	4.2465521266939295	1.020441833864012	-17.599276941042568	-14.992089399131338
12.561506507725102	5.676479053645091	1.778292440145162	-15.09380705132746	-21.62847818886246
15.849444698568279	3.547365572702379	2.4524661108378263	-10.027791618058663	-24.03809051033876
15.678549091549268	2.1935762591172017	0	-7.12015809027916	-17.680340969115136
13.136261927985611	5.779732980617995	0	-5.66146899972082	-13.438370919424036
11.661241239332028	7.3932162636211425	-2.102651306557556	0	-8.951976765922058
12.364566439934999	9.915142202862135	1.271083031737826	-1.8330028667771718	-5.6930403775947935
12.291086338362081	10.325335435985336	.612107916519638	2.4072194567157768	-4.115952795391371
10.217542518361544	8.046582421419993	0	6.934993115058595	-4.792019424589426
9.491994130568116	9.798051081016322	-2.071768315693201	0	-2.5591916839221325
14.42675762717447	11.077574886631753	3.4107760064174175	.19396797288140877	0
11.076718731027297	8.572013466967599	.7363690307051742	-4.783815351596709	-6.27673046784963
13.870945335265972	6.627536907364862	0	.383503932666996	-5.873200729549282
10.224866327300365	9.428569317103218	.12943915403497216	0	0
13.823267031793636	6.751980867321431	-2.8579752905506837	0	0
11.99503632769247	.6561488319434329	-8.498536947509253	3.287796497653838	0
10.767793149570986	1.332644626252676	-8.248396534612064	0	-.12122066229585365
6.157426996341933	2.5283931709782252	-5.12849552932661	8.095725641146487	.2420881741440144
8.26032640612295	-.012361403276500427	-5.021725416064063	4.242640942280919	0
5.1238166629322075	9.654893890703482	0	9.269122568035094	5.454325360074996
0	9.535718955174305	0	7.843970278201735	7.239345174254443
-.021848444546456625	8.536668938625409	4.567670373776991	3.9197742875616086	1.7391404133765924
0	4.722771818509643	2.2478889605618186	-1.48277003180924	0
0	2.2862114000560854	-2.4294856434154055	.8793441505228697	-1.6543792778701156
0	1.8027199570058123	-1.1674117269748276	-2.7763882332593988	.3278920969838234
2.6597838800142695	.9967690901232433	0	-3.4470864460099557	-.9360869522513506
2.113122310272481	0	-2.4785551275051523	2.8858918752254064	-.09463667192241942
-.22220056048822323	2.1845910126960613	0	-4.146684713094767	0
0	3.752475986830209	2.6898168059731487	-3.633688812455324	-6.310939718959856
0	-2.414168096136505	-3.3517428764189265	-.12371067871647225	-2.6313283973764316
0	0	-.3355341165578991	3.1787600793138964	-.7488146927531508
.975405134350491	.506030725662338	1.098021644832358	-.081542531902013	-1.6136123448619997
1.5566889021026917	1.8998391429236319	2.102759340983677	0	5.1149144960045465
2.41472632172902	.4001321852432087	3.0548649244896273	-5.008818652986381	0
.6059044904749881	2.3121544777860237	0	2.157161508857534	-1.3009890411961402
0	.3281844306652317	-2.848701306266798	.9325587262199038	1.388837208336657
-.05319395246658068	.9683060819420366	-.8011673500169614	2.364502109593111	2.5282445121510397
6.461914790490194	-.21493199079966896	-3.7969519762298134	-1.1082413898569548	-1.9792754988551156
0	-.10201291712333327	-6.965236988693882	2.7244394487211574	-.17832513391619986
3.2419071316904358	6.8907353991155595	.5226911518201696	0	-2.703948551183458
8.858921855509642	3.0031587593512485	-3.818465178275636	5.817983420020708	-7.305342393734728
13.14354334016898	7.394090893944753	-5.4647573495546915	3.1345126039736604	2.075933112448026
10.485499516473187	5.760271657631823	-1.233513819227963	4.764603155812574	-4.564717277757222
10.111163330007155	7.937327232126798	-1.2340322594258053	7.24253564419905	-4.123764502839981
8.146677114517225	6.230985767308308	-.18071666548064233	5.218088608724137	-2.0979522411196623
3.981521618380988	7.424581358469034	0	10.224999277394309	-1.327645675038866
14.540118460678332	8.688843462613443	-4.359810717872799	2.193679833483913	9.13023503164204
15.201494200897038	11.468712172390541	-6.659926540924447	.277702480916751	0
16.14034871562581	8.574738851309593	-5.984758189474678	-5.692631867733484	0
15.185936370286242	15.044455839471583	-3.8078157058134123	.6862800676084968	6.30249437194737
12.5947753167657	13.588630405066487	0	2.782830905175103	-2.599922481890461
12.465436776712032	14.583634144916356	0	-2.3181120957422245	.6076866820137443
10.11300643663585	13.578429099673544	0	0	-1.625408540669774
11.705949640907667	16.014045235430668	-.05099900111108696	0	6.506589795879609
11.558903805584611	10.574989950158722	-1.7694370286473378	-1.5446384634135248	-2.869997906827516
11.252066564999666	9.895246756312256	.3426969290378915	-8.023290843732438	-4.587338992736276
9.35766509625065	3.7782656726274073	-1.7920276664875585	-8.542059068212433	-3.3560823628530163
5.881353714079967	8.394651269005147	-.4711060168485768	-1.9916973842457872	1.075170567935785
11.0676838187883	8.983077336287359	0	-4.947901486608127	-3.455844172950588
12.303710909525014	3.7385818594124243	-2.465788874158478	-4.7163444896796225	-1.5533555228433837
9.854478472241825	7.6500037769531675	-1.4722684024947335	2.413562051859649	-6.2041414808470705
11.50696998332156	7.467434867857058	0	-.8393047512275008	-7.007213171825572
8.837291235503839	8.486582349287728	-5.325411861416514	.9874146897216387	-8.300178800892365
6.043781141200409	6.675449418003533	-3.3648811584263845	0	-1.507643490796386
4.534603971143252	7.465074604691812	-3.7547471132140027	6.161615179431552	2.050837126273259
9.206275487979077	3.639749247241929	0	.9578828908817071	-3.3955201421335084
9.515676723291701	-2.8378199121556436	-3.3883766082169826	.888801834643979	.6165416346781138
3.707354642723014	-2.203790680020049	1.6597003743145224	-.9162750711054514	-1.3189825953210064
2.6125619550326	0	6.967754727551507	1.1837212130272696	-5.671365240640732
4.52159845016452	0	2.5667226872409827	0	0
2.326283816331969	0	-.7929414851976309	3.3615500172240202	.45799615717152864
3.5581827906273453	0	-1.5835241679795433	1.6363375318495028	-2.8283373019124247
0	0	0	-.05854155523137761	-1.3049834954421669
.6179876153439798	0	.15880672979877297	1.3041843154993882	3.143562888324845
6.410056467827494	-.5916980330051587	-.20470421368845138	3.782184738149037	-7.405372016124962
11.076201895528405	-1.5845990145588509	-.5010342037987339	5.265757185397416	-7.38469546469028
18.789119548819595	0	2.776743378722994	-.7821943176210673	-4.4192719517926236
15.28306158986136	6.125884676224637	6.61692369800772	0	-9.29670460204002
11.233442145222059	5.322283901838454	5.014068557528106	-3.082823023067398	-7.831152976358977
8.992082000369807	5.858494105438547	0	8.025325366670002	-7.076415498088255
10.152800466079114	9.239288160841333	0	4.517315258433775	1.2587051329716408
11.369432829048748	8.581632061116363	0	0	-1.2316943449647637
5.287723668892492	3.8937911373906697	.8132117604704794	9.43691584309769	-1.2006083495495234
0	.842717079307485	3.7942931889173237	6.651905432152513	0
.7783710136626627	0	-2.019640770724601	2.3719166498302653	-1.6678934573959203
5.154164908956937	0	.605063329322592	0	2.9643554893490602
8.619071132330676	2.996577297238076	1.732473409334668	.19081993805379627	-2.9458628317137574
2.8549223147123137	2.2001992662509706	0	4.887505888702521	0
.45169376856010673	0	-.9715008642446926	6.5836759510446	-.9017908668897794
4.138756650222124	3.512504045113875	2.581800837335735	-2.57629013511149	0
.1989449408784183	3.4697828929055237	-3.6635418077390653	4.002455031330695	1.0557023093998603
-.22905224496041177	2.29981114380971	.21218655051022783	1.5728354552948305	0
3.2058862346424877	.27623498442425576	-1.7769197212115146	4.902927756500852	-1.9443432539883942
.6772624236739068	2.3420189104034943	-1.2138283983804028	2.481242134283669	0
-.38044334908837774	-.009350439427691759	-.2053306690452827	-3.2392504266630042	.9614757127943776
0	-3.0678961597119785	1.6935487937689195	6.266578875373687	-2.139835465358795
2.052378444794025	2.5556408631732657	-.29687959199846436	-2.3259065490957074	4.1018005747262345
1.949260102412243	4.740321845021828	-1.8468249601422277	1.5229425156821819	.050425895151565814
7.18634041305154	0	0	4.221766417428735	-4.806139964398227
13.565551083090092	1.4111849020740532	-.21645230852912267	0	-.03996287368597895
11.541632713932511	4.109555711145576	0	10.5009051502006	-3.847898295343197
12.148308242988753	0	1.485934903356074	5.717789993502876	-9.761436362080426
6.778982712225209	2.744877787489672	2.352328785877865	7.248536968556817	-8.370504825210318
14.233260983285604	0	0	0	-6.270436223064934
19.78932243068063	2.2183786253520994	0	-3.7012413473038466	-9.241976614295343
20.6977290226113	1.542683656758108	.5338875826027446	-6.633093710773164	-12.392627381823468
15.755383615734909	-.9979042213174091	2.4996985758410246	-1.1454796548485047	-8.009721782444192
18.451617931433706	.06649107465289272	0	-3.8146426644063594	-5.568878494654706
20.132119105891743	3.94247292600647	.7051053904726461	-7.9886240226345056	-4.094501415880767
19.10708970874133	2.873023140552607	3.316851606471366	-20.17586824417649	.19179833936394053
21.270189147012488	9.082207951904666	0	-9.175159785942778	2.927121289883333
15.543781260209618	6.898223590151605	0	0	-4.014110259385822
14.329749523382638	5.298995296129442	0	3.608712021380578	-3.5944810921675687
13.208338033149111	1.314778843468196	0	5.808626523606833	-9.85324399849992
6.207371407674391	-2.0297103734281285	0	-1.0767086070618075	-4.06330141125985
13.869729950529612	4.228137464585229	5.192886636912282	0	-13.543682499929936
13.640270067967139	5.453638825009076	5.3916459611303935	0	-13.776142572427803
16.033445930966295	5.454979604150722	0	-1.166168332993195	-8.694927334494954
12.982632956066633	0	.6738432694594052	0	-7.667919750252686
12.588232736572387	5.320904258981256	.25187331231994187	0	-2.4450460185010168
11.609742330088165	6.422568875817184	0	6.3370377005638385	-1.6201628435798403
10.910389085288971	5.484057883607225	-.7749838221559924	4.263654455688397	0
10.985193479410453	8.04010020579916	0	2.4366627564286736	1.8473374004516954
7.836366486666535	11.214199333578708	0	6.879300594914877	0
4.362967474859326	14.277297593257558	4.784199474869872	6.482414168960551	-1.7693288378028698
7.42037706002329	12.52872022931167	1.582431246289392	9.304597171202042	0
6.308041152728078	10.574764108728758	0	11.995921819450038	2.2112733472274737
9.421383068577436	9.430868774442203	0	9.010828148447015	1.1011491585887345
13.030522311817341	10.67622207647846	0	0	-4.7024408115386835
13.472388868317916	6.7109896907751185	0	0	-12.649115717757844
7.335023427821774	5.35853003604189	0	5.868853511268729	-6.716685040822623
4.281949598593631	2.5782404306950784	3.8831743445704054	6.122650411044246	-7.198541570543184
3.0052568536409554	.7707208892007824	0	3.4917068174978496	-1.1659973857511226
1.5679239696878335	2.353129457768778	-1.1441041161615597	4.5220233119925055	-.8181335629768531
6.673278322772733	2.444170093436373	1.7622364619309236	6.110224143678858	-2.7858842214215502
10.140447442888224	-2.2960666237507263	1.1975209281279005	0	0
12.623098441445634	0	-.4267549750156925	6.01108441282444	-1.1986936488163495
17.143962844960953	0	2.520116233096248	6.532498777789296	0
15.419678133769079	0	-2.483454168037956	.7920929529889333	0
18.58204242558734	-5.877806198923485	2.3828907000919775	-4.914007296494863	-7.909980152796734
18.84368478130362	-1.8816561704891686	.43090380061826145	.5823448011270302	-5.493879410888431
16.883493032887912	-3.3074402263679406	-4.888451881877636	7.733935486832914	0
12.126123201178064	-2.879404903933369	-3.8585969126710915	15.892454016637414	0
12.270744757924716	.7965332824512066	3.259996208229482	7.572739875286238	.9238137088477054
17.93041100834129	-2.3809806641243005	0	5.399118545034737	.984816781973077
15.200597776610255	-3.3929928211097464	4.084529173749068	0	0
11.809212183597102	-2.656594750194989	5.992705445322315	-1.5938685505241414	-1.4527323132054275
5.758757285458753	-3.0545376223409253	8.076099075201988	5.989394884582121	1.8723585274209982
3.65659323801276	-.022143047069893673	4.308009390537528	11.578727782046876	8.327752078373244
4.024729000518577	.2546532571730315	7.071480461641522	8.284808464371338	1.4095587248168504
8.964751945025256	-2.9650247738331283	1.659162232621355	.45531070928748374	7.2465896920078015
8.508115267661006	.13094115859503475	1.3162186879763371	10.550574477540831	19.455159443218
19.476224881270728	0	.2819278234574809	0	17.877135778889173
19.773191556158192	3.579079558304812	0	.9374052659295438	16.679985606733364
15.08195702480164	5.681749798968342	-3.3139026468717185	0	6.891655974457972
20.831344977479173	5.919174279553486	-1.5192189176776083	-2.032256744923331	.19815359472529437
17.990113108174462	3.91629951333598	0	7.499298553673853	13.222660784458407
15.363610823383656	5.655562363332815	-4.341243545443313	6.044223460433771	21.190775629382657
15.149984833126357	1.1981984691200172	-7.503190822518537	-1.6758588337465552	18.472310674238454
11.925577327230897	0	-10.515757121556657	0	16.32404915140451
20.405702432864796	-1.894598874061493	-8.09008784605062	-.3899772879838112	20.199315079632573
20.36794524975925	-4.678707935800001	-6.168420188221741	0	12.84911355506669
20.84684583279484	-11.685194606051224	-6.436385996196939	.8654417297428733	0
15.549382675135037	0	3.0865319308722112	3.336135346597029	-.2759918158660959
14.985717888090036	0	-1.8152199144842422	9.589965562079477	4.062566495974096
9.826305633752497	-5.962617712349198	-1.6700065331947371	16.02872876183465	.22748768465947578
14.035488823032319	-2.149976730930065	-4.865416994514021	14.935152665935703	6.4049291793244
11.513986140028447	-3.6358337367831974	-2.111404550204126	12.786548649434064	.4072384818861262
6.100010183339098	-2.4850983903344623	-3.4775591700470034	13.345312357301063	0
14.143062008234914	0	-3.825583889925949	10.605887022491839	4.843746177603682
13.841301304011516	0	-1.7714562483785021	7.843690290958789	3.5838207773455917
10.095799435157637	.20426146608489126	3.7418557014719553	4.692419065930832	0
8.981763806360505	-1.9650763887649854	0	5.073710534218346	-5.46106932180674
5.823014692440448	0	3.0325292974530487	4.51130551274484	-1.3766170486451268
9.60162675175998	0	.061430024423142215	12.389015705116565	3.2389552722752732
9.760829333877213	0	-5.167523403370604	25.740154670706485	5.901529446429838
13.050344930252113	-3.3801641657433867	-5.903061375191149	19.05104946302899	12.321162872672206
13.939800872853272	-4.785799017063212	-2.6626937277455935	12.369887952709965	.4092780842531251
12.099871108229902	-1.3462322196882297	3.973698932533248	21.040564365478303	-.4056406800975969
7.648993455230453	-1.8733799598633705	0	19.389142788936446	-.41038712264274446
13.042351434539682	-.695523131094297	-2.024611917788251	16.17241576855038	4.233861643345072
6.642015888813667	0	-3.1270136304706218	26.694389309481746	5.998933955206204
11.57214008252197	0	-.19995094280897469	11.9691006750827	0
9.444840471246728	-.003108725553336142	2.6602197254687967	22.57977517489192	0
8.464459972427832	0	0	23.550171362985317	0
8.243782288840363	0	0	25.763131377178922	0
5.911394822539409	0	0	21.600479569346597	0
9.711935222785593	-6.284884360413402	0	20.256900602629436	-14.510254724839552
11.265751636574144	-5.434566990240561	0	22.315784908173868	-14.812058436382191
12.16457745826058	-5.408383776231386	-2.9683469450467457	14.40352904041427	-11.121835023620385
18.774268417721956	-6.473689834144591	-1.524634393966593	8.955107477906363	-11.823400828944783
21.461042950212892	-3.9572908491977405	-.7846435356980634	0	2.2773263792574934
17.64898630327888	0	0	0	0
21.406353936086838	0	0	-1.8669403645750848	0
20.24618138719699	-10.099951669835653	-4.326407083700907	0	-10.711908792704582
18.900198156418828	-7.578652795137783	-2.3384150563909643	3.08434838353962	-10.403800015452564
18.291822930120556	-6.138766149936172	1.1381277643045824	3.8621118718233705	-9.632027610390736
15.942685495633272	-4.694124349728204	0	10.270653951647569	-8.837000818297415
15.944248523393064	-4.742880352953859	0	3.1909116166790548	-10.820144984585623
15.900738101124634	-5.375671658601787	0	5.574495879613012	-10.865505966667417
21.398530444456842	-3.1981348773327065	0	-1.1780546537674073	-9.36202905157576
17.342949637796167	-7.956872537339939	0	3.252964241409547	-12.477096661706419
11.99944494004283	-5.603689252623999	0	11.353046529233271	-11.017823097513887
13.301817014543683	0	0	7.058984511488915	-5.824930392257009
12.048687028524808	1.046375450291089	.1068584635665204	7.707972014867261	-3.4113931997899876
11.608370388816647	2.933845258338338	0	12.09421667009799	0
8.383890345853532	4.3651367493898725	0	10.866137635095871	2.746406076071945
14.493263766357899	4.013905728713616	-.7215748112243692	5.698709690312335	-.10768955018718174
12.1296926621023	4.683105471863422	-1.0963188975408824	-.7869362506841093	-.9832509034989245
7.859274435013456	5.687418952065821	0	6.327467659210316	3.007791840744188
12.121351273519837	1.6444248505690517	-4.517399915194209	4.46146228974828	2.5861614432881166
12.043235266437629	0	-3.565241581799953	0	0
11.217270134108176	0	0	6.580172298606572	-3.4077723680460146
15.08847694869015	1.5549028015532194	0	7.856316789548311	0
14.031713261306855	0	0	9.004352740287258	-5.223510157573782
17.02197698116487	1.1465410554617583	0	2.764600103568461	3.082188007690503
16.172475035202982	-3.2347708248564113	-2.7119166287685346	10.142906373772446	-1.6326142964529105
19.461269028499185	-1.2391655662137209	0	.3667941667374093	-1.0156209979521724
23.460661126180984	-3.8018016475672685	5.167001426145594	-.9862847961106027	-5.4069617622272625
21.465073910173878	-3.29802186950698	4.356123732375404	4.8227573752692035	0
22.48800571351859	-4.112748098217542	7.8655577916341315	3.8411038588599817	-6.673813103326522
15.721816590986599	-3.1879017616103598	13.85821983654471	8.477312259891107	-14.544610779091983
21.180388298594472	0	13.132917981394773	0	-1.6269274381658634
18.221316908030133	3.3279280789312278	10.623450389861294	9.268759889109607	.8337759482608724
14.171086554309701	0	10.380907235917514	12.863265345524626	-5.091569138272597
13.268798604286648	.8259716110204216	10.314553178941448	16.930737655689732	1.6121619643585396
14.606149985735565	2.6008531374676718	9.996718662031604	12.982370594067847	3.4014848994130036
11.221249365526022	-2.960918703254006	9.93696396135359	13.591485117328272	0
7.051411461274366	-6.751377422592519	12.413797553050651	18.640644607589177	-5.390607336118736
14.068689540040971	-6.851846120271448	13.573776172954073	10.026305672593198	-6.007368203578212
12.95868044416937	-2.1451123322383987	11.163846903133269	12.575753691942268	0
7.353945629357687	-3.43744639596657	13.041317950967063	7.034071050927362	2.1022766401412474
3.177530929722359	-3.63167455278247	6.511360130566732	7.7111975326661515	0
10.861825096037778	.7923476812166527	2.171188722463644	8.002233580327498	0
4.880634837321224	-3.2735978815599185	5.560035895826184	1.872994476494506	-.6049086040803708
1.5658257000576938	1.37696645852529	1.5452819446877517	6.858723748676347	0
2.839096502520392	-7.604606741333654	-.7154686679142104	0	-1.4957945766731686
.5190295369109992	.49245145358505454	-1.261962446968565	0	0
0	.3878603444851573	.5724077490013542	-5.582769822277241	6.978903875348294
-1.080783443667388	.85519277395216	-1.276439426746717	0	-.5767291861916402
2.4268939765937256	.7994382983610884	0	0	3.512138479008417
2.3163074945475057	-4.640906913175496	0	4.2025796144200545	1.5215444322164344
0	-1.8209816217661974	-.23759951863960108	-3.2688307036730615	-3.0945413805800843
-1.208027078572253	-.19852772940299232	-2.052893265945403	0	1.171634123917323
-.563316215307955	0	.08545056054838107	-.09684993616445978	3.4231388090125447
1.769878749479033	-1.5610622906602483	0	.7327413454000284	1.6503058272612692
0	0	-.3249809255864714	2.307752673451879	-.18339425048996993
-.22520281109920404	-5.1879109345137815	-3.1812114233806112	0	-3.937056686455506
1.529743796579737	0	-3.4330600145294765	3.0004805350295443	0
3.0676496865392626	3.604426973836698	-2.7519750085932433	0	2.9256913775173374
0	.35707084893764307	-1.3939621581535262	3.8959363529769453	-3.362642845406916
6.04356365590275	0	.5796498973908927	2.187899255039655	-8.949024398835482
0	2.225505764480552	0	5.905549259263941	5.347585212874374
2.021640726442195	3.2229491906614136	-4.3677784837072995	2.2897805005865792	-.9746295960858183
12.181591193255786	.2947833178224941	-6.95201356189157	.3190483633817367	-1.5324147429570742
14.561251360126583	2.7930455105091996	-4.835957270031595	3.7029246396284448	0
6.162306101926636	3.112900280665423	-3.973692633070287	2.560136443811248	1.8683896444250725
9.88527119076462	5.628705231684108	-4.274247075018556	1.975188601413824	6.261437773977877
12.806860461700941	5.36536254995927	-3.118681234904385	3.729822259115522	3.214630003988756
12.856567963890003	2.982644658141683	-2.167324600669428	4.453435042209883	3.627766320365647
9.770742566980458	5.166028772407987	-1.3464982918990325	7.2742364730189	1.7405759022198946
11.758789892901838	4.113075723859535	.11101549754498022	11.820421193260325	-7.429100719428376
.5513552472267067	0	-1.740813314058403	15.032368402816912	-13.533729291821734
-2.606136931282899	0	.8676929826944911	21.597500145032352	-13.49808957134015
2.0877538201717134	0	-2.8092684318917196	3.815171601240619	-6.023872330324435
1.8720024543339036	-3.967018467875742	1.997569909239879	10.567738113386376	-6.69406756572688
0	1.6027890299087848	-2.129007784787746	-.950456496551553	3.4084752536457312
4.103017462284859	0	0	-1.6923370677766238	1.0851159140916953
.042749911703596544	0	-2.967662350560012	0	0
-.14010855215671025	3.3321803098334573	1.6349638606842856	-.39502521841208527	-2.353443799913228
-1.2480975884219876	0	1.0556365712743843	2.3695250829142562	-8.347487838504183
-1.4023769307801848	1.5585569117216367	-.9068982771886127	0	1.0634313755552318
.018713143552023803	-2.1609808656465535	0	-2.175615083455059	.5732857263894882
0	5.45946301281225	2.797439097335279	0	-6.162552185661986
7.140091011724887	12.916602468941674	-.7325828433074454	-2.4622401624842394	-2.5511667969017315
9.855156705361457	13.88908087608813	-.7924629610809188	-1.4365713178312318	-6.867726089137199
6.3007677558106545	10.66049286483216	-4.682100195788188	3.3974041938018864	-2.1219231679010826
8.025113155091251	10.662352810752987	0	1.162752853077783	-4.650355128228683
10.565193940848912	7.676050170500034	-1.5848554175020038	0	-1.8102813135224167
10.424867449794856	6.067762531481241	-6.037751494723425	.5319147472298715	-3.686444907097597
10.282348843968531	6.62071325641532	-7.999123212852285	6.67530623267062	-4.707787572689213
9.039795791673303	7.035752842962582	-5.83738556750477	3.7162648339569193	-3.3409733099789576
10.441719579057994	4.726628662760286	-4.830189813911332	-2.622816117303934	-.23489700063626762
13.280125110598863	8.03045276429319	-2.1976109336146044	-4.35611217532686	-1.3460730423591922
10.7817118605669	8.817745878050083	-2.367758618347808	6.899054619630145	.03443395785577777
6.321476926417782	9.45809759757974	-8.632607505594605	9.536985341120545	-5.545387017418126
11.013859685271623	11.141480525629053	-4.66333935447739	1.2437060753563336	0
9.846219535375932	10.484239091817544	-3.7450022444553213	0	-3.8922048381387753
12.462661769912625	10.710750194456475	0	-2.8103145693666542	-5.751153527991514
5.425245251502355	10.800295407834918	0	9.231831710424327	-10.512912040739185
7.281451658738181	10.793575289373237	0	3.3953477071926566	-9.904330962829317
7.070825649844615	8.457143032839909	-3.560253167249652	2.918848219738088	-19.34203747887283
3.932847302492447	5.280010699249619	-6.687923224902797	0	-14.303280796177418
8.590417655795985	10.71680956809205	-4.688450440256485	5.5226032583626905	-8.068566618214522
8.326528643584565	13.031234619625515	-.5296421215601125	0	-12.809179812760688
12.0589946244251	10.52470340209848	0	-5.388506306751221	-3.1093601551399783
8.1482085064157	12.758220116322857	5.379849805627771	-1.8919034309477434	0
5.268813637757655	5.964877815945057	0	6.6490949039040625	-.7241299384101945
7.099789314593456	6.819723891981117	-4.7461399951564855	2.5035145750530474	2.580210463611208
12.58451544952511	3.839855492392865	0	0	-11.39636215113249
8.896591419171813	5.0381842428794945	-1.5909400181203437	6.04407236465729	-7.187665920291429
8.124995088266584	6.13125917145826	-1.8564757080664331	6.409177142407803	-4.87916688961131
8.937480339988053	5.974084840222266	-.28120010144547464	4.165821226367884	1.0557217124171352
-.18477644929051928	5.009671936987607	0	0	0
.2606605902821518	.06713462658091918	3.6613105046048195	-.003344049326474696	.4276022121440985
3.52082203939054	2.9713590872657103	2.6720855458057757	-3.684178782602984	2.7159119988870026
4.777153039551137	3.2002060833221946	-3.5908140183338064	.6956817930171264	-3.585099341152845
5.095294427644038	5.704310423680367	-5.332407495936159	7.553740833028199	-6.880272673932508
9.602000535864132	8.633010895205818	-5.72521010055066	7.849475267123491	3.9064553056504043
15.935017900594993	10.29484182555846	-6.973937213909418	0	0
9.62844440023088	13.468700674176295	0	8.789456438806155	-2.069820237690456
11.987253459738053	12.434118884646756	-1.0254337072202877	4.844537242785974	0
8.181895043434116	13.585463155284405	0	6.642099586021845	-2.021678655839824
10.541380252985125	10.178163711986938	0	-8.820241021209558	-1.4958682394349476
9.171646080055591	4.080143438546789	0	-10.192656836507807	2.5418043387737193
9.979958749811868	7.963296406663217	0	0	4.461803093459919
11.346221806141102	12.176410226093623	0	-1.0366658776910478	4.130675738140627
14.762728304925773	11.281582944866472	0	-3.9587301007985545	2.485523739438196
11.367741059171161	7.791919459118831	0	0	0
13.737682083567519	15.983686293204634	0	2.5964729164075693	6.866646779798613
7.945205483158643	9.579105718094961	0	7.804138875660501	-3.385501193511682
