x1	x2	x3	x4	x5
-2.0538198705635526	4.771442883263118	-2.2034211226284226	-2.2332786350145413	.42984188825739283
1.1698375431979111	0	-3.112097530415572	-.6602683497919893	-.49975502800659655
-1.262285481460045	0	-4.307026283173993	4.3708441703368885	-1.9165228624859338
-2.0159293671346803	4.366252083026763	-3.6175437042601386	0	-2.0021093055756314
-.9288760313267495	2.1731510169090513	-2.208203642844088	0	-4.056101368831993
-1.324092131094138	-1.270489136876117	-.04384585969571764	3.7717593802816647	.33222169053116823
.6348376027308026	3.5091039744525623	0	-2.2850408397587385	-1.5908095366119455
-7.262278183331788	8.582469973901969	-4.768894767352876	-.03944656195597385	1.9137515131511664
-.572968813062661	11.48937704377047	-6.230119580455423	-5.985064383170876	2.1194543063145397
0	4.762402350162503	-8.90894192888344	-2.505278845457205	0
-.9324809798622599	2.399885793655412	-10.624508982233886	0	-5.112739957951483
0	.23593043723135843	-9.053031581930599	-1.3043580495620293	3.352147018598112
-.9419675199234898	-1.7587689781455205	-3.2348624754725215	1.3977676875318215	0
-4.777413638510001	0	-3.1209125791566876	.08536408793980721	-1.222778504821647
2.7682226835417536	0	.12012786538159015	-2.852495149828516	.7797049340770366
.8712172572806282	1.006620600421962	.12085802530613299	-1.6159509269737373	1.0383778890933255
0	-3.168635177490538	-1.6219588931739373	-2.8897231501262386	-1.400162594289396
2.885483980630978	-3.5341130269085967	-2.6146264829673385	-.2951946493884626	.8538034533268877
0	.029375530675011197	.5500869922727343	0	3.92231607544992
.5205671070597668	-1.318794487405027	-1.7557726264151765	.006142473756688305	-1.3466216319183058
0	0	-2.2975691845398	-3.764562758625645	-.9590424542512894
-4.558454938980985	2.0408871114156177	-2.121051289164917	2.291328668438526	0
0	-1.8949605024183556	2.8048783238917983	-3.8510940155419315	-1.8202950695758133
-1.0573401366348967	-.619350121461802	3.0283171450993187	2.550375383649625	1.0488466026771175
3.512912508165136	-2.3861856710932727	10.041194834728962	2.9303032266719296	2.8787475108794234
4.683746046081436	0	8.407076451699714	0	.08928992722142093
0	-.24340357907126	1.4183139149761517	3.00609775324138	3.291697269450069
2.586124708248837	3.6190473942497525	3.990939696073913	.686002996348185	0
2.7388232969586137	1.8042797331389346	.16497328167958547	-.8677625615688194	-3.5150817247489163
-1.5602655839535464	-3.858294372730164	1.80034581343481	2.5671858621118315	0
-.7670636229808001	0	-3.5175151151121704	1.753428429416545	0
-1.1704016199415324	-2.1049780631576276	-4.729677627570406	-.5118866706395324	3.324740337913261
-4.2368211407225935	-1.0242385799802813	3.159581710790121	0	-.4727513279975408
2.2933882467108218	-3.551022534432488	0	.237547537636834	0
2.4763963819421755	1.2843779328127525	-.3578119299253764	0	-.45009131727234
.4293250244818506	-.19323689146185768	0	0	-2.6706956635438948
0	6.899828207084762	.9801851590647584	-1.7108679924833057	0
-.6508586167103529	10.795097421222746	5.352999139136902	0	-4.234270926443026
-.10446399145921759	6.042014259308717	.9961974397235545	-.719243403275506	-2.915092997766309
2.140804651287455	1.768889589101406	-2.6602406690485645	0	8.86452601381572
.46906830468932936	0	.964402952548656	0	0
.28369341007852045	1.2333459227087555	0	0	-1.1876784480756832
3.1222272230934207	2.304211105605291	0	3.6846482012351522	.5438813839689463
4.578064321112921	1.0457842356003466	2.237162787036721	-3.7586212555524283	0
9.591070844207225	4.8552431686092845	-2.0113844052496814	-.5996060826163503	-5.342306444609294
8.62062840614156	1.9408849390214653	-3.595453683870412	9.015071897179428	-1.608640133063195
4.625557682994286	3.7714174570678463	-.7511191294123056	2.69649470537619	2.1366256903485987
5.870932270625897	3.4080977394075322	-1.9812183511847468	0	-.08432940351249107
0	.7097923030088176	.16527173992909988	1.5216745865184005	0
.7635148797562705	0	.6849104989834494	0	0
2.395901218195447	-5.64843819571841	-.5342358200989001	-1.82714033699465	0
4.3126730164340605	-1.9642626382837902	.9557666325059373	0	-.2338981042311314
-1.3503620632580082	-.08482177979425498	1.6770838359774656	-4.379315371163354	0
1.3206636420537996	.05830592348650382	0	3.3292590174564847	-.2702738042487858
3.7897971727367086	-1.0167928615069632	-1.1021332492531184	6.157379617840569	0
10.26113669202165	1.6520587879786177	0	-2.541895549302607	-3.4384922730769256
7.985511969409899	4.911700289054425	0	2.1992850816759755	-4.137347946536795
5.912962201492968	1.11153171339991	0	0	0
-3.6355782297389596	2.1323779537556646	-1.7492017585747046	-.27427153121748965	.36827978896559366
0	3.2327428019552524	0	1.282769590846735	0
-1.0966056977688918	4.61187366538446	-.05475016925563114	1.0514522961764925	1.1617915506474505
-4.759041109708575	0	0	-1.3687232225431085	1.312960294622582
-.286131743229995	1.8709054974675703	-4.770708748530746	4.358105303620352	-3.5180114560837397
1.7975915951964225	2.015119984151389	-2.323090365846141	2.2632533955597256	-1.3489099435243936
0	1.7536568511899955	-4.319636870015927	0	-2.190883851341508
1.9811626998626681	0	-2.0561708043720617	1.438918559572339	-.13523459484093459
2.1801415618449234	2.1107053087410064	-1.6933484266913472	-2.7925446129674283	-.5130854338225069
-.2924661933404525	2.1934231344395645	3.3182214534051777	-.818813874623596	0
-1.068634823972203	.17862916977754317	-1.7581576702136583	-4.592648137751119	2.3523032524954597
.22191705301796683	0	-5.0725976389481335	3.411638485612645	1.9909882378704367
.9590264142986471	5.710513236678759	0	-3.5026574735777127	2.084507018284715
2.673363624843393	8.638113270866508	0	1.5446993764195585	.8835975191919849
7.501572927965783	8.183608269702956	-2.5893115939920044	0	0
10.782352766380066	7.794622873146149	-6.305817345896413	-6.666940408231869	7.753184102166288
4.145980573373857	8.167942235795907	-10.74886720407795	4.657676828187155	1.8778858704735422
6.543178724249175	8.404258519856137	-9.690321386235551	7.660707421773752	0
8.521211608913166	9.540605232161138	-10.487685791994702	8.345938706162706	6.0989013458139345
11.93089265440375	10.138622998358363	-7.224564526314907	3.8554539390252356	0
6.904354338350744	11.223254060823397	-4.774267529325207	4.303004780448725	0
6.238668184248685	10.314050845946369	-4.626490110771074	8.246831044285996	.6601445255287376
7.212054733933025	5.723145230147827	-10.70008487466139	8.680771849682987	0
9.690382492868363	7.602183122416834	-7.534030700029315	2.9844718227647054	-1.8737520881962748
8.911141904602578	8.197926942235162	-8.127594483316308	3.768695459987923	-4.8137111803203245
6.265614183101285	15.356624422220223	-5.571618542858168	3.1885223321631853	-3.2982107817591637
2.118785191716108	13.131832496738879	-2.106796637799083	10.004803383407266	-10.271801677770211
.4495138145942459	10.552574321866329	0	3.6135528899244065	-.7584486097298537
9.17598419234361	6.982436697648092	-4.399278158157059	8.042299369987454	-7.234885549768061
5.494488876386839	6.540725823143866	-5.614448796680132	9.660203980365146	-6.627394168919643
8.571709130867118	11.10432414649855	-1.0767440226506788	.6584376852609375	-6.241068772641891
12.803051142537807	2.9617444004202547	0	3.943994250534711	-3.8212034768617182
11.746057793891488	11.187076343145925	4.596695890492031	6.015104771209325	2.3933514479919022
15.426001198581947	7.710389539917651	6.568853604986663	1.0351227612916158	0
7.174245965813457	8.05352172092293	2.317565681383866	8.309725544726085	-2.8268727710667396
8.622412488860707	5.94379076046406	0	7.049395238911428	-3.266469667693281
14.560259563763259	7.805838367934843	4.253902869145163	1.7303447148067737	-6.478550601003851
13.508292555865424	10.205540717138634	3.703291180521516	10.404833708410585	1.8823303060589316
9.552796677170049	4.501516564856368	2.74315986551459	9.49299062790688	-8.340518742222935
6.448152726340964	5.667263986366812	-5.410001965697579	12.856183794467597	0
5.729698824509648	4.700309706945494	-5.646133351102844	11.431407035042513	.022256458658558964
11.770735074256127	3.6394990494021657	-.2006032932180568	5.9539222436222925	-3.4993011582171727
16.60927732474862	2.614769434315508	.36604605548592173	.35322592178519047	0
16.697738828227457	0	-4.351864448527605	1.4569562128397684	1.546363385636008
14.40472833788661	2.0482902121290403	-2.086282270359405	-.6936068191021203	0
12.952667421594937	2.5891657417602456	-2.366359204540441	5.1750029379709925	0
14.064446437645966	8.944661399274041	0	0	12.679295371036917
6.75491777421745	11.381193338941953	-2.4351971856251065	17.447777537478217	13.379917288312146
8.017294162430822	6.035297289260894	-9.134805606277942	10.469548438926758	14.798391510306386
3.6996304117787506	-4.03942177289872	-11.442735136259719	13.413969520957703	0
3.1921043318931206	.6506377944953277	-7.245421127987993	10.371410661606156	0
4.93692588440592	0	-4.855286613247724	10.80895102473562	-3.904116088408183
0	1.2675221544168445	0	-1.1543514707379097	-2.0008650756823325
2.160905391426635	4.942062514208456	.16233482959117024	-.0879305677065485	-2.789157161851356
-.07518338786904588	0	2.8220665905738866	-.26703435113472357	3.449871570498325
3.017802262566205	0	-1.7487789594632566	0	-2.7510824290784504
0	1.936974031894719	0	4.5502229177209665	0
2.7679451233528845	1.9671158120710293	-.6623635095132083	-.13902990320415953	-3.3450442867137724
8.375316710505068	5.610315997885521	-.5088463785884103	-7.675644383144964	-11.172405833388911
6.541730264366772	7.38087266299096	2.5826114304377836	-1.3052841716293728	-10.121326854040273
8.989616406561433	8.95797966924181	.47034599999252613	0	-3.496688055735868
10.99172075253182	14.268606292232496	4.89748271284435	1.3006024119124207	.329881708860426
13.556615532580437	12.489617986858164	-.08689489391379357	0	0
10.23411299448311	11.15132614956273	-5.025889745645173	5.234908439664636	.631310121347672
7.923955208061564	11.973518857209276	-4.882574623986546	7.637895432316055	0
6.9504937817999	7.704191285917101	-2.2336702210322383	0	0
4.86288160971168	5.4649164669976145	-6.371191871366386	2.3019782672828435	-5.590528116843403
6.418329143317501	4.6987775745994265	-8.502057675217564	11.867306151997159	-2.1433214768214635
8.301576778156436	3.1468174508908007	-8.19102677652603	12.77610565575551	0
8.580018560339376	2.6752514430025833	-9.969826196512074	7.888640053907448	-4.718191630104571
11.787144045364798	3.744995417873044	-9.720809288916364	3.682455117795878	-.9102271897236132
13.994574105583819	4.398143516754926	-9.043617026597373	2.5784844233124833	-1.533870537012581
15.878990933728751	5.081404756902188	-13.182243194247398	-7.5943680518770975	.7992677913463
16.36482213580228	3.6065969901049835	-11.830723398445409	-3.304235037838991	-.8094277932628088
17.36524179733095	4.175097785099126	-15.964551491633864	-9.154920726413371	0
18.838309819387714	4.377024728337557	-9.953579166548108	-5.8113485232681805	-7.264356970750935
11.684840503161025	0	-16.255559848266728	0	-3.896545611341115
17.934605407730285	0	-14.740154792630658	0	-.5311003122575588
14.78746002466154	0	-8.216023612750305	-6.879280894346772	0
10.31366091263289	0	-7.741777179427057	0	0
7.2220258813301745	4.153403963680157	-4.406272196153853	.7747579974350192	-.8659242816959682
.49956309980417146	-1.9341513306990663	0	1.997940031336281	-1.448977285496094
0	.4142952773566775	-2.6412358954075623	-.7802380633318988	0
0	3.764677836405216	-1.0451638903917155	3.5547404911113825	3.3429984333240403
.5647635358300147	.6422960634355792	0	.7404883471408086	-2.1785899886446214
0	-.7809781055610892	.06734791950425024	5.549182083537482	.275571357234242
1.1596568923436728	0	-1.0287727813453147	2.735118997470353	0
6.7504087566163715	.17524222639672188	-.12987904596306127	-2.9441716525383277	-1.048183416118901
-2.4653034742005375	-3.314053036797623	0	5.460013929561809	-.23500273925399415
0	0	1.1775222765791629	0	2.5490445869033262
2.7863511846391975	-1.2150783388652884	2.3022614611758807	2.0338467174050203	0
.01772883758183985	-2.1947382420084223	1.1821682687275468	5.116212376907707	.5804068842215513
4.1189427680664625	-.9906668359484128	1.6440573337847149	0	-4.119015481536029
6.335846648257809	-3.6565297103856715	0	0	-.03591257089328859
1.590555751140841	.3082641922508138	0	-2.1307823676396254	3.517973669863879
1.4716649464762237	-3.152613406290228	-.2258036541644759	1.5735316788612619	.3181501127740911
5.84917651887738	-.8356254559617831	2.1613487312823625	-4.530909656980619	.886743837093546
6.152743041183939	1.583975857939239	3.517408503521506	2.3738946206457205	-5.679524435217715
5.930853862444499	-.6114902393572993	4.04701102033845	2.976620992457665	1.3901672737425317
1.1451344830631351	0	0	0	0
2.1729075127517787	0	0	2.147068907626947	-4.682152874276536
1.2949842264761213	-.7385722871721869	.11737577736583488	.5442770463505177	.08845087162829288
7.319081581576473	0	-.004702092773991917	6.078392215851216	-1.2848715573872025
9.17483852847449	1.9155578749897468	0	8.887480126023464	0
10.97609112534663	7.200840234858596	.15642879706784374	5.8332128909567045	4.146861472244665
11.112359529829257	6.235402001894364	1.8687572672612625	6.2181510924744625	1.7957487444785096
10.214834311960411	7.932714405041899	0	11.332638052226901	-2.2255004744544507
10.27838622091606	3.551716739223843	-1.2171108076226267	13.7331791296747	-5.82387178510697
10.935583725364994	2.62579424287123	2.5829328121038624	10.143284583861396	-8.93970115922459
9.720903746707716	0	-.6505027687443105	11.99320870808507	-8.428521409165743
12.083408200005469	1.9516075773198527	2.517923171992507	11.874284964549725	-8.60931446151639
10.554409183688467	.006084769845935423	-2.425971381624926	17.10087055266753	-8.603137107614128
6.467101457988064	0	.6419605297768806	12.373210285794347	-9.91135717240446
9.57938716015659	1.3488832664419161	1.6391628735599792	10.417333301870197	-11.223672005148739
5.435858701085579	1.3127054169084642	-3.2371815925117255	7.288334152413473	-7.710730737472355
.7185359018984849	2.3764456064985615	0	3.542556641105537	.31400199036590204
5.715139066215042	3.5240717741988035	1.4702749730600797	5.763014333995711	.8929440156638214
.27356014200892953	1.7946633425237517	-1.0823698370157913	.47960223693036397	0
0	4.845894497280342	.43656531457316133	4.146639662918332	-2.117527729960555
5.674061273350546	.06583801294355518	0	1.8921493354084353	.6608155004073726
3.1312806310108403	-.10579874132463807	-4.177131851753025	3.2931287274793526	-5.726480673328192
8.490176624756405	0	0	-.33243664729947053	-1.5632674895420755
9.495298264758672	0	0	0	-9.230022813784664
13.000227944341074	0	0	-.47778673905558533	-2.619398810987194
11.696836628221366	3.1683587928614165	-5.219706342597899	0	0
14.968745391562525	.9979799096078221	-4.8281062774913766	-10.346586481415054	-2.52945387478031
13.559245081673478	4.580503351574267	-2.1974493091851226	-1.14367768460082	0
14.944809622415011	8.750854084770298	-1.4478335744953665	0	0
13.367091713892979	4.9042881941713405	-3.6085732549947513	0	-1.1689149788408395
14.199111166323169	-.14268052274594006	-8.30202398848061	0	-.17258788425747285
16.66036875503732	1.3399649028309557	-5.505803087095693	-2.835152817682685	-6.348579355065581
19.66337520995697	-2.3620967668429693	-3.605029390020685	-4.384271721837961	0
15.038590377258911	2.527236516112885	-4.527006229578872	1.5716370853175996	0
13.914716589883238	0	-7.750892135365062	5.7380167444879735	0
10.258024013119208	0	-9.17041299226687	9.829270443717004	0
15.153974787423122	-.2213223382226175	-14.865053600436143	10.962835123335235	0
14.013145268580471	-1.2379972645660828	-13.710854632138535	1.9146757103839835	7.804708930772259
13.770744840251387	-2.47983881795557	-12.660424698335596	6.0488679940660655	3.9780143444079346
14.58730287664094	0	-10.968921104138888	5.845963903923803	1.8423247326591685
10.180514542898342	-1.5255967127781338	-11.770937070841736	1.3903514413346278	7.010996216396327
15.24931996006164	2.3662371910090467	-2.0676415035422275	6.109517390753936	0
13.566396070002538	-1.4831190301024795	-4.855016470481917	-.37297005210157597	0
17.557080126318557	1.5220891236877452	-3.314376148928859	0	.4549391084062795
15.666453192840255	6.102157025576156	0	.5235671199054055	0
14.650615396613162	6.016715125913896	2.084290295534394	2.800175261894589	0
14.360254796193718	3.1273059465444426	-5.626878571935479	0	0
15.254838277182998	-3.0507973957254086	-8.302276403720631	4.628757245524705	1.2500386554628178
13.575788229291204	-.4365240328759097	-14.25115920799497	11.693307755760918	6.041440317332571
12.661748495559621	-1.2925173039126068	-10.779747439622922	6.644344460788626	1.3542706648110518
13.569081081374616	0	-10.653292047793398	7.269037216690447	.4755811312788521
9.730670097353581	0	-7.255776511472998	4.197889878221704	0
8.054096961842706	0	-12.050793189247493	8.664224830003263	-1.7213429080974523
11.877382362138917	3.124472566416296	-14.446605980740962	4.972161858651203	.9417104058339894
16.631779760042978	0	-17.44381031913371	-3.1446481138254	0
15.094838972674063	0	-7.1696926302019905	0	-6.825269415648132
14.134908377049738	2.2134879354307335	-8.191886413554371	0	-5.220508852705475
16.40256887947057	1.4017874612899894	-5.897590128325701	6.421374405029427	6.098251477413668
13.596367927064305	4.353368982702544	-2.4152026463287406	3.125862969565059	.26284107656247757
14.597188235367557	1.204013551081807	-2.4398939794416217	0	-1.7350102883620795
13.165602773454909	3.867317919330765	-5.435544708538697	7.1393505534267705	0
13.494305998608267	4.792533304155926	-4.75830019037443	4.418751617834214	2.237346008461648
9.993029750844684	7.384347734197864	-3.456315266186828	7.84824872787155	1.4651578943441521
10.262647294600239	6.479657314232329	-2.668783333044302	.3148280509768575	-3.0818522169948257
5.956966916010233	5.595567005421865	-1.2084604113438224	7.0317687453825855	0
6.243689649208873	6.339419193410733	1.1757402122233915	9.233070487273887	0
5.185512169615427	5.4005793462249505	1.3240183212964802	2.192192761218763	1.9301408090380443
6.430030407394931	7.878043874917111	1.8555139634778572	1.524224693234998	-2.7857082184653814
17.05282881297218	6.773317042148635	3.6354186437851514	-4.820409392117002	0
14.827885616979957	12.365178025349529	8.16249872754427	0	0
10.381777080024369	14.225705991010427	9.792873384559895	5.171448254828206	0
7.2705107713777055	12.271899462665557	0	12.309039189898531	.5595627985077576
5.336193323141736	14.052652960088182	-1.5923137984070495	5.194467277092034	0
8.93931958090617	8.427256986208608	0	3.6999372668459034	-3.9721097313020755
9.034731104610081	5.025397763962481	1.897433699708504	.2974874790235398	.026688920322933463
3.8924243043332263	12.293771338790938	0	0	1.409100985325062
9.114119257818878	14.71928280000786	0	0	-1.5371402781615189
14.816232142142765	9.481626077256239	2.169212853417374	.5592227899179426	-3.979576159521283
10.279666849636559	11.018535008746657	-1.3953513581787516	0	3.61466600783749
8.980980351165728	9.964530657443351	-3.3634918506752127	.48329013216401157	.07854595072044845
14.304382791922514	9.242271649017932	-6.109389873061666	-2.3323753555777955	-2.0542584126901025
10.401687236451826	10.85430432048746	-4.975154840075039	0	-6.370108770375397
13.261170940453262	9.186493913570672	.299850948940889	-1.1159788990935489	-9.297986039025886
7.262632370157718	10.841716888493263	1.3561668461838585	0	-10.077753413614177
9.770833239444828	10.67721450966183	1.2231843978035133	3.0697217691576784	-4.385013876374689
14.61706262284673	8.706442037215787	3.986459286164871	-3.902948598214622	-13.803525871182941
9.592432034546814	6.9536644694484275	0	0	-10.319730509029414
8.219450618887738	7.428396767883332	0	-1.266272654848517	-19.407245770474482
7.376051295621235	1.5469379933338536	-1.4892177638759359	5.733029738038319	-24.114277173479287
9.367943295834271	0	-7.189287670435213	2.57885033453284	-9.680628115897271
5.464055568489329	-1.6800736746323488	-11.892127296486464	4.95151478277636	-16.02692564327279
0	0	-10.314105250314862	4.054690998290406	-18.048279855105065
11.447617881201172	0	-12.687964020181381	3.4219485135593817	-6.447719879414911
12.633830843489323	0	-12.953123791661659	8.266347629064121	-3.9749052516024554
10.897594316042785	0	-14.984788732051253	6.7138703254774255	-6.369997996292105
6.663493339680594	11.60860147004375	-3.3624422964428007	-.2268982533532259	0
0	7.634624195751567	-6.974999044049918	2.4600071868389093	1.0606409982070175
-.8180939364642268	6.869105652984681	-5.0234027146773865	-3.690650032441564	-3.4242740394836444
0	5.841853544348594	-2.714219282245284	.3415090908242531	-1.6713353852149369
5.605998733485383	5.606115070714257	0	6.251739903561956	-4.305473841656598
4.7195981256166295	10.01234511610201	1.4287638077464966	2.46846037374418	1.394893475313106
0	7.370806158152901	0	3.534664680906162	0
2.5747053580107977	7.698600158134494	1.0887844068780284	0	.629527006123027
4.40772180631347	3.315910484588686	-4.1818982082550225	0	-1.226137843825468
5.7437638763393934	-4.599745243022888	-2.7516095983716853	.9936487888631131	-.5820706879607956
-.5638881997225029	-3.6407137293068286	-3.03125994219246	1.5116983626384575	2.600691082158724
1.760236300600831	-5.103618527274298	-4.070003784657208	.044894195280275107	-8.891706326279824
2.991932501997545	3.1859695374411774	.33480506309993185	6.181853348870733	-2.845736072726406
0	2.2880849970689674	.7722646112668288	7.138457184294249	0
-.6766793661849765	2.678589610760201	.7028788114365627	1.9585342495447384	-3.195045853887487
2.514128021535099	-.8878872346950379	1.0835911308278214	2.297562967058349	-3.271820238641623
0	1.4086125324171332	-.2312642214673842	.8324031740459317	.6795550995290074
.46710301734364007	3.198658691194427	-5.400193496781979	1.5985097091089533	-2.194677299701792
-.3814903888343638	6.284565282524064	-3.522064724017175	3.7251015230613302	1.0598834696468726
0	4.127275840563857	1.3401880379251288	-3.351533652575335	-6.192501352217619
-4.241976900111111	6.159226049297567	4.702441757733344	0	-3.4611114987154696
1.22087890998998	7.106787670121199	2.8797724256486066	1.8425258480296174	-3.9696247841189716
1.919399516818548	12.171777377611114	0	.8811932682380712	-2.4238195748089506
14.04461150401846	9.914014077729075	-2.0293205884294006	-7.980768668006055	2.2928051906118863
11.23697946822334	7.9850562109460785	-5.489416955412798	-2.9687963628088054	-6.615528757048943
10.886407057406126	5.496476754216911	-3.225051639825831	2.087087654824856	-2.755403302938883
10.62740424995563	5.044971656626427	-4.355363527172925	1.951169696612083	0
6.517301181383065	0	-1.5139165733675755	.853225040234504	-3.615021612396175
10.01222336084004	0	-2.525838353855924	2.8606622215709225	-5.817115830011026
6.098295032942251	0	1.83576600485324	.7478155822249848	1.787035302637787
15.435824605352307	4.946245214577024	0	0	.6733453305899944
17.536800679600304	6.90252491918826	0	0	0
13.029016630248302	5.762565006918646	0	.3204034920350035	-4.417349436758717
14.384883270907237	5.654101467600991	-3.525092064900756	0	-.1925295851302234
14.402993838565491	5.33760686760373	-6.712067188758742	4.556246066710842	6.952831228671401
12.578542160773095	8.420456855084309	-6.839714147458864	0	9.441724026421456
9.796775242793908	.7046198952686566	-13.297473484473715	.9582031847316972	3.8658624739451057
14.179019943516666	0	-9.408325511000104	5.249086625806463	-2.6833441855947364
12.266208782709342	-1.0361421189677438	-7.265551388248554	0	-10.522616021586552
14.47347793476246	0	-14.779896785300558	2.4236843088664943	-4.097542920427211
12.489240855075645	-.2725171458032043	-11.739256332407017	3.4181869659314117	-4.502420330596491
10.278247290366496	-.4989327855689407	-12.42704767916347	9.255513780004112	0
10.440230316060214	1.9476854734843667	-12.436939606712992	2.015958303381142	0
7.628412503787605	-.7656504275181679	-9.35577445824553	4.7770896473313815	-2.6679137130773114
9.157676222329517	0	-14.455682146122058	8.269967337486179	5.5749040218645485
8.994855619707739	2.229151322649668	-13.22863405533513	8.231607908246687	0
13.379803358727965	0	-6.91418551733589	0	-.2120741185304107
12.177023793171607	0	-6.011130602545783	5.506259058907278	-9.293190400977238
14.451361344848928	0	-7.973617948594145	2.9302191657364047	-.38656704251939855
12.191345465667894	0	-7.480459555024737	6.0019013386611695	-2.0235929041245098
12.286514549764629	-.09290230525456533	-6.22100838125167	7.0530740039871525	0
9.354835811692006	0	-3.5512481826423254	13.907195987040534	0
9.424118265496878	0	3.86255152972788	20.557264671502804	-7.610964668400403
8.180848682438066	2.6152016965883096	7.087189020993243	15.216013724316166	-6.342070260592886
9.193862579927087	3.9382816051746223	11.674401450151594	12.132244486877417	-6.679125328471147
12.457502989596609	7.56844284483539	16.6135844302231	16.793845331609077	-2.8096345955538604
12.638080357617783	8.527050584599586	14.389409262757923	16.422921453363486	2.799775190162127
11.573379542433273	9.098301853937713	14.575893168239546	14.20818799754867	0
13.438312613755937	10.712807786582346	14.287144819357236	8.273211386939355	5.311093913559293
12.370559119486598	7.35837033342465	12.613363696648475	14.065187192314	3.9871643518354705
16.304141609590456	6.459878798873156	11.504597738325582	6.790693619081453	10.497988361773158
16.758589034219572	7.242951011481861	12.58246691988101	0	14.503972409300863
15.798900662003396	8.422590052836547	11.67592143220638	5.53906881896172	4.943531492694495
9.476630490739794	9.99171412233836	12.709937588524348	7.715112152594322	9.882046624854148
20.076390226892517	10.416238500884623	14.93325742610711	-.6514992663043291	7.6490376370125315
17.392695438116263	6.354438224839404	14.098900987417466	0	0
18.598055287273226	1.0697056466235375	10.673058143594014	-3.770862659607154	-.6612759113516442
19.063581465779205	1.2057693402313678	10.530855422120009	-2.1759598037411005	-8.318382090533182
17.187645220748838	0	9.008252843692079	0	-8.09052560339331
16.185013996148115	1.3774261124087817	.9942792224026965	0	-6.011752845730416
18.358056980180887	-3.2912248482395743	-.2608823463582873	-3.184819796295576	-8.86686841407819
20.192834681207923	-2.973475413160277	4.257297437143811	0	-5.804210818633721
16.79894339479024	2.1123127884665354	4.720738424629294	6.9190502892227155	-6.256111267830464
14.790229968536675	0	5.849423655363882	15.630744901548058	-15.138569228734497
16.27167229703393	2.8189130425641507	5.371246562781162	4.269656665173843	-3.693168732828906
16.307905828264236	4.975252481911108	7.406738126509209	0	-3.5926096624127757
16.439736307750106	2.4894671594289	-.7388017402588061	2.5406588069588083	.9672293839025807
18.770889563826263	.14645275582495315	.4433317372638861	-6.15055448762142	-.5274634140213057
20.555357739821577	-.09054267850448716	0	1.5747375143629916	0
20.37975870816144	0	0	-2.6273713956126623	-1.7716019947158668
20.2324924523558	0	-1.015845829692982	.9938727378689575	2.1083871941523373
18.235740366069322	0	-5.491054479234376	2.8245464718910447	3.2427087338728198
13.869952583136783	-.2559115743125019	-7.1246782487686415	5.689533679671921	6.055527661588991
12.739657124830881	-.46775621838632486	-3.9524823935317563	13.505537613786263	0
13.533038052014623	0	-1.213744076921989	11.6988339596835	0
12.68460192681123	1.2955557380636913	1.7404249393417048	10.91467067502957	.9896987046781588
9.722033785278912	2.6837776525141828	8.620093400695554	11.580483452019257	-.22256968274821165
4.767555347497534	0	3.5185373368844113	9.246176003536117	2.4997940149696203
-1.3449799371408484	.6324125153942112	4.543007200651029	3.8658857906732846	1.9600091056330502
-1.84065833445691	-2.73685812141625	.42220766166795354	-2.2314140888976843	1.45274560472045
4.508380568739716	-1.9830208895783443	2.400304801626355	4.075804933469147	0
3.518030742962325	-4.468484209424021	2.726731384073382	-1.6667114488453363	1.4395220022809532
5.654570838439993	-3.0917360597183636	0	0	0
3.5466641340633376	-2.275393219765577	3.051032025281558	3.6005294174209994	-2.040363874276365
2.965352391355827	1.6001019601390547	3.6194782766504074	2.037306939643924	-1.341416779117816
.771567873352369	-1.2603169081187735	0	6.54142087462204	5.331084210161186
3.282687709104794	-1.8016708259320355	-.03512981649905944	-1.8964331876973288	-1.667126254067992
0	5.365019850726922	.5474563090294033	2.133132875708458	-1.1490936680174302
5.139598168744024	8.408805560433338	.37301149175767395	5.051688830817865	3.268655352481262
1.3628989591899465	4.581500940439331	-1.2117183048998357	3.071614670941226	0
0	7.688166379076016	0	0	-3.6882199673646427
1.543522999923812	5.99046473543439	-2.097716027101842	1.348644873860112	-.4671595538634843
-.05181722540459566	.9330092108234874	-1.9772972043016124	-.010121367617670018	.21667653978858947
5.277356101901172	2.6262430902250395	-4.418578483259155	-1.9030441423771614	0
0	0	-1.819393186778004	0	-3.1202786771870756
8.474949578529024	2.1772274437603634	-.5486434826718849	0	-.06088071346119395
11.505116970158797	5.386900326632448	-.9378157917092684	.8072748409817909	0
15.875659117282202	7.626476764742734	1.8631313861783774	0	.473101035917028
11.83155335175898	5.284989885867482	0	5.652585893181462	.4224239644733408
13.03586094603801	2.4615865421297176	.32941073998077375	5.449873879757019	-1.9028140502502109
14.03862572304325	4.607038093081097	.45979123429568103	11.155863097716857	-.7477511960827015
9.66235778045516	6.641438696388611	-1.5404303332467262	16.016883667421077	11.105645085434425
11.230887544485682	8.778559439477629	0	10.983479314226784	6.582426093855965
10.891202443806378	7.050854538963421	0	6.834270868478206	1.0636352862407263
10.607573691574688	6.345808536987566	-1.0432367661962982	3.995675774796125	0
10.757653497112956	4.595151390643943	-.5764919876403263	4.94158164874315	0
10.880163360682937	2.715735230201817	-.586431356330567	4.952852693175399	-5.621399562519029
5.932664520824389	2.8000247843981487	-2.566501039308555	-2.16325172151336	-.09871496666367485
5.549367477146239	0	-2.790816988523556	12.471174237834397	2.692686482069853
5.667043729224715	1.6475790037526763	-.11573850295247312	6.463366148762319	9.428692768622675
0	0	-2.634664357098373	8.083213082325758	1.080713684258974
.26205175147006	-.7570112016348027	-1.3261616212887049	5.107042724098534	.34658565941919706
4.45491826447447	-1.817590447106626	-2.571085205495741	4.1979212365760565	-.812907061906621
0	0	0	1.7404912793695626	2.053525365875075
3.2509165694950433	2.242136629742094	5.535197375096789	0	-2.5311317497921597
-1.8626826160170156	2.2557929543266106	2.541177935243569	3.8848350583816846	1.540061140218122
0	3.2015074319380896	.9493471519052471	1.4748252790214957	-2.622327702672701
-.07776758322132676	4.095089083727781	-1.2573688023839096	1.6048129340999495	-.6883699218226038
0	1.3665208063802639	-.9621197019892183	2.394665742185246	.4911277205178419
.32930068900335346	3.011182624226739	-6.376395548555011	2.766793915623041	3.3563720528360057
1.3194035186375053	1.0279034084110399	-3.206364507013401	-6.76399642030498	-3.1980333756710584
2.2111545690783156	2.966265743146913	-3.4578733622882463	2.3042250818382763	-1.769076571694415
-1.8399793970810432	8.95794012421879	2.790724005869129	6.0497345139573016	-3.404760771209875
.7032554922587989	8.004661672365561	1.5428496429740504	.14319218125413702	-4.335978346056548
9.181205118172814	10.496916124916783	1.0640935802128724	7.048719306304345	-2.7395797078017647
5.604286879886998	15.49292077390574	-1.639964092732178	11.226520642634107	.02323190540821507
3.045734946486921	14.503210855557768	-.7696082532500514	9.006708421908067	.28142753150262934
5.379895862205158	14.236011832478937	-5.447297658663459	7.908273975543365	0
7.302108748660739	11.017805718454245	-7.122865513523118	7.916679628782156	0
4.923328704264315	14.828813349816746	-5.752457000439981	11.040196344191354	5.598297113750746
8.826847024646186	14.448116382226921	-5.092800722208537	4.139751917947702	5.185112767064828
7.636213555369661	9.919917871854464	-6.395983469168086	0	2.443864982581812
9.739567427571917	10.989407242735554	-2.3032725611391145	0	-2.461907399911966
12.86875874347501	9.864370334267408	-5.534410593993002	0	0
10.134785151673901	9.310044766687103	-6.249247324740265	0	0
12.867432188636952	11.206745130910912	-6.293548775154361	0	0
10.413703712583652	8.209403407760231	-9.503224610396808	.8661514243230392	0
11.365332496398805	8.63304131140105	-11.485558836622403	4.69510499229489	0
8.442611910432104	9.359874198859984	-6.5168961619706245	.1547669107104579	3.0036905401805862
9.125562527054287	8.85618443170174	-10.253747172463425	3.6429857141819806	-.9559265924538503
12.727848603489441	3.827072253788857	-13.093947892218875	-3.455366518803393	0
12.420538648032268	0	-14.293967634387368	6.192369795387287	-5.494569526076775
4.369173741485725	0	-12.536620383853826	15.151349133061029	-19.551401596099748
6.039964914094175	0	-11.782253784405022	11.786691823623439	-10.81807499963425
11.425153439432714	1.6898085724101337	-7.710272420474847	8.725885785902348	-.8979926893760584
7.354000572483199	.12717666616767742	-4.9910786214951255	9.637261829835868	-2.4373286868154445
8.998530633182243	3.566733605994585	-4.061806030094066	5.273054794363093	-3.676688505647202
8.552304532392075	6.9872032523847025	-1.4638277857537265	4.548605635856207	5.508018508199244
8.806470789988587	6.284541149341251	2.8169755907698577	0	-4.107699395570932
12.047954589045933	4.043451912874949	-1.436014504316113	0	-4.427774612873889
10.833211791804404	5.333109953057396	-2.3610330334314766	-.8974777383959717	1.3646646410676384
10.207076682699473	4.359502279462893	-3.6344001749713737	0	0
9.338651510500398	5.576407567156362	-3.8416870124395412	-.10296487898009474	1.2869905865708857
5.881223535352113	1.342894847020275	0	3.8130538452649967	-2.148629668456524
0	1.0758759985984934	0	6.6340526834209035	2.992447507934382
2.067365861636203	3.5390190076233705	-.4982533960315645	8.11461884619957	0
0	.3034921403465445	-1.0084717223558317	0	1.5136130100546275
3.3669367308210956	3.221242186460713	0	0	0
.07211245671075042	.5739067144810766	.3079238438756824	2.371497911255606	-2.350587846044217
3.726923832103201	1.6978474481108572	0	6.136344403803004	.5152238751412721
2.247405766832174	.3430781784177652	3.9866194295154975	.7150960350253223	-2.9505863323127253
0	.07020765677270821	-.307543285824251	3.033625573042777	.9638972886862978
4.493209108877215	-3.179851820713832	-.5959477568766993	-.15865489143796263	-2.789636696557575
1.3773623371288615	0	-.03444229429064494	4.019005667891602	-5.813860409493245
2.1807108049242183	-5.34774879899935	-2.508969568661329	-.7563505748605907	0
0	.037964000748265225	2.5407968637069196	2.4249525745084943	-5.259538806275735
-.1791409803230743	2.7691131774893534	-.7233565183344862	3.4035509637022083	0
-1.2653607374378828	6.396691711967377	0	0	0
0	2.8178711708991915	0	0	1.0883463651754546
0	3.2650213206597116	-2.098684592917368	5.418938023119836	-3.141524331689632
4.448412842301363	3.6781199535309543	0	4.414384069795563	-5.413459438968163
4.093528601986258	3.6173007099129495	-.38088064443919634	3.608979250136346	-2.4220494717906673
5.7674226689393775	4.714948170353557	-2.218515564232249	6.148637630499001	6.1212575016432655
8.956320509978774	1.4084700121853704	-5.835995091196689	4.717878500951624	1.6358033705137636
13.894249741853656	3.0398500846693604	-3.5325320176700234	.5822070416357548	-4.386961716769885
7.803513779961946	4.8160277261658235	.9763504715343585	.631528693173103	-5.380024111831672
12.431366427074586	.6641683399948748	-1.633039674464612	1.4342478181425558	-6.445643454839594
6.744899733021447	-2.700940148928523	-9.10248528257097	16.026990489451236	0
5.847651834100258	-4.377171959983236	-9.162177596582053	17.462519870950466	-4.112268351420811
10.760372333255274	-.6744993455126655	-9.684151227245952	17.556836436594196	5.013070837018323
9.9546595962332	-3.662607809429852	-10.764066763437244	13.393660111919505	0
9.688631135531814	.076003982867614	-8.984850373615874	20.222396040684245	2.4287619775252374
5.269884422686935	-2.9862225225110013	-10.68965347200373	25.87507324697474	2.060282927555983
4.216552929120128	-3.4707188752255327	-7.153523174931595	22.640061300482238	-3.646925450780664
7.237250607648064	-1.0667512078321488	-5.847769045374849	15.700723746952512	-1.8774244770739157
9.422523064910594	0	-11.585558671372981	15.375299001391118	4.139717715260138
8.578354111285595	3.1066123377678525	-11.052907953422363	10.963856992708948	-1.7869781936967923
11.700355863857972	0	-7.573602744572526	7.891836142339349	-.5860545565509852
7.36591681568229	.700089156116696	-9.59798842833457	11.862920010736165	-.6565006857757634
13.176567009409867	-.9810248237198225	-7.861016455768903	7.8786913045708555	.7621598508536285
13.859193602805925	-1.096882346776507	-11.498055040361972	5.334242087995515	-4.515819066700238
15.013428242871315	0	-11.287948985690772	.9936685593686692	1.8178416198108125
16.181422867810777	0	-10.896693404841184	4.881679694709785	3.682265652112742
13.845281500171405	0	-13.710936646437329	4.943477749860661	5.031219526029958
12.695269172696994	1.785973284160978	-11.683672851741797	3.4751540639550496	3.077361006900868
10.541327827998275	0	-5.115283534909036	-.08760501479022109	0
8.043012113632852	0	-6.103727099952852	0	0
9.708588584289082	.7884027249335699	-4.379594375095434	.18916346235817727	-1.428511803975365
7.107669955845704	-.021075345577285853	-5.964982740362341	8.223981506278218	-3.544816941103354
11.533238542448002	0	-7.906259587016312	4.794924071297517	0
14.234576152530359	-.2746762826387213	-8.112524762627213	4.095149502592921	3.0554991507773135
10.696904087550555	0	-1.0961713312504722	2.798273954128592	1.0049533491086842
11.080828831880366	2.112838299692943	2.6145314315723613	.13671524253982925	0
5.572096059365026	3.4290184128664984	2.511228005006182	1.5697749294865964	0
9.589594759807001	0	0	0	0
13.587561165693716	-1.1626013968593805	-1.8585223767953312	3.8634120009362567	0
12.884247466702236	.4324376310789978	0	5.587239037097956	3.511099964779843
15.43658090600124	1.635028956102464	0	4.547602581536304	0
13.063795095738824	3.4739950072085337	-4.029594980591675	11.488542411518907	0
13.473229460445458	1.114082558729223	-6.572176330571078	5.075967524381891	3.616897103883771
14.8917183382849	3.513617668645502	-4.117117642139202	3.8902575610621635	.021921604705722297
14.245727518955837	5.176716127758891	1.22919500125769	2.286637101432591	2.5900874315524693
7.841616515996315	-.38140367561387184	-2.8719037127903735	13.237072819437103	-5.939773257531711
13.3628558314002	-2.251775713447417	0	9.150000169062578	-10.711901387090052
12.891332405732298	0	-2.7685205423909527	8.586183941239401	-6.973614496091758
9.784640021475393	-.44558548254095365	1.0880717753789746	8.30869569307936	1.4156712976658254
13.12502534093835	-.013621802179796472	.32449741278684496	12.171805958863224	.8354750694074807
8.058235238629774	1.6995883592666916	1.5634186528530252	11.692298197621714	5.688268495434045
7.011414676749016	4.177615078191176	3.312858519711991	11.674201049045971	2.8150777001287146
10.01149335507795	-1.72707622668184	-.2759524896953752	6.957398979959387	0
14.561749797186808	0	-7.079725276644193	5.7029547023355045	0
13.44343267970204	.15512463676806076	-1.9036161771388538	2.751698277578928	0
1.1045518007836848	-1.8905235205107065	1.9102082952866273	3.249389404192117	-10.478796606957792
5.718528136498637	-1.3060414534792884	6.978099481462776	10.605750612576545	-9.41060031975573
9.851245264342518	8.168494670154487	8.492972566759306	13.361466616999666	1.379272590156423
13.462095232818797	3.737047369814672	0	7.631500597490985	.38166709208198446
11.474325350443086	3.1022282993479693	2.0614879652258895	6.518955095075165	0
13.096379661679224	-2.690979554134291	-.09718749325088805	7.310342769681866	-4.7828549125110715
14.84128965884149	4.420459918298074	0	4.645963813279669	-2.7550137683791767
10.709426804178404	4.90040890953273	-.1651077429727419	7.97048015284955	.5991410208903212
15.975897583320618	4.865366598864688	5.633216222059672	1.7170073781776756	-2.556966097489172
15.566003376299365	2.310190172956311	3.65620042402957	4.4291231130814355	-.5887297993277671
15.441430253823382	0	-3.3794770892550843	7.665014608356781	3.414568389700703
17.95258471265684	0	4.095698240896428	4.229749436030864	-1.813920810499484
11.137854410986488	0	0	11.661294035059168	0
18.65539076910289	0	0	12.816486708089904	-2.7844359711750117
13.189287230093095	-1.9249341579434396	0	12.843105277663003	0
11.994179622571444	-5.039432032613517	-3.6771267083544883	12.859959501744404	-2.905134793587488
14.457545305084663	0	0	16.2288138868865	2.9260761275528577
8.556601396814974	0	0	17.7142417705973	2.7002472777195647
7.482676421038924	.8481027190780906	0	26.100093397299656	-1.3158985372196415
13.057577622753247	1.4822156174857357	1.9720513522923837	17.582986326231634	0
11.739790000572867	6.238115333490988	0	11.924930495172756	4.648368028639228
13.009357031929415	.3385110857733834	0	8.840311065096602	.025565209780086473
16.726049815818655	-1.5674027149389445	-1.2659573368776689	3.638015856804059	-2.941627465904386
20.229718885559873	-8.385951920160142	-5.372024287870438	6.129827276685006	-14.830344927113634
18.503331045671686	-12.916720658692885	-5.110985046799488	7.807906960568527	-14.639151297663508
17.654287065634744	-11.616324808750479	-13.228129337785752	3.912247902059973	-10.00917896886491
16.38367676965494	-8.093015915583166	-7.605951289824605	6.625419625051429	-7.20240306969918
16.621145208525125	-7.514379008186387	-7.420088709859971	12.228454745562267	-6.075219262549336
17.217464948143196	-8.265211270878527	-6.24578963645463	7.425936185513762	-2.231819526742885
16.48337954138914	-8.135058899526978	-7.233908065789102	4.616563436029031	-4.757315292989956
16.667348107513636	-5.210893351650488	-3.2454482815523304	3.19348004594346	-2.6035238294717176
17.183014727885773	-4.875471521917555	-5.166761671473014	3.733066831153617	-2.695802777051636
18.069176227398557	-2.1392025278134805	.7116298246631344	4.357651794741295	1.585078740484316
17.93348173473607	-.5968141538377166	0	4.352799714738846	2.150858022246363
17.88084231068462	0	0	4.706710161444962	-1.346978772396041
16.06030023406419	.4103074420954209	.8968998941625231	6.056446465716009	0
19.37126742464005	0	0	5.454731977994872	0
16.8748786834813	-2.6447350294724172	-2.590178785080932	10.761868706911203	0
16.179164756510783	-1.296769505560215	-1.3564792674359014	12.207398128156532	-4.308915630098145
15.268471643676513	-1.1840943000378983	0	5.494909332851112	-12.18534676586626
18.92969013634674	0	-.9238909559907262	.7837380212669752	-6.19340238581489
17.090301150070268	0	0	-5.724621824814676	-4.697202176055273
21.54055641241546	1.445257071254142	-.40553507404943007	-9.0545776788493	-1.6884739685612211
20.81529915456222	4.304728845684762	-2.253597589978021	-5.294559946829917	0
19.275244061934167	6.3232886106165145	0	-8.976994395412822	-4.90790874839734
12.02334843875699	7.620562732148113	0	7.445892013945214	-.5742068173583976
8.966459034350777	4.309496938238692	-1.8287545259721187	11.98711547571581	.5548173472377145
8.862865197290656	4.118497757643025	-3.272985087859775	5.53417420758089	0
8.973084176869655	4.4155526805847245	-.6712913220095001	11.244724973329692	1.145451762687813
4.201843076547907	0	-.2861872819051868	7.367631990994836	-3.3051893558222165
9.706642609656484	0	-1.245554662316423	8.991569630501106	2.421445501435308
12.02390801729919	1.2359770183046395	-3.7095018365972874	6.185220571863662	-.21400531978984605
12.653744754739167	.4825881895220656	-1.524930831962838	9.35591842590771	-2.190569922112341
11.975835691092156	.056866096548309486	-3.272890801944925	8.625182622749701	-4.08882060009675
9.371660886911332	5.878355009841295	-.008413008406721767	9.312308563562855	1.0916688487522945
9.321490239709414	8.096265567466357	5.410157707860877	11.531776541530242	.6981885674721469
5.030537515307152	13.148417264656866	4.9316885225426645	18.824409609961283	4.981674028286257
5.625393040902885	8.938736420193953	.31543116741227983	23.981318020130672	0
7.473653760910314	-1.1719009059369783	-11.908355356368327	11.689975759138793	2.2965458857653287
7.921791748740323	3.380949349384009	-3.107929105922127	7.77207979114751	-.6596651301899336
8.067464651465645	5.009767568107503	0	8.983027981855757	-1.281356469800265
12.60220701320123	4.081290724384494	0	8.954442843290577	-.243303887973376
7.467950574039477	3.8621031555528655	-.20886921333912567	5.992232331840155	0
15.221550741495676	3.7291675900088546	.21162112242062342	-.47514482598699176	0
18.569903619633614	3.8692163217703888	-1.8125533714929722	-1.1850855676132541	-1.3906205951200448
16.19522652216958	-.9028885634112833	-6.291242900920652	2.456822033182418	0
10.399202853614334	-1.5936057750451476	-6.379706057916676	6.5291056093886315	-3.185360587964839
6.6455729389729115	-1.1619771629811866	-6.1326089912105495	5.956320080328631	-5.941869003899063
9.428069960849609	0	-2.223625521100831	9.378849181329532	.5114374158234647
7.355185358188382	.9442477691408164	0	7.150355204862865	2.323782307426962
5.091519673964812	0	0	17.18056045202365	4.08695902400482
10.526170507593474	2.2798730040744264	-.543729366818738	19.196455588724877	9.391869713563862
10.099432541588158	0	-.9606944522301408	17.71661919666283	.9875967738114007
9.72709840680183	0	0	15.972825168746956	-3.129157738715642
11.460537375638893	.9769648689969683	.12039385626746849	12.6112502508161	-4.742475852750583
6.445535174080174	-.9501410422107295	-3.5866004918312377	10.9532795067649	0
11.860404617363521	1.0718385752650088	0	10.13986370733464	0
11.501578581606186	0	-2.286890863537904	12.868675271122546	-3.8518074855333704
10.699963785533356	0	-2.6712775171686967	7.445877269774505	-5.9042472120303575
12.211038772062938	-.6747741405476856	-2.253057001280903	8.479470056150232	-3.884625395247057
13.132024568787669	3.7455191487258785	3.663012865712504	4.830171683059707	-2.8423332876475174
16.500987932577253	2.744027540909482	2.3723664371994766	0	0
16.797182897787938	5.632787506367316	0	-.19557261283423122	8.600171798767864
20.464772460625692	9.586436343621232	0	-3.5337922650275604	12.26433318481521
16.476637382907786	6.623712898693282	-3.7176405114066156	-.9002795413225311	.17658657628823837
12.335806365067874	8.376699294298481	-4.761728869517098	2.150114077643837	0
11.808588515107667	7.007570116526829	-1.0272101293798441	3.7851243568523674	0
9.456291761444152	10.245229768267075	0	7.174004121496356	0
10.04390445356909	8.506388833451483	-3.4003430626812134	2.6059197761010475	0
4.310157049376697	2.759431354682698	0	.4705407970539126	0
3.6318281778762316	1.5218611715019459	-.6243372051318637	-3.2636928281594058	0
2.06522521144202	5.729095219284853	0	0	-3.934493363136
.27183253949623454	10.779600657995756	2.1049286495532193	-.5227940218514342	-1.587131990301678
0	10.377099470805309	-3.9988231885340575	6.682453343709796	-.7363390977049716
.5602875979802617	8.477597138662501	-1.636303244483862	5.131826215437819	-1.601508547937868
1.4237281971261975	11.3575318873849	-2.8500160620543995	4.275124272029985	-8.358530082137767
7.375950335676985	8.845963403899919	.16116315639600787	.00757661341258653	-12.943046870862569
8.20438011424977	4.8372169280080834	-1.924233522465775	2.5409283195734753	0
9.594023136784418	0	-3.599204487611898	-4.133378936688612	-1.2088053075155996
6.2251894869619555	-1.7432496451404795	-6.2469897029668005	0	-1.0784648509424808
1.0057418334909949	-3.6110147851523537	.04015620520230945	-.3478573131694969	-4.830652036853697
2.6281169928882564	1.9114114177067318	-2.2906963684617647	0	2.1953461855661973
2.755183425500933	2.354405789822595	0	-.38574315567702866	-3.9107752267614906
4.459677323364939	1.6069999786915987	.0759004019433179	.3340468335571036	1.889410926369127
7.272187574683485	3.0303758284989204	.06954862098209386	0	-.8561403503050142
6.064815455036114	3.742098259645035	4.37980652006266	-1.4150089276663305	6.126094028549923
4.177766573582746	2.0689042456407294	0	0	0
1.4439244370000532	0	-.822977311440652	1.9755590834909804	-3.602439951695969
3.691702683165616	2.75969254663008	0	2.7457836180544053	.3497911838415257
3.3797432015467934	0	.5525474358240056	-2.89400741119065	-2.1851135746373798
.46763889039840445	4.817799051111467	2.97831498321416	-.6425158998523095	-4.307522346649662
-3.5627958330086544	0	-2.9491578922502244	0	.14090800270762394
1.2138012619422107	0	-1.8356650827642083	1.8777307757539352	-1.121334479103799
-2.2904432321178345	3.365192160547222	2.195006664272599	-1.7088012076814332	-2.6605465574742806
6.0819531497213095	-1.1522406175854774	-3.8078233792712313	5.389039908548589	1.761177791082004
8.117825534098685	.8608171353533776	-4.647007731247472	0	0
6.324162231654474	4.948702167573606	-3.505444673779306	0	-4.698432116690741
4.0664329320039565	1.5432836618184882	-6.780209677947603	6.25034257822022	-6.552246129402033
5.420350531231648	.4050893188157607	-6.596105197951043	0	-3.649533624051866
-5.157959178462693	0	-3.800717045543652	2.4650145016796285	-.9894852548549353
-5.853427933876568	-7.275620057243493	-5.418034349132078	0	0
0	0	-.16156461807273237	-8.545426747641299	-2.967529015880676
-.2317947520931245	.9502722093352162	-.6618217055308658	.1241716307748304	-6.5844940359214625
2.2770297528606256	1.8310523783085475	-2.5755367105713662	0	-.9606607630616576
2.0038878728748384	2.3957474699090544	1.2873220954125355	-1.021830398548257	-1.659825983600395
0	.43325524530369786	-1.8750136013521859	.014216527877039087	-1.252764936823434
-2.4402655036347563	2.3579380491325552	2.0662114246578422	-1.0065438731835497	-1.2077542107053179
4.341110410817463	2.774656856846612	-.9192102090841692	-2.036342099515106	0
5.689940745350895	1.023933404665042	-5.9749575954364555	0	-4.020370918223439
6.193200999124872	3.187670085060312	-6.775249373810054	0	6.606154169405389
8.841418703396055	5.920669419518737	-3.343189969071333	7.835112046387385	-6.823477278192047
8.817278944532026	4.993693621292328	-5.823676212008771	10.80392898696481	0
5.008508837966769	4.77949313407308	-8.281458283626723	11.166487007216901	-.9045997548408583
6.365443808246756	3.4528966446065246	-6.1353374519901775	15.797708802480635	-10.995668022852298
4.301008557621463	4.724984408271664	-5.187852750767244	15.122190910582766	-11.327587308709605
3.2277887678057438	5.799367507854404	-6.272256676210304	15.389346054166246	-5.410132261744518
5.469019467528249	5.883458828786893	-8.787560300085376	10.595435560631628	0
3.4901873775899737	2.5652492747907853	-13.420241683941475	13.04892343911325	0
5.795012509214977	0	-7.984175903160535	2.6422349655654602	-13.05894391052383
8.934889668987172	0	-3.249135029335064	-3.3027032134936114	-11.008709885976558
13.201411026108898	6.782816327728124	-6.798303378449974	-1.2365714472623894	0
11.914629907669587	7.042035038998124	-4.6236352237014415	0	-5.932312429889353
11.30457424824439	7.231649060073017	10.532010617547025	6.768509762555839	-6.266454194190441
11.064608561310283	6.10340680250626	3.4279108274882786	5.9924552174503525	-2.9747541033870997
11.478168459846437	7.450489164993203	1.343178855152595	7.606931192160341	-3.5490785467344335
11.755956946549203	3.5216728912468787	.43488517349278183	9.224162617420918	-7.337800514053898
10.528833770345733	8.415172222762513	5.954394144949899	7.4379877321644186	0
11.045945113932815	7.653526071628464	5.396441769874258	3.0144144002936395	-3.408985975333399
10.80630372098216	11.193170251334537	10.822157606781285	7.685043807464282	-4.206188984448392
12.853628025913661	14.653525773864477	7.964200397152981	3.6359267298520104	0
8.005692095917626	12.970213774144494	6.306774331703062	6.019718733317248	0
7.325595609607931	10.541956871671397	2.6996447844565	10.931401468205136	0
8.40800922116511	8.60757924664274	-.6951846508689155	11.330384390673789	0
6.180684056530479	9.751996878485937	.805907423693862	13.843992626222212	-2.1369751195665585
1.9722842351508167	12.093112632065967	0	21.75989672244495	-3.995439799696591
-1.2059408415462352	7.1824425797159055	0	25.76941392571844	-15.878311376236141
3.7071322593817126	7.140958067653291	-1.0760246567405092	14.036254218183268	-12.039257611715101
0	5.865263220798642	-2.908144308178054	12.788035642337917	-4.577505742267402
0	1.1897670310763995	-6.857559170264608	6.132874661663514	-.5118054435302921
-.18189997586457007	4.897056348731894	-.9757954417473549	.4537133280026888	-.7886585466883403
-1.4244223316181062	-1.4757925104592886	-1.6414128342129897	-.10996157885510016	0
2.3791401727389028	4.260428767517987	.4598137668869384	-.013598183814361314	-1.3498583292896267
1.6036310254645996	2.788683398496374	-2.514126220972493	0	-4.231074677648522
3.0324160010036247	0	-3.207658032226524	1.2630254926985032	-.37756263157356607
4.769794675289907	.36726390698450107	-2.4221786530892766	1.197108266575576	-8.033162752137459
9.525273168479224	-4.114096899395358	-2.476369489951738	5.701391943257741	-2.348161638935305
8.779663349912857	.7092869893936342	-5.966353736895394	10.757719999748021	-1.4615663663703253
12.046284691245637	3.155283297269071	-2.907477813029632	0	0
16.920025807753788	3.6153912732987776	2.312196015994616	-.038989004661974164	-3.1844115692775845
8.873204207592199	7.551823253634678	5.5762808979413006	9.597307217413563	-6.539748004292182
7.371964201020301	2.8389184132556045	-.7007239031997718	5.47773704956482	-9.617120796121084
3.8959879304315717	4.429352094590587	-.6076264629571052	3.968418113541255	-4.022670979507133
0	-3.3042851232288832	-2.9685568373393076	3.7118491201452266	.43930004996310346
2.4298852452844493	0	-.5612432069121702	1.8101421742911066	-2.537891286223101
0	0	.6983775247061375	-1.985127649772602	2.7047911194497947
2.084496580022758	0	-.9362419836318143	0	0
-2.234435677422754	-3.1897585412288922	-3.5484156094494734	.27891057796645347	2.0524631032193823
0	2.819857780071812	2.843190703818257	4.379987060129417	0
-.011780633948278552	0	2.106357098084617	0	4.41055001382282
2.493891831387992	2.3130519677367865	0	5.997380659773812	6.036855017203539
6.158547315191829	2.4123247208544982	.41535959978827597	-1.086038253627501	0
9.671299970322526	1.6962967921411205	0	1.6211580597851678	-.42705159167951146
11.638576931714457	3.725898539349725	4.300742217832564	4.708335470431719	-6.821310952116546
12.231222088167065	2.9329493333961447	0	6.652362479042189	-5.540845683635913
11.101123908850168	2.765304795321271	0	5.032970206485461	-3.5194128134446383
12.432299648533814	6.526032231153862	5.58210891138531	7.871981705810889	.2710845704784446
7.633909079567594	1.343737483660473	0	5.351953650864676	-3.9460388232298373
8.550364141372361	5.8774492712919	3.827128076396353	11.35338889802788	-2.1554126375345084
9.705030720571187	4.9750877624543	0	12.727626386757253	0
10.422080252251526	4.217551336600892	-10.806496009081934	13.445058243652236	7.036705159981534
9.173414751763623	3.223535046171955	-2.4238176749335616	9.173436991207518	0
9.98288279071624	6.343981452111448	2.0964733793269654	15.379820697704606	3.58170933462755
9.774359523127924	9.099485248153654	0	6.646313803009178	15.128175365425376
14.723973265119998	9.552554794074956	.16764143007198795	8.01151652728916	14.639576353575249
13.65139799752144	11.401634634975522	2.714535581946157	12.505763026880754	11.549503227898672
17.956483660863753	6.626020279075852	0	3.187949149141108	7.797121317464255
13.045072041521792	3.2297264335596014	-.25436484099991596	0	2.7397054801001572
19.12898642739922	0	-2.6409165520604136	-3.2059147294433803	-.8982498008549014
15.118698926020294	3.731183523305001	0	7.0502791747562785	-4.672497618871845
13.991486348731657	2.733230935587245	3.149984180189428	10.11842159394823	-3.416691895783221
10.966909183954824	6.658919108314427	3.2499686558801892	9.107573680018545	-1.9147072138084589
12.614499928606428	6.0156395585603555	0	7.815585883361232	0
15.032090087707955	5.234469316710037	.019968346157041683	0	3.3170032170253005
15.206011818985154	2.948721878755533	-1.9568558471503583	0	0
12.585919072970286	.7482704800906064	-1.7797927757616505	.40087805062279297	-2.8815938297333172
10.495421953085284	1.9752880182865546	-.2572016112330624	1.7713273970618706	1.1727647226246085
14.641318861123377	3.6772070827243946	-2.504480254031664	-.9539239230686185	-.19012692360933037
13.334192239858387	5.186342195979534	-1.755958824155296	4.9593808500073475	-4.619690824855481
10.428507040103826	-.09182432029041826	-2.2719133830850664	11.389010415754758	-6.523296886709142
13.08235877780022	1.2526294644827998	-5.84212456067152	5.311885515796039	-.9329012396383176
9.982628433552764	1.33056420659462	-5.114063552962112	7.649142578818087	-2.7700733666992896
9.373490456653988	1.6674502253586163	-4.357011493813195	8.563194169475254	-3.7412891152926204
11.288217523583224	2.309022164846875	-.7849298727305123	10.118550216635802	-4.357931867818449
14.285597025636736	2.307497727427251	-1.3400988966762908	5.167107445908832	-1.0773260319115558
11.463946196770314	2.597318394127928	-2.5232871926407885	4.09471106005711	-1.6038040222971677
12.120415858430356	-1.4492171659559305	-6.847147268632188	0	2.9659742358723955
5.73080237523838	2.4096823136325107	-5.81864999958075	0	-8.39188985149711
8.09797511029171	3.45178491890147	0	.9210081939885622	3.5338356120807486
8.15488734196055	3.464855784976838	0	2.8602566011126473	-2.1018123749789916
8.012337240487472	0	-3.763660604738731	0	4.3327976561184744
6.261663483528495	2.58598986065642	-5.288837060297401	.7675766311693046	0
7.5988602405225265	0	-8.171797785280797	0	9.681483032949508
13.223910112905115	7.2836116008905725	-8.686817831586088	1.8566828390280299	13.249687985213749
8.333001441322608	0	-7.0171428658444865	.7658916100168188	5.826301630316966
8.676240808848991	2.1215229343615687	-10.14846192538197	2.766774964356418	-1.3163320490508432
5.8308012348406635	-2.198589177212815	-5.681115574409941	-4.680292159966046	0
1.8034062226459255	-.8360367110517265	-5.040837155296245	1.5405507833920105	0
-.15683414410505836	.02465616604991161	1.179060772058126	-1.179527036021951	-2.0106193760534037
.15525162419758295	0	2.096514687529247	5.077630189324358	-1.2858513836372558
-.23567530284221316	4.033055484117573	.6977800934648924	-1.4680967299013454	2.182120310132116
5.206411938022849	.8574227234732608	-3.45919129785349	2.814486446081446	-2.497435641236139
4.326138430150021	0	0	.7200768603007004	-10.396249506799103
-.37316334643324156	2.2735308999725117	-4.020720380738866	.5299248310896809	-.13633488248889952
13.115471590106026	6.883112984883757	-2.880029485703763	0	2.2853778911045257
10.429327875631088	9.70635665007983	.05567071932865009	-1.5409621434085494	-9.545396194119668
11.243223695091205	7.438078691588693	2.773352639631151	-.4586952989311128	-11.531498654445471
13.96326125743753	5.348770010385808	0	-3.130396021694141	-8.09604095888207
10.68003171083394	7.365495098889392	-1.0045767074694008	4.5590215571877115	-1.76624982274716
10.492397145284661	6.595434709954293	4.231500361526519	3.1262802979051165	2.484408894599209
11.630929630284871	7.078253951272864	-2.129425421627945	-.21159404035503515	.7246304377047121
15.40707517488324	7.112611392883402	0	0	-6.798290401651871
12.445976794155566	8.021237862223362	0	4.15300107119843	-1.3251412078780558
14.63226057697615	9.47106137295711	.4526592126359109	0	0
12.170177259987584	5.628935359658564	-.9311627489273564	0	3.113930214445662
13.95539899333123	7.3053524841454855	-5.223210401985431	-.23723539536542937	4.773651825217421
12.685311620097089	6.488496511706067	-1.4895845278685784	0	11.042514159808553
10.33304498624605	6.363805091723242	0	7.819025033343637	7.9406882198016815
11.802602659854735	7.371962644953987	-1.72740882106318	7.381449882941636	1.8686885473658286
8.571530204761796	12.809968688260437	2.851812895563885	8.52275455086542	6.782386126290244
9.651387609305916	11.222634799396433	0	8.120355628867761	2.6489153204257803
9.269079616708929	8.898495506754514	0	12.066576253122335	-.5327470426967125
13.018402988448234	6.325819872765264	-3.7025748497148387	7.503017039261567	-.1369552462709005
11.73793224516102	5.545343019214576	-4.899974663912249	7.556633883615971	3.5650961250362494
9.488206567470115	3.726457207429146	-2.056763309951187	1.5552178529847176	0
9.143064453896796	1.4480537896142571	0	8.331257188552577	-4.618977003664863
5.772203346977149	9.612417785059277	0	12.558193298453764	4.346742101771628
8.989545334494734	0	2.006748055579152	5.622078628934874	-5.619584294129851
12.160709716507828	2.029377114693036	0	12.220158107012743	-10.179066180789853
10.285352676474599	0	-5.504263501415662	15.00301881189131	0
11.605677340387796	1.3928622305072893	-4.754400089525292	8.954451858507305	.19003373182652838
12.086551077263243	3.637055027364423	-5.1072738354043645	5.721021588568535	5.246419134110346
9.6663839187798	3.89486175939442	-6.285306191187594	8.379144891712537	3.860637388865785
4.672423061925421	0	-6.492954088786938	-1.4405604245375967	5.325206564204869
-1.2674996617352674	-.9213333279013247	-.49074720407327366	-.7022181992655895	.3415069995758373
1.0851672360204743	2.7562468799753947	.7177628639247629	-.37685266023113634	-.016846822939850774
-.7096543094386487	-.22077911764577368	.3702486887837376	1.438029842192767	-2.0013717939526434
-.039662855700685506	-1.0734477302231689	2.4670090600580967	1.6846326167210866	-2.8807601270617287
-.2800980277989207	2.7801286592472847	3.8907409565474325	0	0
2.096533785060247	0	-.39441678119059087	.6567825613251494	4.909339609944132
0	-.9295707598276421	2.700695440511371	0	0
.2066293872927853	0	.17955103492639068	-.6334446620696741	1.256607475755233
3.989041346189577	-1.7629036442822503	-.8477039069567779	-.23018786543770653	-3.231530386530957
2.2669265581637963	1.0598156683581463	.46986272611461444	3.6677729899602927	-4.665631515958021
1.5028068212113803	.2185042669005331	.6605775819719208	-2.4567757091294733	-.5348509246525738
0	-.7460126015043306	.16002668016643248	0	0
4.682144380503972	0	0	1.0960996599184416	0
4.84129744196383	0	0	9.737514242841232	4.590777771352518
9.564859168953818	-.8665357461689611	1.0459211579099794	5.3774576688616555	-1.7107069410515323
7.6060405771055395	-5.497193980262551	0	7.050138809575526	-4.834913114606579
4.904442236132362	-1.9415462015881253	-.6827623692756535	6.76158610614008	0
11.233480173858673	2.8582474139739933	3.5057833915716308	0	2.4497521332454086
9.327261938546062	3.8029421641754095	4.3082383492946015	4.804528696910392	-.5006842357022522
7.5945956039221505	1.4495249051351302	3.2404064780049744	0	3.522184048581658
10.20601128634901	3.845854511833933	3.0585238090855094	0	-1.3848977466111303
10.52972938176292	1.1010975058625072	0	2.684364585240133	-.1897401498276509
11.60318425347809	0	-1.4587656006158811	5.9959812756554545	-6.495169437516733
16.245997569125596	2.881015411275489	-5.388848989941225	3.8407225032864156	-2.3885243421439464
10.695560448438568	.9004949538108751	0	0	-4.90910422876422
9.297998507068653	0	-8.599160687826075	-.7897233993671147	0
9.264762536399362	-.025231404416599434	-7.593440292310677	-.03409873459528434	1.9765796904580755
12.578380812006234	0	-6.131873541998082	5.008679951125356	-.9629924786778098
14.057422610552983	0	-.6838337826210032	.3748558953991159	-6.819051033868973
17.490415400042288	0	0	1.6807820971081675	-21.63511780912345
10.929651307621494	0	.24992847731106926	2.7044788181587367	-10.83407157173185
11.272778734522651	0	-3.0723416547117255	6.8058815214240695	-9.263762198848369
8.6129206905904	3.114164618175374	-1.900375839155729	7.022858757847111	-11.014226642802193
4.4339527645151	.9184542120992979	0	0	-11.767901264393165
11.242887709534362	5.293442796450721	0	.831428522563926	-4.402013758804443
12.559600666010665	5.316907728744907	-5.516291116107826	0	-7.9783710998423345
14.352972547480213	7.4540829109479985	-3.088355243113829	3.6306726602142554	-.1369996102652045
7.051142957756006	10.511571138468575	-3.149059754622234	5.745873018921446	0
7.03286631408179	8.697406006454939	-5.204905676810302	8.490487807436475	0
7.213127044525553	5.923405467442364	-5.444304522978649	9.957298651646616	-9.141565062511846
5.280801538190837	6.293606605670164	-5.228376652104905	5.902673690388093	.5958342633651355
5.560074950352126	8.796624016542495	-2.4898704052592064	7.569970477940263	2.871109809174701
3.5980367648537093	8.171557554647915	-.28605139047309047	5.236740983296805	-4.460158652244372
2.511403041639433	3.0266835137337305	2.418849052383688	0	-.29496242822724683
1.1090218842180222	1.966247686277423	-4.719994952600488	4.8390126842396475	0
4.094898068387031	.6506704569225829	-1.2252386553736412	.3978616527881196	.74243043938552
.028414091117162865	.04078631374292749	-.1698035032755505	4.12103842342643	-1.5424718963846098
0	4.550320635419761	0	3.3363282179236826	0
0	0	-2.4258037838329423	4.642972698702486	-1.4865412536458533
0	0	0	1.6505216719511338	-5.829613983861868
-.2270079166868464	-1.7424470089635111	-.9340180384007609	1.9526808749815712	-4.511366367086571
0	3.232123896206211	.15557022463884307	-5.481287086391328	-7.279306928009921
-3.99078181968419	0	-.7057478164494739	-5.28951975320064	-2.3777594547995875
0	0	0	-.01409527487552431	-2.838793974089211
0	1.7005583530376192	-2.1288526306982827	-2.7517193369465227	.08752158902875284
.03977049372940633	.3726973143373393	.3196972188714932	1.5872390369988616	-1.5953679213540053
.1155766650712704	3.402855557364728	0	-1.669007339293378	1.1396993150324
1.224319140109687	5.275039568786955	1.5331699763660525	1.23932716907724	-1.220764777958936
-1.3196257504380013	-1.6784881262319638	1.1782473569601137	-.03919524720379895	5.285620244576664
2.2595816225266976	.5239886788300641	0	2.717078659878818	-.6018745225618408
7.767736676972471	1.3447436986608476	0	1.0999314600447998	2.4822915504657366
1.0180501257485222	1.0051041125852265	.48868356861201095	0	-3.207444843162463
1.4033642218960514	-1.1899594459483254	-3.2348853022297863	1.1177859574959186	4.271300267776111
.5523543534584603	1.7219707867521308	-2.122979442241621	2.0120254647396756	-1.5856744213510234
0	4.978589780795022	-4.051172710940261	4.944308717977441	0
-4.544171989496988	-1.8347508703589293	-2.1832724794876652	3.7107476850460124	4.149803949560872
-3.7772120685880664	.36715550786659346	2.5905459392214407	.020272524660868374	-7.2696212559407485
5.0596956096904675	6.615297105553608	-2.5718515822393937	0	-1.5530274754531395
6.527825712355057	10.579543281324664	-.7108344372065203	0	.32115971863297776
0	10.244606001535347	0	2.0626482461224853	0
2.3049577542764434	8.253798220393193	-3.8078692679221438	-.719012600235371	.7467473940777796
7.712574621407055	4.7684300805259525	-9.889893694841694	-2.4785596415477245	-2.94959539622982
5.973256944454348	3.782942971932878	-6.663276696631119	2.5118623259170847	-7.097965452723975
7.661060358909449	2.2273554458528193	-2.668552189958226	0	-5.987795598905201
0	2.3014318259199507	-2.232348303063834	-.05758336277187148	-1.9194590150564175
3.196400710397662	2.335242749688407	-2.1929282889805517	3.421497247191926	-.6708635684529454
2.013586263450774	0	-3.463605865526721	.018692891196918415	-4.814157816159877
3.7950853133962443	6.462276229087157	-2.4540837612985573	0	0
0	3.824128452716092	-2.7258422553084967	1.1616367246587598	1.8332754755708751
3.2035293229441772	0	-3.513375958908645	0	-1.326063523444044
-1.3852411052742768	1.7072083514495278	3.5202430493371653	.8836948875233752	-7.061875896132273
-2.3226606503365206	-.2722932582819697	5.135524956368057	-5.518233314934907	-5.219786809757418
0	3.5045797731710673	-1.2865338872110876	-4.592154094862537	2.8506884394945766
.11877410035066627	0	0	-2.058126025445057	0
-2.239409204324275	6.073710059668708	-2.655013080366936	3.6909176874393723	-1.0631323556233674
7.649800250014692	2.93035534763097	0	1.7371973488802435	.4143906370715039
-.7631208102924402	2.930957587716755	-1.5900863993563736	-1.3030454062393946	3.256337535729207
0	.38501345073862653	-5.337445035330698	-.1340707901551207	5.415462322075678
0	1.3513771909130168	-6.407105828440115	3.18833752521282	6.8237875928805005
2.4924374819678285	2.4879425519194176	-5.779759864234842	2.7728426874814684	.8174875193977716
1.971013192227534	1.6120729611447315	-.5423230714247407	.6408905206921389	-5.118164636286549
-.31045590998288625	1.3718254837794446	.9868309045770227	13.879114675132264	-7.334191821012762
3.8227882073192703	-.00671124140586099	-.983688670378672	.7355716537786621	-2.6713040347966692
4.081954190173901	0	.9713769408541364	1.1455203123927424	0
3.2032447635564356	3.8904725203722266	1.2725473169069117	-1.956282430687656	1.1467501681948156
1.8398762160969697	3.5475931870406576	-2.599298995562468	-4.855941167321611	-2.4544424040495345
-2.135833712150778	3.8620027551374543	-3.1968313325291002	1.157509758546463	-3.1629063745195882
-1.1968223304547643	2.2710643244229427	0	.965615521406225	-3.180469578544639
2.673621408425248	1.16172547452388	0	3.4065303700490865	1.919744545597295
.31499487223045053	-.19941732576848004	0	-.24432257594916326	-.8712205099355184
-1.1411752239945545	.7756620958469516	0	0	-.10542952802561756
.9646800728779542	1.389097157130225	0	-1.4552601078223764	-2.4637964567863815
1.64314538386949	2.849216312097285	.3124806312175704	0	3.9206799609637795
1.6191431569958192	.16342179300035986	2.18451818834758	0	1.3918902723122684
-2.835113136988893	2.326768840894082	-3.1872895090027784	-3.111110338171467	2.6775792442416773
1.8178579909454513	1.8163401897901967	-5.668433824393012	-1.3797472520209793	-2.7461771273835947
9.692135071357416	4.758939559194635	-.9730893073080216	.6964941159874534	-2.174280743540436
10.46758106621483	5.726318857470341	-2.428790762038434	9.15654733100863	-1.2403792314873323
6.533977186889777	8.034347863819729	4.517726704279461	3.9578993318496374	-1.6612688704482383
8.179251352935621	9.21964437829359	7.192428053008469	4.493972709856402	-2.4947700227200453
14.686911345695549	11.195057371438878	9.019818244322487	0	-.03731796990060421
12.924991527479161	9.375109208754067	8.81365142874358	7.777987100676824	-4.53242396974649
9.164372176811325	10.598340176534126	6.167309012992369	8.795462985088395	0
6.482301552252388	9.505228998496623	5.200624337678385	10.511242525023237	0
7.226217500267532	11.890765071168506	0	15.425691123584022	0
5.394611604756516	8.705043578841261	2.2730708888592224	13.610084598519167	-8.125475574165907
3.92626895911177	7.785052507040755	-1.6591075229513537	7.1857306538798875	-6.615755524265802
1.9276087444465122	5.06211852435003	-1.4437863568349008	5.11797244391582	-8.225082169561258
9.843164254520815	11.628621248123915	4.008094664317483	6.6437748469283955	-7.6603282723006885
11.955959870576098	10.539867186423693	1.822614738698896	0	-5.174397582705475
11.016286791607866	13.782827069645592	0	2.229426679865469	-2.198649184252398
11.066009751898045	6.984431421994713	-4.6333681312743185	0	-4.044158001240789
14.446654454430043	14.245153856732891	-3.7920381692158873	-3.869752131689344	3.5617430215005426
13.41070821263704	11.963338275047251	-5.366691947727262	-4.4389032580868	0
12.835543491374702	9.056939274364955	-9.114084386934714	-.6519202233722778	-.043144028242996235
11.422022511722671	7.195101922334181	-10.44646185712099	1.6152353956937415	.779653368641519
4.922071969586317	8.794798068394003	-9.295527624448928	4.368263980660848	.8755252211023387
7.738631642491396	10.04419708445198	-9.104914937276543	1.6456385820552786	3.3534661454212222
5.984832377660473	12.70503698612249	-11.12767698643116	.703517263492035	5.549964089991298
5.897514400187955	12.816437175031098	-10.148391209908297	3.9491032578253873	-1.4327663512597457
14.532109046873465	12.217057636798645	-4.811062030054336	0	-5.085834043166624
13.146148229558849	6.834993494689226	-10.878616127654976	-5.838762203376214	-4.990414418814882
14.178242033013602	11.575784197341818	-10.218101791342246	-5.75715924858963	-6.544510286610946
13.968643909428605	9.490396040134291	-8.846716501584616	-1.7728665873346543	-2.523694580492358
12.147846549917217	13.901629174328892	-3.99662946956577	0	1.9797537987812395
9.101544457466272	15.724522278933856	-3.8598127623265133	-1.4759386687156533	0
6.337124209609781	13.627793500290643	-4.991384288618476	7.114672677675366	-3.641416925953521
3.243589842257637	15.17964230766854	-6.7323910893910215	-.9934418670764407	.6486352349928859
6.347654415537367	13.166363412254972	-4.645716026227942	0	-5.636426819041463
7.047620247753313	15.370650642788616	-4.607750210787585	-2.65553043533402	0
6.323300032616867	13.900135522311711	-7.682013523052831	1.14251366043588	3.100748674068999
8.017213284260851	12.664988925968165	0	8.2436166828564	-4.072321094213104
0	8.486964867191723	-9.296425703591076	18.54699230705871	-2.045603016741922
.5522606596996013	13.18812496365796	-7.115953502382141	13.612427655269036	-1.3563146145062657
3.0560440562653364	10.539693215534783	-7.157278284188268	2.868811568039713	-5.667453847148319
8.95746215276176	12.018274318654656	-9.134318298794568	0	-5.834045989779333
9.492196419054952	6.733287007679454	-9.060651982042785	0	-12.398358252575168
5.560752045600347	11.127588739659757	-8.669945370712703	0	0
5.006455547923176	3.972756564961884	-11.435005928797434	5.550990942674398	-12.488223584309557
7.969425072628645	4.4998327523954265	-10.04207348780505	0	-7.7903765945108825
7.568618746953695	5.142589579132296	-8.481219291153945	.6495619142942053	-16.091422733307922
-.3442633769657619	8.314829452781655	-5.82564931800775	5.476615506608577	-3.580016450594425
5.641889922364819	11.170074842196666	-11.45195205341569	0	-4.657699494298122
8.327884885728047	12.60535418826298	-6.44780997349425	.13883014732961318	0
8.915516795660057	9.348271425340286	-8.968390519162714	-.7089442169275229	-2.879689993339198
14.86906536988589	11.754974032421849	-11.681827969644228	-11.336740705440558	-.9537465318682641
11.72903948510966	13.275271665122792	-6.824814148780953	-10.993672713713268	0
15.193824096576757	14.110691770419272	-6.955126151003822	-9.799782899355744	-.7083031206917144
6.799563313423487	12.19819166232274	-3.881407047423365	2.2308072082811625	-1.1356017979179287
0	18.32775381379309	-7.398752381642028	1.526810520093667	0
4.7231078558482125	18.06068140371871	-5.47807876673075	1.5851001810902954	0
5.009129094397293	15.20334577867498	-.2898933961353449	6.341728546528484	-8.698610410787857
3.1365392999222195	11.357125233545336	-.16549877281672987	5.4181745537877335	-5.143215411406967
3.175378751825875	15.909960356465227	0	0	-9.055326381837077
.26408646685338866	16.974981633043924	1.8081382377463306	7.135233395107434	-14.323909548038745
0	17.072604597800233	1.0729180654424435	10.485678804996738	-15.72868685110924
4.308868007450371	18.434444697208175	3.742863715551699	5.0624538981898555	-9.541987403179615
0	20.58253806241156	2.550000877357341	10.131408051094702	-8.576127600896072
3.624456672581758	17.689520509335633	0	6.918855697153417	-6.449213770600426
1.0505728473063525	11.858959866978179	-.2062721996329655	0	-5.407104659294686
5.051726206006159	12.328405390702475	0	4.034728892480359	-7.902454726112188
0	14.669892293045773	-5.322217007871663	-.8121848311232789	-2.575996551865485
-.5774111203482818	10.99578950026617	-7.796576036905945	0	1.0328221829182676
1.0518860016128884	10.84570866124542	-10.225516798907949	2.465081110490282	1.3817902681907999
3.2397550966098496	12.193136526349212	-6.783815442678293	.9289687017247337	-5.378021345834174
7.175841991512451	12.668639762489608	-6.205603423376381	0	.5317456295105143
4.241322060146526	9.646378205191125	-8.27769097096733	7.618353075203786	-4.9777238299237805
5.296940657213036	12.310837529600736	-5.371241773635914	4.908345014173789	-13.505414080530086
4.535901438530408	10.215981140347248	-4.348627784840923	5.874041614632889	-13.623120330366696
4.516766396222799	11.167949908487055	-4.793107203704438	14.124196778292491	-7.864001125646765
3.0634098994667847	10.072865132218622	-2.462433230584666	12.29841742412403	-14.851575803931876
3.8397360026368474	11.640850439475127	0	15.645007476932408	-5.14106025513961
1.6473269683590885	8.755353071668392	.6512557122432342	8.338069140122421	-.92534722722842
3.9136164225640817	6.603108080290683	0	8.826317492508203	-2.700124824176991
2.8499535043100743	5.536648872879085	-8.229426776525603	10.248958936190183	-8.004349143662056
4.043659942292492	0	-9.9989256072751	9.309020994169366	-6.303415884649654
4.598729280681741	0	-9.695313863418708	5.403468698546005	-7.718412229989646
0	0	-6.647340859841731	9.933675732496805	-21.47149535572526
0	4.012107534978328	-5.2472939570077255	7.616116486728824	-15.503441720154683
2.2659958940619416	3.24269465719518	-4.163793410886659	1.4009980020430448	-2.259316066595935
6.265622639588038	4.220784433592479	2.284053852858269	2.471870603529378	-1.9740547681525076
1.7782947474838158	5.158900536577505	0	-.22434899336628195	-4.6316708966763676
0	4.3377915275594265	4.564003865254152	0	-1.9950002674366145
-.648488677081245	4.754531433006481	0	1.5483310517747164	-.42253000793544115
1.4311442574816213	0	.839451948640066	-3.7484771731102136	-4.0006169875419095
1.069016841305677	4.171532243999225	-2.1129514976790027	1.0698464158913736	-1.2210652693066812
4.858671268768223	7.844357270268514	0	7.6124242508344535	0
3.1846967306715133	6.351050824661115	-1.45676143484186	9.653209002387865	-2.6691666557627256
5.664966036137406	5.363913625359071	0	-.8115312485376847	-3.1791505199979566
7.156301466960827	1.2739852010555994	1.478568971032622	-7.946931639469069	-5.184198303946939
-3.7440047426554304	-1.580012090133794	-4.55041113087913	4.150065717248911	.2427415770333079
-1.0524614210457848	-4.049626809247668	-7.431299019013907	9.888714196419734	-.4770736269259468
-5.9804313763164885	-3.541244979863754	0	0	-3.6248338836458234
.27473165720521164	-1.028589690781788	0	.39998270994413143	-2.813433555959775
2.796650905664661	0	-.6590052138106507	0	-2.936468356334417
1.2218055195740676	3.2936721903615997	-2.220124414318767	4.141485984225613	0
.3572138043556574	-.8689614034062227	-.6728421608753155	3.1861905184050734	-3.7661605093984396
1.0082759984573637	-2.249389906122545	0	1.2652598113470068	0
5.331564561309694	0	-1.2764715062003478	2.8040849076547874	-.07760361266248217
1.4979658721887432	.6854376263667523	-.45636137140668254	1.275123721738992	0
-.4957246228876684	.4417788378002917	-.0937063623583698	0	-.4554422913585411
4.310052374357392	.2529139815711976	0	4.193297444782026	0
1.0262011268044031	0	0	.6312642133983624	-1.3159462562212936
-1.4709633292945625	0	1.8968505220763396	1.942165387315161	.45473938650475887
.28316577456596104	4.076935122181586	-1.4904993522668164	5.469052615527579	0
0	-.32414739313099017	1.3950583123093292	.8014838493078289	.9334596012610835
3.7513082682113144	-1.4964060208584655	1.6003990870399138	-.7964348358966206	1.908093962035415
3.2165684232294693	0	4.514487955020883	-3.1348770496051683	-6.710054526112392
4.538708264536427	1.713997184201013	5.520088373605866	2.457138043370372	-3.301032186952945
5.061053978233718	0	-.30916694676391376	-2.6966885858054366	0
4.114465195136635	-.14946378631924892	-.9910884791855123	2.012647617196441	-.7610389484956013
-.406575473112257	-.07430014026463289	1.4959686553440315	1.6381524808784895	-.13128656974391895
1.3619711954233769	0	6.006381565050439	0	-.5337834429237338
-2.145702236019125	-.1026731305439682	.71671721308076	0	-.25897084638274476
0	3.8070928567967948	-3.2305936978217864	5.753704142360381	-.17649651247162268
4.330930140567846	1.965963591305175	1.3637850217898984	-2.0859780107371715	1.8975161779035594
3.3686797658393814	1.0409524185166383	-2.7305809224993434	.5559853606957216	0
.32283706893649466	3.0232985902189213	1.6039311469291213	0	.4053240264871034
1.1676803229561878	2.2989252709534957	-4.487023187232384	.3122690046906167	-2.4632401853900543
1.882793480319243	1.9338511334406405	-1.9083271556584043	1.982351740236435	-1.810292374846842
-.9253816693682428	2.735445967990131	-.2969142987896587	-.9613922293242904	.22790251819550877
-.9337361617390179	1.4301620923202967	0	.6614872709993165	-1.3014744104296931
-.9664943709888757	2.384197739803665	0	0	-.16957541270340995
0	0	0	0	0
-.4972552346299848	-.449533530548829	.6311360089674226	-3.304899226295541	-2.591713453395751
5.628471760830404	-.32669664289831246	0	0	5.5489323886713
1.3193675438191976	0	-2.576855421751479	2.149636908762084	.9670949446933903
-.21111164071055044	0	-.1003542236477949	1.8669727717323705	1.7787954562242283
4.227358944316763	-2.5555757681719355	0	0	1.9859695774033712
9.721316527514897	-1.7415681108654766	-2.4608460882774947	3.5224211540386516	-2.4194503237691047
8.616461660984697	0	-3.595475597032223	-1.1079529753209183	-2.9406377448229666
4.6635456119977015	3.901073252151863	-.07913395356016562	4.471554213454972	0
5.154054244812252	0	-.8675963665092579	0	-.6357143088832329
.043838722196996194	2.9455000147219095	-1.0041500403194483	2.034513350621731	-5.718834855383948
3.2492589078081213	5.184064810916852	0	2.1518393180587267	-.7333722098930147
2.8256844313200182	0	-3.804391313085099	-2.5581704865039168	0
2.246816043458592	3.591392637354201	-1.9884087060889635	1.117375586410731	0
4.353945855676157	4.2799235073589035	-2.098523218479881	-1.2612451031369538	-2.0675351032216476
7.871198524577923	4.483794846302747	-.6462604504692054	-2.639831107011945	-8.430448047203594
8.579240296840261	2.6540613850488457	-3.339967852645269	0	-8.225119439646019
9.292413070853481	8.031495093267562	0	4.3810311301898635	0
4.584895179688434	10.296375683908057	-5.219639448777101	1.8172051992621183	3.190696545639796
6.55041624241676	11.214893795235092	-4.418447640763865	5.298833511606533	1.4710164540885147
