x1	x2	x3	x4	x5
-2.7089006263631585	1.7812828114224208	-.5009939547260793	-2.1023681393653058	1.8568277870788734
-4.876878375994231	2.170243039155977	4.01389206210568	-1.8568799132953144	-1.2164310195738541
-3.769989886845708	2.66452448132327	-.7171728340053627	.3407352423685768	.5319734461974894
1.1886550811685574	1.1992279450477628	1.6717443267524454	2.3054700076285246	-3.870333612510281
1.5884128676942624	2.302226797416569	1.7498664186020463	3.2064963407678464	1.2386427286898138
6.020476393352413	5.236890755745417	-.6525560488559301	-5.084685861318542	-3.115156129085698
2.7741008154405034	1.7544452959910866	-.2530031049425956	-1.075153317814218	-.7499910391776945
1.350352713023913	-1.2294749725313072	-.6033298133401656	1.3461886693947183	-1.103970921407459
1.5732417693966052	-.16371746539534932	-.25326761432146205	5.693789525329853	.871636971966032
-.5469561507442419	.20299211085965857	1.3241088647559855	-2.1927423827543806	3.4822942223757742
7.7541705263757	-2.249074010228285	1.9418721949008928	.46338542859364784	-4.410225033297186
1.8248265659946632	.43889085918818793	2.977678468066359	.6865492453344284	.7133517768226403
-.9782241236866414	-1.7962582216480294	.3853980333428457	-.4879031742114758	-1.2021809480735726
.2533312538904317	3.2311669278417785	-2.082883705609902	-1.4114371569612185	1.6578108003276821
2.908720085874352	5.955642059248133	.9814355883582393	1.9557361731811818	2.3875615676200104
3.2572542008081244	-.5802243077990052	4.470427899976694	3.8523245681906575	-7.740489528485192
-2.995626992547125	4.048418829400974	-.4237920498896339	3.0533822978262455	-3.7571984891719166
-2.8813505932913497	5.767114727795181	4.640175464718249	.6556352803544	.6519188477316653
-1.143361108459619	7.814149151064352	-2.448270513633907	1.3952387158288295	.8619309015861549
7.578254938930459	7.914023924364617	-3.1293538461636508	3.9135977986837887	-2.8927326506537354
4.180152716599155	5.224019236832636	-7.484647703319497	4.587632948956528	-.6329828417679588
8.275297494675113	6.519618448159402	-9.202384212119311	12.76317350690558	-4.033674078870736
3.957824893814932	12.775544092785609	-4.367375425937788	5.27812092005795	-5.566820529010235
3.5763693324795223	8.74372945204618	-3.170690033239631	.8233562873995721	-8.10774787442512
1.0419274805615335	7.3192623180235845	-1.2458470459457536	6.192490877079811	-4.474803159939779
3.545263619066259	11.604442306041493	-5.770433447110975	4.891179479618568	-3.314351375881064
3.644949652148126	10.45031042239909	-2.2237168337852595	7.7543287776504	-2.82241564148699
7.5457061919381045	-.9687342361048726	1.579530762459958	-2.254100295636229	-8.024340374041707
4.535701809380696	.6946055612109447	6.082981195613322	-2.279006677026576	-9.027380869191294
5.982180351091938	7.194719255656031	1.7014322811588916	-2.328192796561617	-9.156995105345867
11.562744264477244	7.720120922635456	1.4198301353775082	1.6608709268845068	-11.681387017454844
13.308046804355065	6.124308630955705	6.443863679599277	-2.3931688033348992	-19.56807273126373
10.741102013469344	9.035846664814423	5.049954932246415	-7.138471582626613	-15.939891374790658
12.871705329022458	7.402530794431523	.7204128355659448	1.0882110050150726	-3.496695420476093
9.845569947962591	12.811733903195645	-1.3414283451478113	1.3234264811520629	-4.425191624183727
8.395188938135085	10.208153526934474	.9669132480684637	-.8430094018057535	-8.058459404474817
5.774654785524547	9.77039344204009	2.805750466558699	4.4149216496865655	-12.451799077998041
5.692665628186655	10.144729329868662	2.897868084310627	-5.418224115770931	-8.73929724356276
7.5544582705802314	7.555368883722813	-1.6953396078946295	5.053063885874634	-11.133062191947174
6.753397990317194	10.163654366329961	-5.337582318788606	.40485968579367904	-3.7591986578459338
5.031419713811985	7.624723914731243	2.148324735832375	7.7106959683555125	-4.526212166087923
6.922413112744873	11.862681164579246	1.484097437035119	3.2454802652736805	-.6078805594102459
8.02652927375908	11.799175386008985	2.907141408924792	.33632458486683947	5.601647871053905
6.018552500074394	4.961071375001756	-5.530335680613438	2.0639018001356595	-.6307277724587903
8.742866944681538	5.373474074792528	-5.003255028048782	.9375881206646963	-8.682614822484362
8.993672802132602	2.5324038866905596	-14.2437468359214	.5033983512215054	-4.225198693255201
12.759226123965455	5.384861368342973	-8.270455516267234	.30244243197885123	-7.230760897664982
12.841476456652886	1.5187261664624039	-10.904533745774396	-1.9055989280463068	-.576390713191258
13.259315908467569	3.653527301411666	-10.943363521516433	-.5122040371808533	-7.906347189113649
8.556341086379545	.7865432818964158	-9.212524855409168	1.0966440064550356	-12.694174786030874
14.440236475745264	.6787071554936313	-10.968848422977008	.05358549381776778	-9.947483406876719
12.605337447208457	3.7404856599090244	-6.7934124757136445	1.8813314517778985	-8.862093146401362
8.773641876377614	1.573487986637448	-5.554982041405302	8.410501053245525	-9.502519091834154
9.274029241431984	1.5716649683415498	-.7880372686974477	.2659855842763432	-12.186479169883658
13.333039307696808	1.7818986132172523	4.936742351704306	-4.326287687232536	-8.418909228874135
10.666314627048562	7.855483629109078	4.147524055679666	9.698899454602952	1.078470027446306
9.251085842268932	10.899331095993318	9.430118739576368	15.282033748617465	-1.3079913885794403
8.884670656786279	9.685663931175311	7.221460935119486	11.176657697309624	.6992346231824527
9.570567343673943	7.70635537626237	5.900801549297559	9.176516522523402	2.070317859285202
6.094483953761938	4.14025733105745	8.870718925002615	9.710759704491638	-15.507354977108193
11.827600133836276	4.828994527480743	4.749203627473244	7.890536160168569	-7.9205425182294125
14.648081433167933	.9234227065681261	-.15821360905266713	-.20179301986339349	-2.7161617364106796
12.226212041866601	3.6805231608469553	.38161872385311635	-6.995947838436295	-.13667195799431575
13.822884041605963	9.969431408085626	3.1829406403873053	-1.3490167134989537	4.300344213878734
18.561002586163454	8.395549804598977	1.8607400485405294	-2.726455065092165	.5694263468711109
15.800211688698944	1.7655077108396022	-3.281976825309272	.36400030857738574	4.902219804529159
16.17955557157862	1.9530931778996228	-3.5645685863384635	1.5767319042937986	4.2106657567067005
21.787820210635427	-1.1874911656051448	-5.7675056378432705	-9.474180098119868	.610747363945499
21.810649020838643	-4.070220339278313	-6.424667064321429	.4645546094562123	-5.9003193304953285
15.367511417564462	-4.126316958194155	-6.5937023982520335	1.4764550739208029	.47651694344011797
9.84533349683595	-3.357199453672675	-11.015971180241523	13.258844199164521	-3.049662096029311
5.121758834914939	-4.818949102507597	-6.510930881001126	6.847710558356175	-9.589193786757251
7.0864151661482	-3.1254515634285975	-3.7978385947831246	7.452418538653009	-3.1436273454623107
10.803465845765853	-2.360275150935855	-7.644398176057982	7.863198474989489	1.0499678255665708
10.750687533546996	-5.1190043477135685	-5.535067371871555	7.247200785129486	-3.6646581404583474
4.074773644498657	3.460240897360018	3.5171205112073163	-.17088594619481523	-.4868821809546662
-.802021413413335	-4.028752819455011	-2.2840681884956853	5.904120661924651	1.176297445639138
5.313734102042809	-.26886189213605804	.4839797143268083	-.762375063320476	-5.173728726901638
14.35279243404101	1.6801556960125836	2.4809988849500426	7.343408178490124	-8.032557233868411
12.1893265565367	3.9322121902133382	.2195829116910759	7.3546627219211755	.04023295511438563
9.915331337177903	5.021153653315223	2.4736671206590533	10.102942956264483	1.4967438137486586
12.02936370407624	5.165236320883211	-1.8384642959994066	6.368166490740147	5.765211604579809
10.882673848883616	3.2980985565026595	-4.633617137761821	6.0917549200251715	3.289716314620937
10.35616735633553	1.1990401971238753	-6.459972408449159	7.607374969678229	.9773411233057924
7.6460166043596836	.477203717864807	-6.951395212815239	3.2163111593032125	-1.822280497976896
8.994034401706779	1.501365667691245	-9.769564841955079	8.542786276905451	3.656324224577796
13.099232623069021	.8277790988968518	-5.751434897339257	6.447829257222025	-4.119379010901674
14.781322927371013	.9612977997878024	-6.7421646162662325	1.4143873286871713	-.4210908787824401
17.714595398442412	.4938429429689529	-7.177843125097668	.755099130527417	-1.717260394779232
17.18654969853537	1.030776443702309	-2.8238619826790385	-9.927346088380506	-7.786709913191659
16.190267656026716	4.544308536939274	-.7030470920035987	-10.144358082018245	-2.1170210394489324
12.254273119213059	4.855845708775704	-6.430714865052444	2.9199227903523672	2.527039552845352
10.357678240283375	6.451852603747607	-3.4572548227563598	8.148293555403674	-6.215380100991532
13.223553527021096	2.2738980144301784	-6.812171119299224	2.370391748115854	-6.64923311646924
11.451702848849898	3.8591050770289295	-6.698870302958482	3.797355677545147	1.0396046931989753
9.506407238531043	4.429946874241942	-4.8502631917354275	5.045846300036112	-9.049103511210383
9.56366311895449	6.499955466072538	-4.61105043836402	1.148094691124184	-4.730359750487665
8.988081647737337	4.824604359018918	-6.18435310955268	-2.739952029621725	-1.261387957527087
9.36500862690935	7.041543956394484	-7.0855257903468605	3.2132282285492497	.8132000606383942
9.176230449945516	4.713336324283287	-7.250187525310682	-2.1586805087313365	-.3342977999516096
10.770710227867173	2.099850833838878	-7.277083389027741	-2.802650563829079	1.3523618267537731
14.1023210905651	4.665944330715045	-13.369488879966632	-6.180972011412181	.2767162515938919
15.98157324029742	2.591631148036055	-9.704587705229923	-6.475330010976412	-7.029268242897276
16.44801978958783	4.67661103946698	-12.513635188814167	-5.368431079595977	-6.855221033220337
16.27938665923099	2.008706631899396	-13.800291306069482	-6.151553864286381	-3.119991467601144
18.413808972797728	.9263792953898575	-9.600361451239813	-9.05420780230275	-6.618468545428086
16.153970667990485	3.4747673739435987	-12.562081623481136	.1183565751180827	1.1893722068239905
12.877393496872545	.11072946964179886	-5.012623952974305	2.4789030827116805	-11.89542443665901
9.943004094232588	6.984547723956918	-4.310663409902589	3.9749782233599404	-5.923313768967992
9.56868103097423	4.7564494869377025	-6.112477971050045	1.8338653266726372	-3.7947660126323326
14.781410627901323	5.501531251532738	.016194165604818345	-3.6079083384926065	-6.45827648316822
13.408345888008466	10.19685907290791	3.0415794962316665	-4.223257861590449	-8.178860282641224
15.398281397695346	4.248608217121731	-.9203132530401126	-9.440057924225012	-5.247918373173857
14.833936179007885	7.605873706145552	-4.52078954634963	-2.839353238550686	-1.8161199464736653
16.194225845769008	6.804269675560508	-10.106586721014086	1.2602068305042793	-7.124763972081526
14.17209420243062	6.921082121821752	-6.62077836921684	.7349874191034546	-7.831062043765092
12.762345463247467	4.749967511390611	-2.1669330207323005	.5088255714131178	-6.099182141169047
9.822912540565008	3.7828111578450354	-3.575206443016628	11.234878425059936	-5.027397142510122
9.23296483493446	3.8975049985260366	-1.1593529840519088	7.353156642791547	-10.85921078144281
10.045783687699545	2.400983657988373	-2.5626776851639566	4.00348044181731	-14.106557467850193
7.558508234322797	1.177722650204126	-8.746989198735653	5.199106311879337	-8.649396092614923
8.853940117713046	1.399918160391274	-5.25410781145653	6.886938136711887	-11.07293422684673
8.048671550528853	.8150208212642008	-3.833875958802934	12.175455532405099	-9.466298454388134
9.718828924574515	1.9072219160033588	-2.3945582279495525	9.030625856864573	-10.384378192201655
8.489566008526772	-.6991693003299454	-3.403591702045374	6.300299813994351	-9.456907870965773
13.23364757965245	-1.1278644756840719	-5.466913329954407	7.679399248802499	-1.1677081589142944
15.96576903532988	2.0993349162701684	-2.4658326457058375	6.321969982464559	-1.4492108421013608
7.461662049110239	2.4677385744772518	-3.1011048343864562	9.557951710202557	-5.985070697256616
10.320348406055391	-1.5294049966870613	-8.773490172309053	8.081917631268887	5.1831528916958325
7.370822463262771	-5.1554118060506005	-15.348622552200034	21.140770371219972	3.4210573392834345
10.065078479864267	-7.53769144680181	-14.960818349122237	19.57208126509761	.8881132519885853
9.01817627304276	-7.197218310027402	-14.662163541816978	18.695474111942847	-2.369664397589564
8.121689300776039	-3.685637145919298	-17.12660031890805	25.4450667628343	6.110285374379398
7.717682052515733	-6.551623138969721	-14.636793301525104	21.13506850270218	-2.015926097868397
8.35497906360138	-4.463300020947253	-10.179159573724094	20.471598905217302	-3.311042814649875
6.348560680905997	-2.815768378490899	-10.498148007976027	21.841391413647735	-6.711897888805028
4.835215657669671	-2.61589589785987	-11.310048406595353	19.32190335618859	-.41881924816036775
4.741159941507358	1.3131522399187467	-7.263790442693712	17.866599362191735	1.3497560603497543
8.581629860265192	4.719276094268417	-2.0898625944599365	9.996212575043776	-.5565333363001623
11.97863497764125	-.011837470285801954	-12.114046263315155	8.360519314224891	2.6610058992063683
12.911026074269502	.03203997249883678	-9.71519324896913	7.056355951820482	3.967886649160358
11.365542929545278	.2562877433116293	-2.8768192667640187	8.660881490694752	2.6796116955939935
14.18936408232323	4.311630116925914	-1.7856912412454673	8.843033625301723	3.2595626957525736
12.851083742932582	1.0659048162079485	-1.3110355035248364	8.39897007574897	.3788390327147957
10.198675328143896	.2506177774698091	-3.5436637934129234	8.045186042196951	-3.8033321291828157
11.217607935717323	3.0822609583409046	2.486767994832176	6.087198480489765	-5.808913562494494
8.666684990638126	5.132320441732057	2.618153541563852	9.370439619572217	-10.449759329228828
7.298058704527589	2.1616807550063455	2.1870068030934617	8.776073111052181	-7.533244168934804
10.99182794447205	2.7532752394389175	2.2696129386011035	1.267750745420324	-1.6812271854145582
8.758196657358633	1.1144079411563814	-1.7425434536502507	7.5507386806182675	-6.579814173755657
3.0675932146730887	2.4139582528420394	.14491248036411974	1.2786991113468473	-.34330974558988814
1.6530265371386412	2.50149025812985	-.31871332562063415	.8724056784540348	1.2623009647820405
3.6372267614996283	5.596849257297759	-1.3685621694734476	3.8285763455242217	-.6670543253876824
6.459265888989174	5.876208710898856	-2.390051979245328	11.184777913072498	-2.2795984311897186
5.28603642423755	.6651592901959966	-1.9903943058821643	1.9811867424983431	-4.58087741536138
8.825515009421304	5.991319633730509	-2.0721508972276004	3.0142767534803747	-.13665198874307172
11.43370089480817	10.333931184658981	3.049345078958143	6.130764359197105	.22718276411076155
7.382333994081567	4.443894709544597	.8425200732727607	8.402063287329245	-5.005029888545999
12.990134669801908	1.1440622370459945	.19069956563393176	3.545099430700666	-3.833913570628198
11.53440754248824	1.6832389751857952	-1.4479001805327447	6.354990469430964	4.283075072933723
13.86327017138946	5.514009431768114	-.22633629780158737	5.923130483532757	1.5380621733762916
13.191787594649035	6.004755066130521	.32413188954661915	7.3168135425672505	5.776711934833198
11.114116643044234	4.73733835398045	.9265574418918557	5.806306501106666	4.035842648866514
10.552985031441166	5.3318811301526665	2.5215969755486176	8.799763431056505	-1.695697649388852
7.156748951650259	2.8458152537265997	-2.6592593898692383	9.567428569393266	-4.155402678925089
11.52950303933942	3.953338827661758	1.3299031821455873	6.619095810548877	-5.802933564609811
11.298581153206158	4.198132506718076	2.6803102996371795	12.178250644611428	-6.542204017967543
10.265528841518814	6.131476766727404	-3.2606118824347634	4.192314005385969	2.736393867225564
14.028534004576665	2.5306481469018243	-1.8880939127463523	5.160949205051429	-1.2078824912970818
11.762568713463821	3.818909088662897	3.044442789193128	3.0580566261941797	-2.432628909909388
15.059508639914625	.21812006036200202	-1.4446817287307516	6.9593207963699655	-4.238433555366894
13.035927714433331	5.738029694584747	-5.45376228196918	9.006557906604245	7.4411447441724325
12.702906409344855	4.178009168065426	-10.246914086161109	5.582741252631164	17.426048624569688
16.252914132711933	1.775119192861834	-11.077300499688368	4.958528567381747	10.325003870807677
17.525880197058335	.76480508678744	-7.9664371567894	-.9620196748320726	4.09811865149268
21.850243823300147	-4.485554850272084	-12.242317702876539	-3.781444532947234	-1.7672661246296837
21.247819153238282	-5.381118417719151	-12.471274369385664	-2.4541803322828635	-3.9642869414023787
15.879119630556083	-4.441909205961306	-12.37600284798334	.8067634583696339	-8.074156027598484
15.840812961695553	-4.988232358258318	-11.681131133873805	-2.2617532401705405	-1.7072162810313436
14.268774703542832	-1.91448377922228	-6.1300108434207425	3.901531425853515	-8.830803243318451
13.29197212436541	1.6192000119448255	-3.147990061945757	6.856717622396416	-1.9833752704191558
11.492292885588268	1.4967352705979993	-4.9208408774958565	2.009302942581256	-8.3578471563037
11.95724509346989	1.4872355459027353	-4.341118420627816	9.953704338578454	-6.663231042199105
11.37849875907273	-3.7035053060814507	-10.290902636100626	12.748790799222672	-3.665198297898918
9.10066467186938	-.5961049131813915	-7.232807787616491	13.551982870141	.9575427935723426
11.658858219992684	1.3306819491490065	-5.305442866534344	5.972266182023607	-4.122903874723113
10.350915741049308	.5035766437527389	-9.223130437425205	4.923796353302821	-1.948658361327228
13.380043518458223	2.307423006360278	-8.595280875618126	3.50238431852674	.8084921743379752
10.09971676261201	5.2285099021554595	-12.154117716831308	11.041356885191743	2.7779376697917035
10.2125019539758	7.104558372302279	-9.222324115857962	3.5980873748308095	.726349666254142
6.912971916832969	7.377865277090196	-4.822803074034844	7.567164404453441	3.0096456115542884
11.00622849638822	6.124535341208835	-5.831016680960664	-.023623980638347142	-1.8150058485800862
8.94691618436837	7.657046272101926	-6.938250614855018	5.8017301038182785	3.2289588732410817
11.238844325936164	5.496646324687191	-8.37718444600207	-1.3680606942516467	3.8160687130994404
11.093745163583545	3.5385683085089727	-13.47940484127275	1.841276937928501	2.75209635947935
7.506195407086002	8.866039193260999	-9.758828264558398	5.49949328602961	3.4822632222714303
16.664771233454392	6.161128856126187	-8.077466105054024	.5601903104188846	7.087483604799334
8.38622585175873	6.063839761061884	-10.454195714469991	5.571704112557391	1.0536090843985524
8.498113520970465	5.432301699177121	-7.18792820613162	6.2901719193240435	-3.3032200483095524
8.994350903424403	4.812949653777518	-4.187212999847418	4.584689526404889	-5.916044916447813
11.172504581693016	9.145017976154259	-3.906686555133369	4.243923298935233	2.936898513194666
10.62449941404705	17.155239076053157	-1.4637544950792152	8.556601443743325	9.327640532388193
6.123533785901149	15.77791004269203	-3.4396632235200784	7.542129281609821	9.404178632317073
5.081198657684666	16.337965057582046	-3.7188280460118452	6.642315446637809	5.161928827501937
4.477681856045184	16.85632237326052	-6.805702163395471	1.2187115531256882	2.97004155516002
4.594537020271682	11.960300491346821	-.3865586154626133	1.978343276144697	.7563836423258588
3.233223679833009	11.557470963350578	.7947824797654996	9.422592582092715	2.8853417314251972
-1.4589665349975447	10.75260755484447	1.4239153492750072	7.491965746433067	-5.101097908736762
1.7882646511794413	15.420107950338885	.11272748791115589	3.6337515485880627	-2.0042024685889595
6.914114754839357	19.398896768185722	-.8246396725036054	6.467488641672931	-.24313723710909851
1.6823277448301948	11.304179626045322	-5.442149292123745	3.0340225734523285	-4.232734114668968
1.367082080042564	11.0537595487722	-8.82850067438726	10.009948811642639	2.7105487839427576
5.205878738527693	12.70135548671824	1.4443998170885204	-.2849995375373109	-6.229009615358539
8.821269413891788	16.515841971751183	-.908183939863549	-1.719292210078574	-3.248405926893683
11.982196330435022	22.292660794689866	1.8602883039183127	-5.1429324646776235	-.5653579083336815
4.748689160144363	18.693065883051563	-8.710996815150105	4.85969454433718	-.8193233714990753
.5611044726664444	21.2270034385634	-3.400524399222026	1.770400066795359	.9382121596247686
4.938907402508124	20.375081315560735	-1.2374249321481736	2.7621860673029177	3.6182134966925354
4.72790978515494	18.01216052373501	-1.534656845070251	4.835085029838064	3.862612107617517
6.147777324988452	16.15738006869745	-2.5662575361062174	3.611870393713679	2.885324567408148
5.800219893884518	8.540846766824325	-6.919977291391549	3.5702706113746236	-7.897985889079394
11.187726169355729	8.369937186788833	.030679575578566987	-1.6333438009705818	-6.074489755238043
12.176338277687318	7.3460226749287125	-2.712274365001069	1.5719082008491103	-6.2614972130798
9.32591410244357	6.842871416016734	-2.261624235803108	2.1887114058596095	-14.21934000860542
10.573530144762284	8.376115816401883	-3.0119168799086533	-4.77293320358064	-18.166538198395852
6.775081302720107	8.507088303502407	-1.435577822514444	3.233288396794583	-15.985926106433466
7.597809896440777	11.889594123131536	4.485155591503851	-1.026154982763508	-16.461810231520374
7.301928671794776	11.844264957919531	4.081568057548278	-6.485910959796734	-14.327037033746384
6.894312724470466	10.799216896102092	-2.188182350567088	-7.3327371507138315	-7.420581184297108
7.187143865391717	4.5688153120623065	-5.829625432258763	-1.057205938341331	-9.067520831535695
8.417671957657461	1.2126144691214655	-6.084481149317425	8.523592906917669	-16.41500860581328
8.39460335092497	4.717417268782958	-4.501021075033643	2.2418966490213474	-11.213921745701228
10.87944596875532	6.693968377277251	-4.961792349017474	.2095955250124178	-11.493521317673478
5.806802161087569	5.525554616267968	-9.243255539053843	-.468791579812462	-4.604807023892984
7.331108371161849	7.69814167345127	-5.772762973861129	4.979169302859509	-3.6599815871181978
8.236208955976918	8.50509869530273	-6.832798242057733	10.157764759427927	1.3557443826835596
7.509528439730159	10.33983525439278	-6.748650540625152	2.6586861286409453	.45012600224117016
4.2060898032727705	8.234243475501657	-5.699053258834276	9.449073293778106	.1833300335003139
4.235631707724373	8.625067359498894	-4.146081250393347	5.396462699227894	-5.251119964246582
7.198242132451132	3.4369122584829483	-1.3192232408912654	.186774540202711	-6.442098063215253
-.2686410135662425	-3.2784236949465964	-6.753861245567725	11.66877565054885	-.8321957618451883
2.307452355762712	6.453092123772435	-.296990593074129	6.765050753831428	-4.845702049353084
4.97393664626818	-4.198412344680291	-.7191449556472511	4.454867974187282	-8.028512544740934
5.7311192054809705	2.7400300007042104	-5.085658035073586	1.2902563616360683	-3.607185277331316
4.204188512971054	-1.5830071775126093	-8.72167849071671	5.684575826895166	-7.620854113439929
1.602215363132773	5.016987018439528	-6.703939142625436	4.070875478262923	-5.194740224793494
-3.5385821345661865	7.661068895327562	-4.104189962754945	4.035095442748361	-.6960827250816606
-5.546755413049334	9.19021216354188	-2.068348607315649	13.177818588333128	-7.77922778561173
3.3100765147875726	5.854863797816778	2.5571206774771698	-2.208930476776974	.08940128040197792
-.23508036986837344	.14124426370701082	4.19146069366632	-1.5507084316042652	-.021853506364396758
-1.5651732230183022	.8139013830733	.986941576989776	-.9709765537971531	-1.9924246629965232
-.3679750816119675	3.9634623442814156	.8799818685378866	2.615685210675552	.47970610115597667
2.4367687647383383	-.8209533459610234	-.5611556497905117	.053182323239057805	-.8405915485856946
3.1447932302701576	-.42481865447851463	-2.20499876318196	-.3461513301389654	.21839571097388832
.8827104341741663	2.2356919320951247	1.7629544569662163	-1.000888620860511	-1.9602152116392613
6.549962941611611	-.8951447578021924	2.081820405636908	1.37369596006176	-3.5391871106478425
1.0193745575592184	3.955663793351481	-.4346100337701756	6.964523508417959	3.1535938184862764
.6869683374969405	3.3406761007867347	-3.214820802555124	-1.7084368870249813	2.7665116112290242
-2.1899322291416676	3.7093786440874	-4.577057030612375	-3.9636877637064245	.9757767387544398
-.7319191233945512	3.9933522681421376	-3.9599950529210757	-.7388554389481736	-3.443352586218646
-1.2246341569435795	.5707510396270298	-2.0731372536509887	-.6358939465149366	-.2912636684247505
-2.097255793093548	.45270321701356053	-2.072375194235307	-2.673019062328888	-1.465313617866265
-1.7459574486588139	6.304722835941675	1.8174317143757617	2.9915547018459088	-11.42578896410584
2.892526526298872	2.8381989680325628	-.37142935517174447	-2.948145875296736	-20.685660149311882
5.194183989646081	4.392380370742789	2.0188073349282316	1.60503000369643	-5.717617979620042
2.7298481945251263	1.0330062763157315	.3196960086143538	-2.7807179335847825	-7.0335903000491315
2.22361269768055	5.494118009181652	3.6200934953132236	1.8514260014993191	-2.4762285752030193
-.09763476629466888	.7452793902845721	-1.168512827897062	-3.7441800596027353	.10227960300438826
-.8941494254934061	1.11374170848674	.48058115922342826	2.9346591470400094	-2.4481093224378054
5.200429032030456	-2.569363549293894	-2.9408103497028213	7.645875195401801	-3.231095898874858
2.8441498275683785	-3.7140342383403433	-3.4536150777888928	-1.5418371725661537	2.204490782068966
-.7494954910987984	.613504350574482	-1.0405063757893673	-.3263831625186464	.9815967218435263
2.5776735773695556	.6957549202435394	-.9482793546213365	-3.4258193689562617	4.095331643262757
5.0328529792583	-1.7728373215434876	1.168430370248133	-4.500054252505563	.5058535206781002
-3.369270973518077	-3.7165459648974446	-4.643409450850161	4.5851898444403805	-5.848339575339419
-1.2698702126095696	1.9739704266859763	-3.412441414630799	-.7473409162344453	1.5308093401765108
1.3372806575295144	3.365878342016491	-5.671104054601841	.998512035663571	-3.0136490662048265
5.299431455323788	.5598468987356835	-.9796032453501085	1.820876977226672	-4.285660468726947
5.625267396069368	2.7840768032473173	-2.126734113117503	-11.208464434496179	-3.331376852673748
5.948390273615789	9.65659849164131	-1.7589368307687074	-3.6274274471974346	-2.424017228059083
4.617046697161617	7.364219267194222	-2.6422230072362933	7.0363207496628375	-.9175000105682325
5.4175817657864815	6.6153139862940336	-5.2588817714458855	5.0092003310021305	-.9932527714156538
3.795310845781615	10.504930354270911	-6.0127352052077905	5.727541701460886	.8256151183044241
5.2340080530557485	15.982434528494059	-5.413673408530487	6.847219416465687	-.5322044516420965
8.159601282815	15.01638374654929	-3.660379257183566	-.19101354061532616	-.020171315687271818
8.625092949446717	15.917927129451781	-4.562073356272479	.045601718539682756	2.6625405388525163
10.863380762752268	14.398455941836433	-2.7997627678948493	-.6631765713092468	.0010815412568421223
11.500933822034781	18.059930241775415	.8587061554680961	-4.794512998944794	3.561847752121074
3.5598794903462943	16.38920214653034	-3.747162473601635	-5.312032029372233	.4950594544596929
12.243138182005879	13.16772580545096	-6.861871907005712	-5.375160575356646	.4223087474964522
14.261664477640434	11.369275807777397	-7.645274961614368	-2.435178338214522	1.8273386407691607
12.995609772217378	11.681112622715288	-8.410401012463206	-4.529394991964628	4.907471213047409
10.56070936852756	7.244891593264344	-7.456495378109871	-.8269498739886141	-5.05259623641734
9.322434586469441	10.09631909000623	-6.495195835786137	4.638507497084541	-6.305447789935009
7.861013797646227	9.13585452584169	-5.049241896058988	6.361326655782277	-8.79746913786077
9.187533780833382	7.562443432542179	-5.12834591345045	8.295710613406634	-1.4301460585799948
10.237462526880568	8.452487251174706	-7.5931511538969065	3.4277776224878798	-2.3443462130102066
5.0854167453835055	2.8736666003587494	-4.382267373572766	-1.206146480666721	-3.404806342949709
7.459054529355045	10.902005617436881	-5.855700695326433	2.6694508389049787	-2.5077345229796277
4.830626074381426	14.424597993718272	-5.41095940917133	3.9589471236480556	-8.36215129308897
5.814741810706531	14.392485085356297	-1.358148586316382	2.717261407949306	-4.382428301039992
1.69845463132485	13.81955094153245	-7.618307098600331	6.1515881416367515	-2.7672433951976627
1.492200066293972	16.677517844117688	-8.15192865991624	16.411791583324167	4.447902247070037
4.238636217185299	13.848678496158723	-5.686709160989648	11.41247454499957	-6.127808457837315
1.5218670744894442	13.284012984073643	-8.115438535730185	7.316911764015024	-1.398433821416331
.8137513707894222	11.85821395973174	-12.742134625549149	8.211479146845928	-.8075795256825808
5.513402532716222	12.753833025672733	-8.020818809463634	5.808905835620215	.9906861178800292
6.11509103073622	9.507160172803793	-11.644189167195423	-7.375326719730481	1.349883096112536
7.9389209678544574	5.031734078365412	-5.569957824281886	-1.288347307962137	-3.872103572369916
3.95613228083026	8.294322227654629	-2.0438855605903052	.6298660004730481	-3.8261714698037324
7.216990405996298	11.865908080861807	-3.2799926188487394	6.8811262101657436	2.901897399869865
6.545836040070196	10.997707625209227	-4.01348816206724	4.32951854736095	-6.0948517658955055
5.018319445461103	10.04970889940825	-1.4754893545314767	.8490311101796826	-4.657512169651778
7.754593314111111	9.128314052390467	-.7407168290937116	4.064904416075569	-7.568208466128497
7.123012444741075	6.546162432330122	-3.209486465479759	7.686335713291377	-5.699463260739537
5.651849834366875	10.06219523218151	-6.962786059021033	5.695476927471117	4.940989333674824
8.456316542880451	10.103583066503973	-5.42329704878203	.7408116490712207	-1.3159372382753458
6.296805503149238	5.233406793207488	-6.4411694442493435	.4999718309928798	-5.9108922600526475
10.146975968198443	7.421007817449592	-.9624960764270469	5.795629452196165	-6.613153097444451
9.560891727275955	8.855549896780024	2.422923019101566	4.156400151124376	-10.671418691875651
14.095123521283796	8.441624590636497	-.24567112486189802	4.47044060116961	-7.105818750364534
15.887300377734839	11.317247961614491	3.685692551220421	-6.507619491616344	-7.277679828403039
11.628442534136466	14.892721014758164	4.542369033079959	-.37634972218036	-4.689861803809606
10.392306425434633	13.924550513782474	3.1101231556029467	4.025644512939373	6.1977109167932305
6.9807118548500675	10.188899756666652	3.4823428214778236	5.482416460657956	-3.668160199405315
8.94724919162987	13.376304054290529	6.359813291523144	4.495553448324011	-4.524314451819551
11.583218922657316	14.981573189429167	6.9561146764307304	6.663834273050563	2.3188475457164825
10.18850070525343	13.202015113056122	3.6073910290048525	3.9821381907316944	8.309770135151902
8.69700487823464	12.363911467462067	1.0204281638059152	10.37829966299987	3.0729124836711943
11.160612189876339	11.123295659253655	.11048351187148509	7.293580465794722	3.0853506439851386
10.040228008500833	12.956488236817084	1.3259798341070623	5.921980171122153	3.3168989876678125
8.367428284506607	8.559868152618586	-3.788106639675181	4.072450364683349	-4.355293162895848
6.468945026561275	9.390686258514751	-1.5696797406915137	12.818269611072619	-4.802827018569166
5.1760079007940405	7.695736720770806	-3.316640765449978	13.467555053649757	-7.24391150102846
3.276391914159384	6.579143978968337	-5.836573371304822	17.823228708661496	-3.5665911315477157
2.933067770170026	7.731786537933804	-5.677373601563192	18.236711148254287	-1.9096998051664982
6.841479872869686	7.798779763639054	-7.436947212921317	15.964137731777553	-2.9434510731485357
1.8041548691795146	3.466339771483991	-.845872683311053	2.5486161898356303	-.17607105836252757
4.067561256360391	.2693530887795832	-3.3141499058328416	1.7225447935808846	-1.1816273052337873
1.6247887750262662	4.203740022614189	-4.844268076968582	1.1461071173575694	.7220901648063234
.8947334582392892	2.9255528837133635	.370158258470602	-2.1644123213664748	.3092952745453026
-.806724799152237	1.567226320170213	.03987101119207881	-5.07018805573274	5.931843456771077
4.0889099861822045	4.923620647836071	-4.057548263922884	7.864189783534583	-1.326287902758753
3.2036466473947445	6.8622645315119835	-1.17605636173373	7.610602566156495	-2.651314533608804
9.572109809108362	2.8787301710183835	1.9892416373200605	-1.8202449699718375	-9.193479182624557
5.91851405947615	5.697839564459883	-4.900941058200596	-.9301681102176389	-4.655655580519413
7.90103736012031	4.86524045244731	-8.715692689165321	2.5305041616228987	-3.6577482088463955
10.276797433594673	10.292923869548407	1.316969532400327	1.2958997229341405	-6.758234189804391
7.309203840460241	11.909549408048662	-.9441341044741455	5.004110038822579	1.0578334141471974
2.7617314965413624	10.54075461389719	-2.662319322007217	8.259587510624295	4.625281664903316
8.66041427392422	9.535411574031976	-.24023932397292103	5.443379444531353	2.0697846270889144
8.87825522402295	9.102615381186864	.2994366561332675	5.051725946346613	-4.47175579975588
5.825394883253107	7.9580637343757985	-.037697911099484616	4.278967585145011	-2.2327480016141408
6.80383933940491	9.850460477925415	2.2750206842672775	5.695846252697069	1.8975750119267603
11.02937217151991	9.535206432550527	-2.7602798927428855	3.7197140869672127	-1.4211177851502732
8.605507424798489	13.092049103092194	-1.2882867437530185	7.674475038201939	3.105576079017122
4.602823817465424	10.89850305852541	-3.5640117245576484	2.9095987977052067	6.822218733694672
13.874436175263241	8.514338857842919	-3.801495722203814	-1.1230265192366613	-1.0466859892711295
11.300320932168237	6.033060563365594	-7.729069090209201	.19593425756052218	-.9783609936887858
12.254991675333054	7.393364851863618	-5.8762852431361505	-1.5135633484693773	6.0805526474386085
8.27614553650967	8.65352607518158	-11.429982376360899	12.194075360929684	7.3528823328432384
4.578125245398117	6.52269571795794	-5.860805774891494	7.767317136665488	-6.340470546360296
6.841163379789858	12.904570416326735	-4.451182470850449	3.4456311226901306	1.9613977847969686
3.2212207092457907	12.365906148846644	-9.515930968476702	4.6538801831086065	7.945269029704634
6.056936963749792	10.41377289790144	-4.3439858254195105	8.295741347412134	3.3291642066902574
5.970428070816576	13.508717955943748	-7.49222714717658	4.25491771650724	6.654433693512198
6.495382153140458	9.530175149263547	-14.240421503395556	7.815786862217731	8.889900406740072
9.377831286397699	11.594291594318795	-11.30374123704718	-.7549814258256848	6.884103157424921
7.832863890899029	11.860422988826983	-8.196055463060919	2.510992904034019	9.16598337108636
5.998171962756597	11.928234865685152	-5.839427123712488	3.94618791457477	2.0410482441362996
8.403001629401514	13.520841297259278	1.93224712240956	6.139323074220069	-2.2209360023929645
8.484058638167197	8.830101370095628	1.982005866651531	3.038762608752738	.8048976509616901
11.90231336343886	10.482783146250332	-1.8090293141750078	3.1017607149595188	1.3080296750905867
15.095122022206187	9.582582406114101	-7.430235957462887	-5.854850120353138	3.508118672228903
14.894954093053306	11.916592869398734	-7.348270111516309	-6.967976141323671	8.00803295214449
14.387246677891236	11.1804386155683	-2.5495994435434173	-9.217852019223912	3.810462844759437
17.306188587131338	12.395654916169212	-4.319137056532081	-4.062558987429833	9.825783430282067
17.37839325905548	11.888282351558036	-6.9562158528128455	-7.547565337172731	1.0512105872177981
14.959728875206485	7.765652897059315	-6.938025643207584	-8.960413927941966	-2.6289049698023326
15.772730254417915	7.894493962155251	-9.183192698939743	-2.61074499509349	-6.494111130717235
8.91425364072076	3.4137206672032483	-3.6481684339068146	.5793357797311836	-10.689603311813386
8.930011556300869	4.010592338633368	-7.2666838258746385	-.4528972297712559	-8.565504030209915
11.518909981634273	7.051750628449456	-9.564713449568652	.1458150531065856	-4.381502080894364
9.237098572391123	8.5428104881249	-9.26620892629084	2.175675762815554	.6602510923094367
13.240981540532811	2.2246386939376968	-6.643824501867394	1.8430983245719745	-9.89671884429897
7.249826828058648	6.609010876745407	.2754248702396236	11.673707150333701	-11.284692652362809
6.489035479329436	4.715921633488562	-7.761001714860025	4.912356189704766	-4.63366435685766
9.696090198368971	8.019228798884491	-5.319135253000706	-.9667629781359904	-6.955908590405836
13.546764967228224	8.43092984116778	-8.896148798910144	-13.961272706668211	-7.776471738310617
14.440591521478092	6.9754400023038166	-10.92770230033458	-9.849084971465237	-11.084849806879266
10.081986996066812	9.30121188675186	-7.973787260097994	-8.682301471246626	-8.894478740812207
10.635783625088711	10.09993958936425	-9.774431348117442	-2.722145219059463	-5.348054127628903
6.058237291007821	7.8144333776006025	-12.368698241159592	3.090665436292001	-4.873259573458673
10.57355902989484	9.774706483762962	-9.920899490496558	-1.9226473729647986	-4.152873706604953
11.789817560518031	8.224352450499905	-11.248072763128183	-2.1111672947782916	-4.525041682814148
10.290891394424783	6.7835812867330425	-10.17365819679664	8.286599551043315	-.8320570936629701
7.14050926342569	8.584301455002624	-9.291840163867377	7.638054072145873	-.831081559216515
5.322744315724162	7.8599799457558515	-7.663319749607735	12.776190247341265	-.3780382096718653
7.505789833282343	8.834288187085672	-9.42478240635145	8.682177157244857	-.7689403285928933
9.290154365865238	4.7733685040266955	-9.382031142827723	8.132553591428243	-.719454050832096
8.693289810684961	8.160193133251227	-6.771876493339351	5.317500640676464	-5.102423315357168
7.4215981565481925	9.439699809621697	-9.882901263722387	6.7875904692988405	-3.683835920101185
6.497657527525067	7.245642266538282	-12.75010852288695	8.067782332272918	-11.167155663178498
10.38828584845692	8.202990638976871	-8.988512985093164	-3.2107395690826133	-10.256812519785058
10.379089586741665	7.196252367848934	-7.379046709450217	-2.6766962056839017	-10.496039606125128
5.393892392641625	3.472755796816755	-9.085975926117515	3.3118797912945914	-18.664466239023767
6.483579446438434	3.6434937809980643	-5.652171190064268	-1.9778118055043503	-28.539479179054993
7.251419124151793	1.6696921658281105	-9.819804262029892	-2.6029216145481446	-30.601251160645976
9.705986221582231	6.338325676828153	-6.728143901525317	-12.307116755907453	-30.78191881624225
12.355531321175594	3.5314292586973397	-5.591649678950315	-12.739135652522503	-32.395387821912784
17.077510210493973	2.5054672636780753	-3.371556626701751	-20.271878200253266	-35.832025660361026
12.42278925585176	6.52200832219583	-2.998591142610742	-6.6996272880174335	-31.75189862070006
13.927114669428533	2.3468571149351236	-4.654935209495855	-3.4868432541767023	-24.586071995871
8.900699279875022	4.4390968834577915	-.5285265582231191	-5.071714389916523	-27.33165925307695
-1.884484413055132	1.2522437411738567	-12.735892631307513	3.3845375846334793	-15.382210911196877
7.199973911098382	6.770536219442767	-9.637305365474166	-1.7239053172738497	-.3645949310652219
6.456263999663329	3.666410530261941	-15.50488897863063	4.840582335880136	-8.588117598937172
2.610667199009022	2.2164784240125206	-10.001160746233674	7.775635392473758	-11.08448942435548
6.982719466588592	3.913839731267034	-6.59556209989465	.8221821761646853	-14.260693291231402
5.07682613772372	3.112173459110167	-11.179492587578592	7.892605534657743	-11.895968367242968
4.588270027494869	4.114496310768753	-12.132268052829337	10.281883299744916	-18.51135030519763
6.129205588329136	2.847552738606537	-7.30858332160032	1.9527400414991947	-15.827722718645841
5.896914180628874	1.3614977244765734	-9.67307440125547	6.711574239245853	-18.836257951643177
8.267105495685128	6.536989342438662	-8.283899111772374	2.7220660508404135	-11.108722418849643
13.74665749245094	6.883324929043376	-6.723958412745188	-1.6670695570738845	-10.33926219507222
15.338162947179518	3.8781347916616977	-1.6024448055602543	-4.563019841384365	-19.37109526159462
23.737207258726592	6.564565337502807	-2.1119932007592195	-13.52086381753331	-10.636548155426746
16.87468115019906	7.196093010463974	-1.0211290826391333	-1.9933496035035891	-7.949466831446146
4.997391597614313	10.631216485811702	-2.582493112616893	3.116152308311616	.7999127578598078
3.5697028859553463	7.611100274709968	-5.859020385189081	3.5689634618222534	8.046533426174511
1.986367154064981	9.060444631678232	-3.7253508281016865	8.418668475328312	2.7514366406354434
6.766605727917602	12.937470608218666	-4.102241059345772	6.808572935558686	-5.334825686544587
5.658911196487747	7.480291992174942	-5.439949819994926	7.534946911467966	-3.2109549674368876
.5636329513476166	8.151376125209588	-2.6630657978644243	3.8341205990732448	-7.836724464074926
2.9179213826742414	6.498820164000457	-2.5780898457479107	1.9271679947873994	-6.664292123030954
1.7788163976258535	2.6313966137504474	-.5160469243251975	-4.544296978734929	-1.5160708889407535
-3.880583028154942	1.8394590844462932	-2.8965088976415796	.7789218617367915	-3.334175693252889
-1.320599474163373	1.3501728359974705	-5.443733838373564	-4.883414316825459	2.416758015022317
2.265755271329134	1.6394833420575272	-7.17156136460803	.6490120501511429	-3.6531789416821607
3.1770960464577853	3.730647321125294	-.3472688125507071	3.497198708060928	-1.2994946640838585
6.215262420233249	7.77020933722787	-3.5105214674219845	8.227941816806668	1.770914148760352
-1.108887488542647	9.65075753162094	-6.664028978623711	5.172481087846844	-5.468890659562699
3.207215301996207	5.92439024987724	-6.522692661014937	.3282305158933738	-.2707634165411484
5.144441287480736	5.101935705367562	-7.802664163411537	4.837497698210723	-11.849440553364236
6.76236433015573	6.825107852574646	-7.302083423821035	6.210354483411982	-9.698794384375834
13.267296887026658	3.341953792060431	-10.320672077416575	-2.9853118784942243	-10.13409907895751
13.21977911949104	3.0841928883070606	-6.315740159573534	-4.37506728972086	-12.48551478479633
10.761481783734448	4.494068596467732	-9.157391409732796	.4589378934453465	-6.1198621078758615
6.503946115579362	6.28669796675567	-10.791517455341335	.15880804794388326	-5.2751990133649365
11.977863756756825	7.534954104543277	-10.499092002738601	-4.47675052070103	-1.1501974884434225
10.481948209696101	8.616452715347778	-13.16031777165083	-.6724873379432574	-.8303342878420992
10.044297227327533	9.280361152835608	-11.12549156499413	-.3833774511019624	1.6269454316622256
9.318620657126516	12.163834788875251	-6.725661544791043	2.899689271490719	-2.681487665429803
7.180168884933611	8.083499641897376	-12.873328827861558	-1.6376969628381497	.44830281913043213
9.632977735805138	7.6249454342440455	-11.309319274251203	4.9964346472133725	-5.240369116255134
8.005552640104444	6.405024591539487	-10.890954318609861	1.273056063603499	-3.0591500732589636
8.449630163886154	7.330220404420701	-10.137414395109962	3.8669010660192105	-3.4259067553052063
9.655652735805026	5.735900741414784	-7.334949747394783	4.143630147167823	-7.546545105020156
6.842392755346335	10.490813714588272	-2.8577203592310245	4.298598670394548	-4.2549341147633495
9.798861961754012	6.359567394399335	-.6970538089315478	3.6801597670138584	-8.226345531336575
11.42426533048621	5.6342309406669475	-3.1312331276113867	-.09060332472247179	-8.068180037564485
7.743519490514643	3.941982856885501	-7.660199447247113	7.234827408459446	-10.816968378878174
7.070817000475069	4.820896983242702	-6.897122412382146	10.701774822617555	-8.2090560958586
9.166982031434266	7.156027633888465	.6883371406943939	3.041385006076152	-14.94209557781845
7.6775243544637775	4.004364909035685	-1.8632452911467632	8.131284466319647	-13.537159609940275
9.139610776418898	8.805159608438846	-.2843183244430194	1.7451787511049495	-5.981868300588449
14.08612553480635	7.1476936899787376	-3.2843945647810378	4.187050476497648	-7.928874911254372
12.952781324400824	3.0266533985971336	-3.082480471617076	-1.475697497222089	-1.4095722354319506
6.5052449534241985	7.717711851732261	-.5191222904124094	1.6076708602702472	3.661444903759589
7.236332462693252	4.669366511833557	-1.7276289690492503	-2.6657902469910537	6.522226775896047
2.2296355281532128	3.5633814573395073	-2.031950816112632	.8597668738362645	3.6516547107680015
-1.1184751613530792	3.093432801605638	-.7511245321964428	7.590177829330175	-2.0946164450127496
7.623598182555087	6.77385948545306	1.7581311578697791	14.198303834697032	-4.988272396688334
4.954515673034809	5.4347242593143825	.4650762170956627	9.695687702401985	-7.125077900514584
6.22946648280773	5.179687821045425	-.2543203848811777	5.004049461743142	-1.6436203420759354
2.86211180226224	4.110767386166035	4.238157706773618	.7935824290789052	4.303036089390593
4.682778041365596	-2.688370089148314	2.4021505324362367	.4051454377762731	-1.1264835433720917
5.13791539121057	1.6626733645995002	-.5332112357585088	2.923597065454802	-3.1333468868789875
4.489983244054361	1.1090305436048606	-.6149439422548646	-.30980826054067423	-.5699235087025037
2.562299750192939	.3565522798066515	.1207698392109422	-3.4414855817611762	-1.7894366577931073
3.7823060830351345	1.0693638659605988	.5293213364832796	4.164841415773495	-1.8631527908262262
3.144536272198726	-3.314956784330093	1.262895008248293	1.823768446174124	-3.863457588131696
5.313559835921634	.6822944467647147	.6992511824602126	-1.521107234337712	3.506582761776576
.10886445368984224	-2.351014434068349	-1.0855356225813997	-.26866013566741515	-1.5352073441149725
-.21500309702167208	.6626269581066286	1.9029435715771208	2.559527489301717	-2.3883024265811805
-2.264843501831211	4.492922225952386	-4.132709159509817	1.9791797283613548	5.509247206760633
4.167482136230181	4.253961645073759	4.4087526213027415	2.4957410488157796	-2.3290297471691854
3.2065529558043964	4.003814467094648	-.039598357304025764	-2.0296872390305674	-2.472290267051148
-.11820260951296213	-2.489749987953309	-6.919605677671153	1.2904113042087313	-.6763602262441246
1.8460100090605813	3.190386107913865	-2.5187846735269837	5.450309431224532	.704849505298836
-.2568530184999789	8.571199297657197	4.440429809812374	3.2539963225037107	-3.5017417341927914
5.506027043414879	7.821360927292256	-3.1926221119792766	7.500107134549715	3.487445778213285
4.989456156701784	3.287334133958779	-3.4679317041921176	7.7235897661094555	-2.235373328784143
4.609264847191473	2.9440454819150648	-1.080408156727717	3.9768970645755495	-6.891525406154064
10.020790284717194	4.892073650889639	-.5527723623746403	-2.1950094019146156	-4.280141325354353
2.349204002385032	3.62859180509485	-4.4549156791236575	2.1698341810878143	-2.2382601983489296
2.564705569316868	4.572047618484609	-.560058410300186	-3.214464648894654	2.3833643540498715
-3.4327057266295857	1.6679949786278576	2.88645789800048	4.339630715543615	1.1262405698568476
-1.733200433400385	.7693172310567562	.7540446335337263	-3.2470203763731984	-.6318096223024192
-5.024857813338602	-1.4838113099012111	1.1316486931909857	-.70400333235105	1.2433276334180232
-.41092969249552924	-3.7095759333097313	-.5608910763829009	1.3790467178035768	-3.5327197079318013
4.421987656748034	-1.2205133487445918	.27062099077448637	.5703734992586732	1.331870148081177
2.172580697076909	1.8133012242384718	-1.6213488321975031	3.464942784093738	-.9281727057555099
1.4268055737314578	1.1402647472337444	2.149737764870384	-.803953902838531	1.7419994910039014
-.19688755404147784	-2.484751146831338	-4.41170890546039	1.0865345913626685	-.12618182111776266
3.422081648285451	4.360339189602549	.710033908519545	-2.972948247132487	-2.1717485232884264
5.885428677295002	-.26569379304149354	4.140477083415187	1.0523168218820418	1.8688970969256236
9.408911518005299	1.7456084556272553	2.8078849503487526	-1.9250441041564468	-.3585002294269759
12.215062085480483	3.819794809034873	-1.3375288785732378	.5045434966336968	.16813085048516163
16.896166437464252	3.6548305586022396	-2.202298229611145	-.36004153260577226	.6025908934953699
11.349496189785361	1.3085600921343548	-1.8524510342347422	9.132634342525353	-5.2333626588542925
7.386886784485212	2.3101459407709872	-1.1878494149352203	4.10035788626051	2.2114150233647267
4.035546156599003	3.6831805098221566	1.8756112890240693	3.2174317543114452	3.0519712843431317
9.463184502212211	5.319633778395902	-1.7277877749872088	-.6490712979978661	-.3024850013608704
10.199470407299986	4.21788343805581	-.10176972056755756	2.784372975899138	.3558266303172605
5.557925238971507	-.22542192305553854	-2.9434787017316846	8.454813442759038	-7.959686013221502
7.0543566467333925	1.8177014538920901	1.3339794885581806	5.77074390982244	-8.523614130084807
7.743097652981614	2.485678274746067	5.233348861922531	7.178946241548548	-7.2483771388799045
2.936967588958219	-1.60722006869132	-1.3109734537368722	-1.6693305128976652	-.06487388913049241
2.840003318743266	-6.831367713869585	3.6060212004192636	3.4493598155700593	-3.7713056107544434
6.442437862428331	1.3259879334538884	10.001446944630839	3.579019097588474	-1.7722957988804642
3.014020548590157	2.205805328051212	5.287671370016221	2.4567311011959294	.6160245629753983
3.0488200275680724	3.5151431942095646	5.0254035169501705	1.1307093912959727	.7742643797950001
4.9287771227014945	.737849352511825	3.91442879589326	1.1356410694286483	-1.6355096652999288
-.2176554190885872	3.5571509554236913	-.18961538201350558	-.9125966309540683	2.5299332257759697
1.7935606221925622	-.09635337731855642	-1.364559976436543	1.949798271058873	2.4884435526318507
-.9637563614537474	2.366071486720627	-2.0079244902618663	3.7592197882359484	2.323074474086588
2.1202169797607726	-1.4930482906809766	-.7136438313466041	3.2083084192120124	-3.4511050474611578
1.3230305542262293	1.2150589199316744	.6256847821716809	-.8435382741542385	-1.4499230182858718
3.1387506013314863	2.673783232674353	2.2148523910056825	5.9240101985550915	-2.1506334752803546
1.8582001452340287	5.145360003625957	4.645468613635048	7.411722594027003	4.450305244931407
3.6805859272582455	8.318031520403357	5.934398162153658	11.496035204865779	1.4532549248520972
4.232462492610866	7.022138537811294	3.712060846779148	9.130442777306065	3.703717888426052
5.285138216647423	.8212681196767618	-1.0416060350523113	.7963250985244545	.8252754875022522
9.55542294208096	-3.0225442651676113	-1.4291248767922957	-8.645405825959944	-1.0406859083838331
-3.745917143939786	.10774218984887529	-2.309098228213379	1.1241078051039994	-3.514931798597601
-1.424891607663956	3.8793232265939386	1.2078228368395685	.4872583064167931	-3.0605473448459666
8.700086744647692	4.3958316774076875	.1151712412305137	1.994882325371798	6.010962087831355
4.168956578978987	5.083979128635827	-4.1970303985069926	-.9360354229265672	-3.4278553570502384
4.039620370500195	5.099462904573118	-1.5685173194763573	.6616524883671154	-1.5652269195366537
-2.9049865584671775	4.151278867032561	-1.9059269174584479	.9298970292769964	-4.86430109728041
.8559845171485172	2.527468491334261	-1.0160135577644671	-5.18707869139835	-2.8033594044900005
.025088483741353085	3.164486332286729	-1.0188183366557504	2.336705718047156	-4.064730147444321
-.8224701727772559	2.4995436628850447	-1.4841807942153649	-3.203383308519431	-2.9903845145143015
1.5061182963262425	4.0054964639896	-.4144530319079057	.04678933422642251	-5.230041268419921
-.6864595785462431	12.482718516711367	4.868067541230387	7.112041105029201	-5.167832071830641
7.5904327293520995	9.8642642766071	3.307665115638973	5.405464159484543	-2.436191047423052
9.543969757289867	6.017583875893314	5.983137333823497	3.9307676960643474	-6.884489753089806
7.922559646198383	4.62532611888777	.46904512758816896	3.7236142135792916	-10.202670706459005
10.076647758654833	6.672419668806205	-2.4350830789167617	-.9675927960023665	-5.05606931535981
14.910994608653672	10.30131451422012	1.81785104495459	.09827747098755468	-7.208556265933258
9.597991035643675	11.132012936457128	1.185024769650652	.30017493819620855	-13.280664870191979
6.251104349143959	13.781405016801125	2.635713184170754	4.038957961129283	-7.12008927041478
3.741559712710568	15.01250673940047	1.9966500067791806	6.310002955443595	-7.5288625511716845
5.4292552947197015	11.983704435661677	4.246413282312704	-2.082800429436822	-11.882303467667034
8.510000099055905	16.172929283817854	3.8386699434358977	-2.4945289649089903	-3.311132887499365
12.551123481498887	15.34272893128673	-2.9299742806956384	.6373787384216277	2.06270494012971
9.638264919853352	12.195481843511569	-6.582771359890242	1.5591305554120476	3.148933267174982
11.854402322634288	13.622058462642359	-.6233825770104455	1.9739379315969336	-.8073993205968568
9.143610962831989	12.745880622390334	-1.7572616382850503	.8236993022819055	-2.510759909505966
11.916222348884792	13.209491987538197	-.25162709139079786	-4.102761051144331	.25991645427727716
10.616741264625812	11.68348141556092	-.27542334517848444	-.7354185073272648	-1.3278250870419146
12.6278552761462	12.027003906969043	-.7613734921030563	-1.0946584407285156	-4.7329228571626905
10.803677821870622	11.432152431245841	1.2352530322609452	.4221249729842729	-11.10562968501807
8.60997495207597	12.875127738788592	2.4884267939939937	-6.3164739141623745	-7.204881649197165
10.52366693747871	11.391567502272181	.9110539220658099	-2.5780663082307207	-6.910862330663371
6.863443405052501	9.356203885536956	-2.1367009995361657	-5.131510450726365	1.7789829764513156
10.516576065469604	11.95918743239998	-.9448559735530485	1.0124209605263277	-.5783191549392683
13.226963769936932	9.817655198080441	.10743851414213657	-1.8681016116656743	-5.313472828967734
15.007846604608986	6.924566905055135	-2.1905952181773207	.14407556699868806	-6.741399047538811
18.734313846597168	4.37770652298291	-7.347606324845783	-3.1172920627578886	-.0694998302770351
17.392613492389135	7.419747894141265	-8.000274709864499	-.6647267833684878	1.2097423415646322
12.736090225995905	4.287347369716424	-7.154446501969141	.04456652894446078	-1.4049971158912382
7.898218778344941	5.555147665253061	-.5878997621081975	5.286510849070779	2.04358624114369
10.13762638782707	5.639256323076405	-.7233174339079965	2.6418147116703037	-2.2686485148726816
8.221926380082953	4.842647995543367	-2.5664301868380575	6.124542560818459	-2.6931743449235475
12.346308585083714	10.125073714499116	5.563748127628636	3.976374534437938	-2.8042739376659793
9.943757168117992	9.541287240475969	1.870973384603985	6.37150653433579	.5154226596147397
11.783138308209164	13.364055410831535	3.566062286247721	.6228696781603608	2.6401093535655518
10.956418063323271	9.771114917275453	6.009727572182532	2.727869675515149	-9.497263153299226
9.255681375419066	9.49068079556091	1.2600574398693314	5.319032736253759	-7.9299900663534615
10.143636007967519	6.569713296158629	-7.964324819900938	2.943148454403692	-6.390097286788386
2.7997789503223727	8.538578380062885	-5.998305867490328	4.823419547486061	-4.810647551983259
4.137009874888482	5.105574089699898	-3.6273252651720993	2.85449157624191	1.3508279503352274
3.4325109555931714	10.8650671066651	-.4872060249664485	5.726038292787365	-1.378064446519212
1.0727297076795392	11.786937202663848	-4.765665870352164	8.717970790155935	.9834006052825317
2.143839135706801	13.419326263859746	-8.733172444420525	8.147447800507175	-1.599257031619334
2.9668858685080743	15.79207979223089	-7.931176815543322	11.209067873241079	-5.371726532526015
-.7700213990736842	13.118346814978342	-10.54384605838964	14.39649304729704	-6.670958731545412
2.22479970790509	11.399713526247803	-7.365597814490246	7.437919485493621	-5.242047606839979
2.7154688668141693	12.05881125266555	-10.089084362156534	3.9471838361438896	5.534025183846827
4.276806874847911	17.1933622909946	-7.291704762738199	5.875659772741465	3.870133601564867
.25206731904110113	13.995830500103065	-11.505331500324308	5.060091231122936	-4.911829142900968
1.8775183602192262	15.214430082304759	-11.303886308470762	-.15064269973505606	-7.2308985606455405
4.599701373334269	12.637168828975872	-18.738360150222377	-.7553529242543642	-4.031978368362602
5.17314249316123	10.765879325774145	-24.734595521557416	-10.493282962095096	-7.041390942132227
7.618095102788928	11.145891892545636	-24.937687088005024	-3.5212800695552704	-6.652292997027959
4.0509352129809075	13.59624094086639	-28.19097173667663	-6.709121104353149	-6.218678352302005
5.289813711121268	12.72955102887088	-24.141937158700916	-13.84810481347252	-7.871000347085247
8.563411763430071	18.01926906795445	-19.01289216947452	-12.950660121056151	-10.589140861127348
10.947837812748316	16.245149782726575	-22.33499858916862	-16.196294010158667	-10.21750972107514
10.626852119342646	17.804734998496023	-24.918829936844322	-21.666653450798677	-15.096419531388554
12.03596049994132	16.97405627796236	-17.066228949010764	-23.659497522692853	-14.343189749421713
8.310496334727793	15.416008755574454	-18.903093131994567	-18.109294909876837	-15.722718085488221
5.773369270815593	13.107322288335004	-17.257739099594577	-12.983971280033554	-24.23731010977083
7.8921883381627325	13.642259774858248	-11.22485609016118	-9.02942047796898	-21.435541841447527
6.473504815142407	12.59824145298031	-5.685551604313706	-4.854281047495165	-37.22103769118487
3.527649456509571	10.982213323249958	-4.676716470534904	-6.61297286981812	-31.20668581135133
.07727818956425869	12.914380656706303	-7.996819236210252	2.5258080351531595	-19.66863963202278
1.496020371043318	15.700654149991037	-11.882918477881827	2.4926399000673993	-15.564873596782771
3.398280346122456	14.665523419530848	-7.344138911317645	-4.336068555858756	-12.085144388542629
6.359471120496059	15.291078618900082	-10.39101710283078	-9.538328783432828	-8.44448524009201
6.4912178212063525	16.81107223929188	-15.653834317782698	-2.3947032395256844	-5.385494411627931
5.549883283695429	13.82465079298287	-21.878031642467278	3.7372415819394185	-5.251630989253789
5.0154522275042615	13.52740611080191	-17.02412838931286	-7.119355077350987	-.778297294431527
4.640574773554324	17.616092812170862	-9.997232889272448	-3.120286911349179	-3.988366745455657
5.226874689975907	17.0806011465893	-9.958985952225376	3.9410230732927607	-7.685895215945258
1.913241161447704	16.574531982080398	-9.246537406260526	10.017673592955877	-2.792149728199293
-3.400844370564705	13.365866235954181	-7.3065506081279015	10.932834538323336	-8.462701914120624
2.0165778003342645	17.37656331502263	-5.811690965315529	8.547251983101843	-7.120993248819827
2.2917699663408264	14.196724160269401	-6.118954269968583	6.181328041770388	-13.076002189916315
1.0893181271404369	15.276051739201185	-4.023645990776817	5.548662213959106	-14.13935670031346
3.379790954065723	11.939068418461126	-1.7641897676382978	.4550114204461315	-14.733658385024512
4.199201892508631	18.017981731178295	13.765673114695058	-6.306107832946251	-18.102202179480557
2.0463128555276087	20.749762275925317	7.814971999887594	4.855958224440344	-15.98632177617817
3.8226582099442403	17.429427430468536	.16926437397356708	-1.78095068980089	-15.669076190867447
4.78935355431492	12.54839863447135	1.0159004845786548	2.9345473674591096	-20.218259181916533
5.572337113942169	11.090271683249618	-1.553383547593595	-1.625348610826445	-13.562977175116291
3.7085901002852326	8.904378324441842	.9525361653495477	5.80693667069506	-11.747721836450438
3.541391485888288	6.235172403245593	-3.8647142988255254	.8615740653655986	-6.703341970201525
-3.458654545210443	2.9001657598007378	-3.162696478408537	-1.6536860323582852	-2.299810988083065
-.33274794299936383	-1.3143738823774211	-4.152483264975746	.11619673979073486	1.0513711020409948
1.4892487918847985	-.2125214606340453	-2.5548198753054	-1.0531156106564925	1.8552108704173895
.3143472155337411	-.4096048433081444	-3.364463300115397	-2.1762704837494002	.0828206903400639
4.675066090262187	6.981511602986918	-.24656455978842295	-3.380041302805925	2.8393777733616767
6.9816554300408225	3.6649659104513193	-5.295583929291072	-6.177705660411206	-6.9453528605010595
8.882972403543494	-.3039296244028705	-1.4635485371016355	-2.1782017167787537	-10.496814549250171
3.6040664537459435	-1.0843548323622758	-1.1716502513611378	.5640659541291699	-1.5005216772926793
2.627552823283602	2.0612612675937476	4.511534741218369	3.202751138990326	-2.476781917259647
7.285518085778099	1.0416061634764007	2.5872893697367516	-3.6617203060712327	-6.488082242286175
3.8158153681206697	10.487856112016047	6.37411105812024	.03953094004728874	-.8368059051358059
2.660493825036088	11.063631031452262	2.0269172488675244	.8808830368487808	2.5063154006072526
2.1311103108083396	15.316626090193452	1.9709103428925292	-.3905479317400462	-.01247137351055061
9.232178202054172	13.34223392646031	4.874298427809972	.814614016412504	-4.73840893621216
9.525502876008634	14.404719746313155	5.929790973683718	-3.1643076546511164	-2.410461955576846
7.724196245360308	15.342078864862415	4.912827666831773	-4.399925795265974	-9.583986741082564
6.863119121333946	13.66307324788506	-.5884779373295788	4.632665964159899	-8.189699174457266
6.60735223313717	8.262103102908526	-5.695172594689862	-2.3458448284841835	-8.763325810083987
5.765643871573462	9.671251759944493	-4.566122548862303	3.323255775490871	-5.061181177981495
7.871926134987624	8.273892670275178	-5.467721155231067	1.1404601753981152	-8.46167184338815
3.6963895900796886	13.356526937561416	-5.377836306853815	4.101737078500511	-6.988456876839804
3.817352104704881	17.039036282879596	-.5469482310840325	1.0302790525843624	-10.924150991841444
1.9354244916880736	20.239858664915285	-1.2057004364194377	7.780945401370816	-.5871104287527905
5.659213219418298	17.351166438290967	-.6213151165538942	.2829951012968075	3.8350081385504375
3.1666477197542204	22.705849157393686	5.323029905753199	3.181734064532903	.45987619904601895
6.119474644681421	21.476813580828246	.4209583034116078	.8112449977656611	1.04670414315048
6.453815499665221	19.44855843764911	-2.0129823759265255	2.4657144732901366	3.8212971600567407
7.319929391208447	18.830807717532338	.5763085772327502	1.6027775789158873	-2.8041739609695364
11.689790188736422	18.42150925417876	4.247680825095129	-1.1279800720260518	-1.9229777099833836
5.358145762190941	14.892308544837796	2.7587864420341806	4.313903688195468	-6.8714435395725335
3.502466604318199	17.805532299686732	1.127275768255858	8.34491137122283	-3.971883434639955
-.978364133511251	19.458596654422944	2.7898506576068147	5.23662145556239	-1.3126086424634713
4.708388574309566	23.720806157650927	1.3743246546766719	6.062651155510784	3.0962981766961577
3.5332743023034014	22.907062443061317	5.000631434208118	1.3611939727787958	1.3181542380034355
7.9693148615994716	24.332539911658287	5.248508224147185	.611884103248044	5.350195508504082
14.364483470816523	20.528134306958997	2.7640448989246016	-9.761499308048933	.6028905219567768
12.801571017737912	17.260759971465575	1.323366192107191	-9.27724024233407	-1.6431092047261637
11.37547952319564	14.5101990964472	-.2726531878295658	.6702581115268127	-10.88702345598931
6.6185457081254935	14.738341414596608	-1.7357386394563774	4.253272494853197	-12.174496881062247
10.649400394613007	11.512599258928967	-6.308777634699545	2.3180848118313855	-9.592652397090017
8.9938327671895	12.937536914655075	-3.4534771184450053	.8602864131702705	-10.591772235493096
7.730256279700852	14.083445932625205	1.9033243506735857	-.13417193293087637	-10.931653741056515
9.463540920698954	12.610064237143675	-2.4059627116068745	-.5487524560157194	-2.4315840718161263
9.81003957770626	16.14233337262081	-2.048662098403439	-1.1456776169833034	-.30650047133650715
10.000593379414656	14.274625610000657	-2.0765871473024076	-7.004433563087231	-2.435539432808847
10.840084534839631	13.77218742917518	-.7874133204282179	-7.478477432159502	-6.4381866400566
14.861317668809242	15.277192276096084	-3.8214989502248864	-8.335230493614636	-4.934086175647658
11.542636840046116	13.188015379478538	-7.092823038845331	-7.131178468738375	-1.1384663322185293
6.594490552238351	10.359887615510123	-6.490442694407115	-6.155951907767001	-4.37633756360937
11.030878574428403	13.993499924666349	-1.8260125663986209	-3.3696152792825544	-4.740095961842227
9.057769244628842	12.721052916789395	-1.6155259893567742	.9304763433359542	-5.59260422557036
4.757213279140664	8.933946347511407	-3.336416340436874	5.3523879257013505	-9.016696084317056
5.180306403160844	8.089540440210628	-8.279110992725867	5.264895167177015	-5.267518476421655
9.156437375496596	11.252098656953349	-6.472567300090193	3.063450155561551	-3.489218538318324
7.01795662791248	13.597307444525589	-5.711002601839899	5.030382617755231	5.095623675782967
5.141882740528272	10.721832064684074	-7.590758775745138	8.84051387697943	6.195753872519166
7.217989734289196	14.263626211464503	-9.329375247218096	.8013975607954169	8.731902364637318
8.563200363798265	10.1719910783711	-10.647502219151587	-.6520209329132407	-2.5757883475103847
13.488209343673457	7.816778411214622	-10.613211073469545	-3.545888268724818	-5.74111844682178
12.641969146092498	5.209532964093832	-5.883700428623186	-6.490919262696594	-17.64984471047355
9.06084230486801	4.720674719402356	-6.030474465491914	-4.884679940090379	-20.673482680915498
9.788418506821046	4.345648114319959	-6.5604566856289	-8.3713591715485	-10.479437118406763
15.150783405232303	5.46407861879635	-5.823394562259578	-6.239571187994726	-11.871919246687735
15.245102327468668	6.237903620475478	-2.163963934831729	-5.036075322241039	-15.982859726698718
15.51348466660311	5.912106409315081	-.38633298897993695	-6.267022306504029	-15.203375901340504
17.194981975620912	2.541455614043651	1.4055287536708387	-3.7865876454546985	-18.66545441251611
14.791972989048908	3.0976917622904536	.3948974210657157	-7.87245706019487	-13.039850177033374
17.254806443926167	6.4802417737210956	2.523912442918941	-9.955345730356418	-14.896148935979541
12.762120734182558	5.510080389267117	.23947653717737638	.6269885113320197	-14.230510280374228
9.095556885913412	2.1345843278534993	-4.052934932128421	-5.990928993342745	-7.913527778975162
8.284285479016305	4.461418866185368	-2.8069171639966672	7.727608392086374	-8.754355287475823
.7062854210283582	3.8835741532715486	.893769567654354	14.481079108816184	4.262765265827998
14.531243615887654	3.0936370992366267	1.898140329021152	-.7127155388510529	.5715339536533032
14.118208751550139	.9467757237803234	.7015381689666318	.14800666324430467	-5.426526389740809
13.295366694800386	5.220321890360223	-3.2924052619064716	7.595398842257004	9.24351085584295
12.148968786479506	8.291172170791958	-3.985306603444561	9.43354715773251	11.993056272191108
7.814684358077063	6.193374381861164	-6.608051272358556	12.91658667054939	9.482166880284685
9.90656647205103	6.107232659622524	-4.847130134894529	12.109643676175338	8.672364901551791
9.204168582931615	5.761586279774482	-6.059962349153611	14.193149462278798	7.22561292938419
9.848389235040061	6.400562049844457	-2.2841012791901023	9.297260491837275	6.267485081837113
8.345598309955278	8.505378759573034	-2.286495418542654	9.350787093185161	5.623064881227024
12.628865633956654	8.619097996730524	-2.0781895215715136	5.006190666755155	7.963118419278058
10.00676351533413	5.828919676962509	-4.249870092760922	12.012530315953141	3.176899687067434
6.470261088429068	3.6167157552556675	-6.426203987922792	11.357728891205566	-.4904919622930332
8.625996885976251	4.370957811240765	-6.236624862113089	4.763063367095532	-2.5039889501837274
11.143130223060357	5.225527997731514	-3.948824357556943	.6041992989714677	-5.510493345179958
1.7545499832650058	4.001234415448829	-3.6252365391246477	7.242436355632261	.7731972552021933
8.434416608353178	6.137604386680527	-6.370730873060517	5.9495535624596485	-.19473325018483628
5.695970224604444	7.987460048615573	-6.743278120950789	5.219101216133632	1.4200408138791336
8.81251942213704	6.2103848940493735	-10.349555643991497	2.3655570146712925	-2.9931729656185104
4.086210196289489	11.331836417146885	-8.133100034635659	5.16477604911907	-1.0779603726940727
7.826111342471487	10.148336241021227	-7.975940064527691	3.069592563439006	-2.8321640783913766
2.7039797300344417	4.687813629910353	-13.150011727685452	6.130518688112008	-5.33469522634932
6.099095619828311	6.447413305396919	-5.839918266719275	12.818699357737302	-11.441513440409292
5.176510406182868	7.3147817193244915	-6.5716513967488845	10.532341096686512	-8.355457707368
8.0087535214504	6.774157489235363	-10.735075169627176	3.693058682643384	2.494898246400721
3.980500774003568	8.199911680135063	-10.12267922409203	-3.0689669665403887	-.8876084148292377
10.521903099767414	8.001600281559327	-10.849199682414593	-5.414112059529398	-2.2625301391678305
7.675005952020966	5.455693121406534	-16.335859589761466	-.01130048821385924	-.1815347272837493
11.089381755902458	5.191829499109037	-16.214589575437003	-.3408669357313707	.8835461802828899
11.992850432062879	6.6135544388020975	-15.670437364127105	-.762092593035778	-1.9558253694312562
5.693540806874644	7.544107722303448	-10.774741463133484	-1.2773400797364147	-2.7487055401641767
4.936672914463511	1.3983995555648987	-8.665753380100881	3.9195733382678326	-7.814106208447386
5.704705262266901	-1.8844306410966891	-4.697846557425633	2.165114475067782	-6.089258933016685
.9441733273464794	-1.6253372616687922	-4.0567073990975455	4.726729107710728	3.379533371277678
1.6635158221116277	2.675051245744896	-.7131585445750441	2.6606238409582588	-2.059725023922977
.2185442386070307	.6675294745861766	1.2206361602533558	2.1309221391240616	-.9178889334264453
.21843549085546354	.7610991483718815	.34946132860757373	-.7171263798780735	.44729384498012
4.75010771139937	5.727988174577064	-2.8473179494649896	2.0959956085104445	5.337213868292052
3.9692241021530132	6.617264663246261	-1.4806343664234718	.7997412586531852	-.1468619398804364
3.6700823191496648	3.8868091595501912	-.5900776543181967	1.6394986793038426	-1.1286883679882318
4.461119505851281	-1.3057516885690486	-.01024450077439265	.2276708156528967	-4.514108555670118
.2709722167798829	1.3397942897193682	1.2088522229954122	1.2407721928919773	-.011947913852042635
6.209874266769195	-.8556398381295971	-1.9979795767534139	1.019746368328873	-1.6344014269102365
10.060574776183282	-4.7386360890116235	-2.642543946152133	-6.774123777818277	-9.710678324498929
11.831512561364276	-3.249560142619434	-5.5606563136967955	4.528651614576502	-9.701517787919814
4.382219407823666	2.2101228287732297	-6.680924765379476	14.536059335900505	-6.425812571616093
8.90347717655293	7.386879891414749	-6.9971352096322645	9.879450392323491	.7714087257496444
10.749837611312502	6.352056698392373	-8.180690145243044	-.7827196872312041	1.6941067423287826
9.160082284942947	9.803106953481013	-7.885755655588287	4.2730821496017395	10.57160813291737
7.4206203259277865	11.377163039846689	-9.346990756524052	5.586959582139751	3.787082092353734
10.426801105629902	6.2190370056169435	-10.067251638676327	-.8047576054798715	-.4049271992496284
12.927493907198716	5.36977513159378	-7.794935429690257	-2.025415212697386	-6.89301798137401
12.178575455761115	3.093066911893449	-8.689826688699245	.6374476322510398	-5.729957245261986
9.91256631361513	6.405182714462073	-4.439527287480246	6.384817144361961	-7.176105866371906
4.1282320155948	6.902409926765474	-4.933283606867542	11.566522894792387	-4.678241762477816
5.825160146693342	3.523440709351784	-8.135418171650247	14.10377406054786	-2.7296224756064875
1.879562369406589	4.137218271629004	-8.44238165020478	11.648690333559811	-4.351371340189825
10.517690694589552	.08515559694591213	-5.321153714257631	4.543796022820693	-14.557544291977138
14.963485336777701	-1.6941560291300735	-9.17819577679552	-2.6555516794249883	-20.24852114633107
10.6976384473118	.7405355494653756	-6.855163600363564	8.69905006161876	-21.714616286747884
6.151595437599012	1.5065972370792968	-5.90113474218191	8.759978634910686	-19.749637065583443
10.63035378479255	2.2441820757062114	-1.4757441542979808	1.3436889178654041	-18.90640554514349
11.58305910900496	4.79455585854209	6.165457802172364	-.05232657918712791	-14.105359561383704
12.08763230334443	4.259008841761405	5.700316926342498	-5.765711680340747	-13.111656485800687
10.210610454433946	5.393908877261692	3.8470803139347565	-4.323013846217625	-5.767137829709855
8.395304744944964	6.930929246345775	.20081703837884796	-.8295428761733913	-1.2751467283301994
.6188867769004256	3.465348989885454	-3.981948719160913	-.5447584577457456	4.8611504499865905
.9465052068477404	6.636553232930305	-1.9337221947374135	-4.305425407551324	-1.4779949795500564
8.239430250077383	2.011898169441238	-2.7970502814047897	2.4222410222002067	.2297015665134678
7.182768332327065	2.973171255510155	-1.7766545514950294	3.4134215115641395	-3.488897379012575
10.69582141203865	1.8044333207020007	1.6776209966964848	4.4080804194685435	-6.981412514808898
7.237763149550841	4.285295802320279	-.8859887680377518	2.543349073865898	1.2118340926335003
9.506459963446872	-1.9773130952608224	.6812422066093903	3.763218081017731	3.1823937388044863
8.314038606112579	2.824550761351631	6.073762442955374	5.131427048393393	-3.1313677715840345
8.336286881431255	1.6719995203921048	-3.387192154161647	7.672879799399301	-.6694336149133642
9.955752825935566	-.5762473649138065	-2.9951074119065666	3.5344599276112114	-2.6847039349279296
12.931890469069858	.23769792928351657	-5.042372532871043	5.7270651121554845	-1.8166467273724443
14.827027321141074	3.135989616186779	-1.5327942526436593	6.169150274077396	1.1038094292952965
14.393921162488603	1.4302996691177436	-1.4385834216316784	2.217249755498594	-4.63906803313773
12.663332757081356	3.7415477402281025	2.121448266205391	4.804713264357184	-4.079270399533584
9.102780230542391	.46370469935004155	.7992202261614736	-2.445843983960155	-6.3194801493499515
9.408027567858992	2.6679550563685313	1.4267703264659	4.762725122355457	-.8619123742838886
3.6194879615540785	2.1268699726665927	.26809969972112	.25269663403261444	1.7438802451420847
11.563931209634733	3.1955380852249857	.088613930102791	2.5665035606546356	3.8482416476727446
9.93777676715958	7.2700931700264295	.753891845963109	6.249605664988297	2.1557368690871144
9.373580571830507	4.463851729719294	2.338837590781563	4.6723391462171975	-.9613800752473662
10.366619302689205	1.6018218966492157	4.72825763376313	3.0116023698395438	.2540145897604602
15.63096078283306	.8736827117444683	1.4144721000999505	9.01348533396833	-1.1327394652762286
10.232850311007015	-.3558939979210606	-2.096836997487042	4.045756474365387	-2.955416654668224
13.998715404764502	-.2565658414037107	3.2533115926784513	7.766097090013679	-5.3993679795506955
16.550123563746677	2.7039396179820057	3.639244242710575	6.048654819727829	-.4587590041633348
15.610219275877832	1.3173833982620982	4.853813610736153	8.695754880541278	-2.2553696215950403
15.178990083246324	.6840799399197488	3.7400437179917567	5.516173376608018	.5804450973068833
18.184673235144558	5.3334863666036565	4.965158260526669	-.3481152865575794	5.633365033014127
20.8368070164648	2.413373691328242	6.295204322169223	-9.195838354045428	8.185657912195795
17.485494471862836	3.5960086221078473	8.718026408902567	-4.215085216314088	-2.2528997116776033
16.87307351140503	3.4368458886186266	5.78544227721631	.1855243852913528	-5.036702439127809
15.319190223084398	.2644605272553753	2.8027423623705143	1.108645628027991	-5.974989223054711
17.698673482354042	3.100481616138235	1.7770672871747264	1.992526091666543	-1.2843830916886696
12.604396180008637	-.16057923889292014	2.018116565520173	5.28518082057264	-7.666990134981691
15.579674260786721	.3383074228359714	-.8530768490194488	6.5216711563897185	1.6523212260184243
11.100485042921932	-2.4357599684930404	-1.6314850555709604	4.704424814290308	-.41831526430392174
12.558511703813263	-1.0411633800947901	-6.171390338658463	3.808957591555648	6.442578825864681
9.999023678019366	-1.724290562744298	-6.861344070612356	10.37124853662716	1.0908195031628336
13.618904645970265	-.7831143244651959	-7.798803041221637	.9689476450954735	-1.7766548613372874
9.59174942156272	-3.576274955310912	-1.0827656171648619	2.8931617357183725	-4.306488848155335
5.798776059525401	6.550475932527069	-8.178066744326648	6.5439778197491725	.08686757511802326
9.158569611898104	7.044922741876101	-6.017485559174064	8.027232023147414	3.8556824484163794
12.006673445563935	5.714279855491473	-6.343279973201652	5.881828172621632	6.3667175294156575
12.001653313724317	7.415714892793426	-5.559514911657476	4.975521142912797	1.0431908163584724
12.701151929577117	6.074535433141124	-8.884614120617853	2.7076489626605706	4.72724445243256
15.389541235149633	1.0776768347092465	-10.017567199052483	.6182370565884786	-5.586615080912516
19.17146297662997	-3.5412811341591293	-12.602878715080179	-5.299730901747071	.006096659820932437
11.206561344033313	-7.1785381685186795	-7.288802975783882	-.2143095351433819	-13.384125935948939
10.174608619714565	-8.235698730842065	-3.66061095229901	4.5915825126409056	-21.54126195514195
10.162664761513213	-1.317025593285297	.0948759833738444	11.05580099132489	-13.445023963991838
9.165481985865254	1.727412497562443	-.07583267271222432	10.09628447388894	-8.39285717354048
8.549512457897361	1.8067322899091316	-.45023546232909073	13.15485299447682	-8.826936524459994
7.950976876189157	-1.604157797418264	-2.876431956390867	9.77497566332195	-10.532774727090482
12.64383328936749	.05452118708036169	-.009627348957576998	10.999707536394968	-11.451045957251647
13.657265494923578	-.8783606682232026	-1.8789701824446285	2.3467174535245863	-16.359419121773573
13.039878489582522	.1151482822687635	.0687488764469234	1.1490751774082084	-12.700657633325061
7.964744622272139	1.8900201939236252	2.3530083655717284	-3.21882192526438	-7.077292247554475
13.28003335247413	9.518606006333211	3.299548569228241	-.29914746527114344	6.09633404569781
7.709791208002842	5.379672559262261	1.539941137710827	9.073281842209731	-1.7343646491711466
15.569401281480669	4.21535428749096	3.8321694473542833	-1.7436599507597674	-5.9843199082237595
11.85243171017491	10.636872794864392	7.157580922771457	-1.232840264607059	1.1464883547072897
14.440352561185408	6.775338020594736	-.11861625818940752	7.714761992486867	1.8172086131837346
13.960141139386343	8.078140035308891	1.4670341152418582	3.9641167230399157	4.362040069594544
14.394185437238818	8.529149211127342	3.360072196023906	4.094755080364184	6.821187542462363
14.111819566309055	13.474477950350021	4.142800188091486	-1.492443170414195	12.285037133242929
15.954565541682951	5.453394642571317	4.811958409129694	4.1287030632138295	3.4618088379081033
22.294147591675426	7.668202968347931	5.197514360966787	-13.007272701652834	4.3384380840957455
23.402149620292555	5.479352579736596	7.131933272563419	-10.589866552204562	2.6929210857268875
22.411930372538954	5.731564795634023	14.934167915841748	-9.237988073031152	-6.885379561615403
19.434544766822775	5.275619212598536	9.797477396220406	2.0014230605243957	-3.6270414281015357
16.650477416844137	6.639314443660696	12.578234542788648	3.8943393970328097	1.330585700044083
14.92124404008	4.42159293750598	8.15343675664897	3.166796953708697	-.2131442653999105
17.922379628563178	3.577116396308261	2.7376099366965496	6.739909506086569	-2.6024493997200895
13.186938620668393	-1.2205918716680735	-1.4760666129066222	10.280282115632748	-5.932988186461703
8.20692065864143	.8247085369964919	3.0704252636112117	8.01296030432189	.2355281450096759
4.7687981917542785	1.8779548766072753	.7391535712495401	9.231914522820936	-4.299755218747498
8.417765074995616	2.8014063582049307	-4.051193594851171	10.074121590823456	1.0432056848866589
10.346093636087245	5.273342036113962	-5.062546152572997	7.862398520435174	1.0826460400883593
11.94660956334862	3.569434548454964	-3.7610038412371414	6.53178387135696	-6.594373377534437
6.759890660880298	4.00747736699395	-7.9252539978913745	2.1110553081535186	-2.20308587254002
2.9467607073063466	.8624491411852568	1.9377504297993537	3.827099263172136	-1.6264809674914578
3.5299205943980554	4.522123387678374	1.7020642024363366	-.09784530751084919	-3.140043971199791
3.141974109590626	2.078280683672766	1.295906767213646	-2.439422871497302	-2.576350906817479
2.332428267480895	2.290753690823883	-2.1870687589399624	-.7860902820872067	-.8205080575969949
2.905475661295225	1.1454205642754527	-.9681954185616051	3.4421022158426733	-6.908870583087079
3.0027758719429642	1.4004093105198847	1.7670242210601401	5.463290795399025	-10.567055357256939
4.836461341715983	2.107460860211148	-4.263387350293007	2.13256452574533	-2.591037445530842
8.372861929865051	5.700940887296667	.11786336081070675	-3.613251293701378	-4.706383573456659
3.382428346514945	8.123498084624234	3.0380440492268157	2.6498446101858257	-5.411741344637794
1.8506764185960023	3.9575122227589805	1.5898207674901104	7.160111029836883	-5.095710169918197
1.3037345938631706	4.946146765188358	2.2291603519060827	6.719211016813904	-2.877977031529102
.8877160263726911	1.2858184186023267	-3.1890035612793675	-1.1473213517501177	-.11948686280794951
1.041329415948669	.9824095088579972	-2.1930484581963245	.004428566377773697	-1.7883846067486755
.09690045993968832	-.7275900267625725	2.98208104943234	1.668676063008992	2.5560791232270925
-1.9434589352875458	-.11629700845060065	-.3675583510101039	1.3056286440377216	-1.2745477603655577
2.462252031696818	-2.1267552428402734	-1.7226947400237949	-2.932220953627726	-3.058252593033416
3.40481753858589	1.6922364499088405	1.2366336036696581	8.009494271897957	-.17544037986572025
6.700482993101906	-1.1572376367933175	-4.548233131675851	-1.7368282127168424	1.15127571026304
3.2025375819009407	2.368251794101587	-2.3227430479423252	-4.0486475234740045	-2.367710159979368
-.4052525093359327	3.206077437537158	-3.9983016109431437	-1.381682522823298	1.9560365758589326
.6911907521446207	3.0356245539239737	-1.3762297639659384	1.8650234597130086	-.7234883759123437
3.3102132222570555	3.8977676869774305	-1.791522453774284	-.35533613292603605	-3.4595272359594906
1.1056703623430857	-.4858989714522348	3.1432816643789168	-4.114655499192515	-3.6758306798931413
2.7719285118370323	1.510460988189393	-4.091321815711969	-2.729038264182206	-7.08914451217517
-3.1914996305877885	3.066838077588321	2.9273321031806114	-.505874866047462	-3.614095430794422
2.8214548090710982	3.4225661611025604	-5.302102548884099	-4.915919465473628	-4.79647364828072
4.593647066342682	6.762209154529358	-3.3899695981822195	5.161405755493246	-2.7033895435260655
5.012808548595967	4.772683536406093	-7.900804780295559	5.441214490918009	-4.029492447702675
7.110415843612486	5.48233068197629	-6.925770734847239	1.4115921845700314	-6.506263219032732
10.33341975892929	9.242094268533846	-1.8277497291138818	-.5965271310448401	-2.053725692372634
10.96568798499521	7.255086107653352	-3.772612904264344	.39569244011331156	-2.8079100652933944
4.494915890634956	10.136096996079367	-2.8718121030979424	-.566967223051213	-.13293372389108882
6.662058917992244	2.623108331696311	-1.706329882161216	.9351542677724579	-4.182085669419235
5.2698301926910744	4.590679011208243	-3.750701779808841	4.448244371232336	-7.683260970178106
2.5532390111658367	4.5411421148520565	-.2774353664456781	-1.4098069521844692	-1.8745394163167288
6.73519748923586	8.353918565498802	.8781359226369732	4.9994024549673055	-5.808161535727255
9.311986599080527	10.390453646462566	-3.247561584492322	-2.0122925664568396	-6.582806978020753
10.855294688071389	12.502180873753026	-2.909260743461774	.7109882573426913	-.7934085206248593
8.15699473620253	2.046651673930585	.1642527707154433	-1.4678228633486814	-10.049568467037577
6.813449743451292	5.735202684067522	-5.477135515570226	-.4526513656502711	-.5021054629337316
10.79436156224603	8.266570444628094	-7.863938321380051	-5.071215042256876	-10.342963566403451
10.196656442765665	5.897769214097783	-7.2570752541355334	1.9274913265065388	-8.766303803514598
8.371598517382928	8.464415901343903	-5.713040448816047	.967126853212754	-5.249407520744622
7.718897082689949	8.196633321124574	-4.373727238778945	.5643975248605699	-2.582772841679631
3.54024177671985	9.576960736909555	-4.071218831118921	11.745703053627174	-4.019867494404489
7.43666745646891	7.0397574694281575	-4.129753469668123	8.568718370838482	-2.0330689003275757
7.856063833495616	6.697862303314833	-7.372449659108444	6.005832370417316	3.1623046501199132
8.636551801744181	8.917405394708076	-6.355594909900263	4.787238608596285	2.44754945701208
9.931540120507549	12.586383927565958	-4.720285826731824	-1.0683417631601724	1.9201552260819583
10.283983268421245	8.877464417604768	-4.263815091552365	-4.009127197003741	-5.0911653429357635
8.855164289957003	4.867201647803149	-8.719481549350636	2.404743805298407	-6.7661746362991
7.651912916118596	2.834305232744881	-5.725141972237218	2.6738856030401568	-11.586637050793017
9.798467925030364	.7834512108143237	-5.571653381121604	2.0278873444147156	-11.923623081606955
11.031175179521341	1.121390890536752	-4.15631506983558	1.7815177691786914	-10.440350001039304
10.022457212733357	3.6079966834731048	-5.96899802447	3.7810409782742687	-8.162004932144278
11.39473543766792	3.8493926573065402	-8.982403505648831	3.3787550851929806	-2.748001428149065
10.842456326080363	5.547389592652954	-7.60250823418154	11.582169492580892	-3.5346480071591375
8.770687523340467	4.183462007444305	-2.5261643643827583	5.7148413780346	-6.252249041366186
6.6580779899790965	4.108453601552726	-1.3657847551716182	9.615237111319296	-5.209131545629659
6.0118786196559615	5.658703448516326	-1.850286427535729	13.354527971822865	-9.025189688022076
4.288254634626837	5.440599017154693	-2.931256641788467	15.811275595904819	-8.152529478208344
4.575961392419828	7.538304586971524	-.9879016637158249	3.0814557084109375	-3.0999050598490765
8.765890531087273	6.137678443026946	-.03967567811851935	6.769107351977462	-5.592470053085069
10.049085442476139	8.137833973806863	1.2474006150551291	10.282651145237367	-5.374461610632497
7.451407973895315	7.012144459259343	1.743385599715694	6.5875020635056085	-1.3163700322951122
9.84747388765468	7.384697377633103	-1.2447714375522696	10.158170383373703	-.34127826420199414
7.2725173743635585	7.019823351590051	-5.371001025027802	13.082967600091374	3.5396759877774846
6.48348758490607	11.526186123517284	-2.9964119675333056	9.620882507104156	5.857415214906597
7.5159603653455305	10.30734742200189	-.6946288154397584	4.174998731546223	2.360249858190568
8.940383328010043	9.894837247068244	-1.7405802465770708	5.260022921774633	-2.6164737022360596
10.083640073209132	5.833530472335744	-6.313272479996465	-1.8465711686422699	3.7262448692233425
13.255616022036005	4.995655066879129	-7.7169027857967585	2.3085028213213468	-1.4583544909304198
10.924606745806132	7.668940726266359	-4.087281404265461	2.5376192827344477	-3.901503860265743
10.727708886748744	6.082861400427053	-.37163361150264645	5.106688042887575	-2.7722762976521738
12.421379786072453	2.8742778800683704	-1.954701549865515	7.5045143764071955	-7.905989635202871
10.12072285650925	-.2556247591928327	-3.9703181074803293	9.437918646915614	-3.7472531432690985
7.988471428063662	-.18374773418675794	-5.210204119346974	11.6492635349758	.25656019799868424
8.961308310197623	2.1809230504378987	-2.3953594965634935	12.48939945592187	-1.6685528531155078
12.887668826803294	2.0398967681735147	2.0948312298308185	4.426697125074253	-3.1319484120667354
16.834521907468613	5.13957364763581	6.939173717541026	3.7053548676706596	-.0005357573843187691
13.008824439107226	6.179539000748254	4.6839544561649795	7.336014899963994	-4.057278230805786
12.862897080048327	1.916825186054338	2.934921758945124	3.5085280730106376	-3.032503643336554
6.327244844844987	3.5805534551224314	2.2815375535753644	8.619009786532736	-1.1975104147444755
9.986791207140655	5.190732535693537	3.8171956286074264	13.132406490794155	2.225334300528897
9.710013633361186	7.315874465815631	1.3270622481602026	10.694753355880497	2.0897871067610923
8.874711996976702	.6999974861082785	.5721390683940706	1.5219764353555703	6.455932059730234
6.023179409878644	-.3434989470790073	.01592628835957738	1.8107697271617778	.6741990636261895
3.4683496310728845	.5883849812704849	.6726534878883342	-.6122693749075448	-.501503446533442
.04608015225360407	.9136029438884077	-3.7590054843690273	4.044328802689253	.8934391170260974
3.1954508098769656	2.578206580911343	.7609161794515967	2.9278624380103375	-4.271128004691768
-2.522872567166049	-1.3169343965583362	-5.171132784972827	-7.952091254840064	1.6022723228477347
1.6301812279560266	2.549603898908633	-1.387515323205188	-1.7600451126896388	.17726180640694533
4.047021113978367	3.2789126892007108	-.08926191955321183	2.484384783878094	-3.530244632561784
1.4708551957328297	1.644817325882019	-1.73512923749304	1.830456340658288	-4.897892684401861
1.4548925148013112	.7142180005146574	-.02065825405395849	5.903236744759429	-.03568997987120642
-4.53168274038986	3.7431402621436067	-.0709138464762635	-2.135683572281734	1.8237322794906539
-4.972029459202219	8.760711473019393	-2.130959200693491	1.854502663938654	.31850315140320384
-.6589957067884673	6.844503112263608	.7001889558308824	4.308051582051624	-1.5877524267398666
.5762544127665813	2.158179269051182	-3.412881650247023	6.0128912560807475	.5067572053898646
9.4666942781558	-3.567962358678445	-1.8704727167089792	5.692649545602912	-6.837849659886067
3.180849587231962	-5.684597378078398	.3707341832836437	3.147271029014316	-2.668664998053753
2.6243348087376646	-1.027054782451454	3.613941216324593	.5338265209833696	4.049739209324321
6.365128878887015	1.431496861159963	2.202728920224012	3.5643515539710653	.2529110072940509
2.904053645494904	-2.951117113496893	5.218091993692462	4.573617898010929	-4.944714534616376
2.160950111410945	2.1249556543420143	-3.1698200027487573	5.403640164120754	-.7448038774864054
3.862643059041978	3.200614664392619	-.08595514573977986	.21235116789740816	.5006894704872631
1.5473895632022467	7.134155146171502	-.21666394640326203	3.319049039696288	1.9729626735873087
2.373726606374932	2.027409553866737	4.430527118144725	-2.022635383982074	-8.650721833656046
-.3495351544165312	1.1725749306935072	-1.6311929247221175	-1.202085321916139	-2.6013118293740805
-1.7062149970784701	-.8322068609052242	-.946445237985488	1.3204479028214469	2.1746516224006784
-.9312725458838518	2.3401372787188186	3.5767174981734646	.19731211770052393	-.48261674600768456
5.09345735874958	2.059917751814144	2.9245785004183333	3.361957831463786	3.6221392368240988
4.286625845083972	1.058692721166927	.21947686274863953	1.7439235183678932	-1.672705826155592
4.515638149297058	2.7462791057653826	1.3476191792219803	-.5936536617354486	-4.0816457490978255
5.655266019061257	7.716020323346446	1.2775695994872818	5.292651269694781	1.8008328109185716
11.482693396833454	6.610697469992991	1.4140682903539539	-1.6741178597597361	3.157249858485016
9.877655841608346	4.651475688692201	-.2511815626544025	.15303211429801275	2.146929668855743
5.519456241274423	2.4016668908795467	-3.1372940565781002	-5.458598685372064	1.9893217640358853
.7205435464602776	.49165851877095246	-4.826985025924115	2.527682159011189	-.24167340410747462
-3.3926254737406354	-1.3280622857853293	.5884088185238233	3.020129209999946	1.5005878062831925
-.48073461041777776	4.901127222229418	-.7884558665518702	-4.733791796089406	-2.616432459368113
.5874188261602377	-2.615775301565301	-8.168705415990587	3.486980889017319	-4.262238074648413
2.5765074971342528	2.7213471761318786	-1.0517040998523726	7.98318704573574	-.42176824226057463
1.2165465495497454	3.4638577112901694	-1.0130501739040199	2.330148600700689	3.023194553161623
2.185924121997316	.5703290857437299	1.4636486339596608	3.124830406555652	-2.2864982282272943
2.546005320224964	1.5823821396235629	1.2959083140192416	-.5666205469112628	7.601926032166217
2.7869183726289513	.8538773475468049	-.8831076636153303	1.6207219128174888	-3.0123530739046096
1.9937533550336806	3.626862340167544	-4.640625773145358	9.680377682065782	-2.4718198536104525
8.62592488868621	8.822444740360167	-1.9306714951285628	-2.3268507074459324	2.2424573158673504
4.00225428311213	5.309858786524686	-4.233058049066224	3.8073299104578053	1.89549337530097
7.355540974438271	5.166765979578799	-5.064192119313549	8.261625815961192	1.351858465594214
8.009069164806885	8.77092134499963	-6.371021789491671	10.204048620227905	3.1091761194888425
10.963148955047306	8.187867576035542	-2.405887375057306	.4178432012493177	1.2032456703630912
8.007619575314255	7.99397014944491	-4.7498133328090635	6.153658191977012	4.882150814005522
12.374399741012857	5.136303495392796	.06962161608740158	1.9972192499876504	-.5777801530567879
14.903261282801495	8.542993289846422	.10356829853573979	3.1732049541888596	2.009777441785668
14.381514745930051	5.254217619784292	-.8051662973403415	3.0831138853772853	-3.1801212019577654
14.850363928222507	4.222599633359902	-1.6137404320246878	5.426612017245102	-6.091815383003
11.287227802650484	7.62731118793277	-2.3886754450974013	2.484697423001553	-2.73690214085095
9.23337395526134	2.6616188720207896	-3.7756440551714445	3.6457905843473846	-3.124373583078074
8.054193467691983	1.1622817027738062	-7.109337864927646	13.542125045595824	-8.972217661766537
7.786309340348241	3.2382846686962576	-5.596972372847858	11.490968778165724	-9.83993803963335
11.186482738695107	2.272344034169725	-3.957156972330479	7.571649054659073	-12.296191580586486
9.593705502716386	3.0332572723401983	-3.462099321278564	6.294161835445711	-5.445846953601115
11.578500036354091	3.783035521167579	-.8279246522713872	2.626965066673959	-4.797871057647771
13.008850129065559	2.6463517850741773	-3.3313831741958877	5.420355765396231	.9328993486525506
14.998729626965698	1.959791670925663	-.29540541679334736	1.9300274091059557	-3.291218889828041
17.956272897021073	3.054445811814567	-2.6002622716438166	.3260438217682343	-1.4838102194277738
14.461091363382742	2.6250525167286867	-5.121353096622897	.6649839990281223	-.9295681658078665
13.837605494136026	3.289080992435624	-3.826733665756887	7.043045570285592	-4.633859926831046
14.866728517125296	1.0387830533265485	-4.314123416470949	3.404744581982732	-7.241790329609074
16.057513235931122	2.4668479467515994	-3.54472510282806	-2.101892147567462	-4.385088070626525
7.621325225971989	3.5649311326287214	-8.554315557195347	4.519069769858457	-5.712714336464526
