x1	x2	x3	x4	x5
0	5.988528431628119	-5.08627865174565	0	-14.8075884701429
4.790365892805707	3.5065347829832962	-4.424089069359989	-4.751742441277079	-19.9410724830401
10.01196944480913	4.266661511427098	-2.5670750609773965	.3702037466249557	-25.48670910696429
2.750643161272847	12.692048848613862	.39522754742931204	0	-3.6394814628384546
3.3015648002823026	17.601448607820583	0	-2.272709996359711	-.6019364141821036
12.562543210789197	22.354504495462045	3.7712048405588825	-2.715208712489866	0
6.459912275528884	15.862968421225135	.7283876965832129	0	0
6.636098166921637	15.208348273134932	0	3.247352352494164	-6.169074378930602
6.681135811064522	11.601599362521068	-.5765413101545811	1.1753402364203074	.7956527535054412
12.131614311725766	7.566196228974813	3.2471652914703926	-3.3521009191752738	-3.9041974709526346
9.174676773798215	4.871549260503468	-.9930467563086459	6.866937016508586	-15.726352400919973
9.295066726564267	5.340283627184265	0	5.727991275383766	-20.344463954246073
14.25918982844442	2.801890336705445	0	-7.209406218350967	-15.112468944305315
12.858713118734883	6.599590887838402	0	-1.976161353163966	-11.854254063146586
7.1489479937156375	5.244534397794247	1.480137028547324	3.6169679368768657	-13.399655475038795
10.395280760691177	9.819411652244508	6.60657640793574	-1.1700489387983475	-9.676906138535541
11.909839387935063	11.337837011329265	9.570564137102275	-1.4736886329207541	-19.733227640794272
10.306729101892826	13.115383117159952	14.246503227063144	-12.296334441842369	-23.548774199146955
15.119000410199712	15.714682285470326	12.462057404717054	-13.770997541343059	-26.875289089552112
14.369311686136479	15.267401213781566	17.20515713056123	-12.865857437977743	-22.325702734766132
10.46257275562516	15.08083296734328	13.851905244126948	-4.98640952962308	-23.07828505669097
10.261351605104531	18.131948235035384	15.794701479646996	-3.533457632526955	-19.201938234425864
8.98408900199717	15.367966672191802	6.907150235504248	-.1980831988779903	-6.943541806693474
10.163720839760817	14.16222838148567	8.750364668286563	-1.5811766128804514	-14.284009051105414
11.00922699639436	12.428629389992523	0	-12.716781207432375	-16.632208744761428
10.541530367526958	10.662750325202898	0	-9.509306656055406	-19.29429072482411
8.591176104510179	14.37879408949	0	-7.640792984979048	-18.32027608045963
7.812605523637043	14.095027120831586	0	-9.643871170595128	-20.129558513467043
7.245127464782609	13.83510381576294	0	-6.954967479300687	-14.969048827716433
7.0014685053321175	18.165973556333903	1.4178344904958746	.6870470014813685	-15.132984447099046
5.547114368084387	17.87937093953993	3.1092229931231663	-7.666794249763072	-15.495040251090114
6.003116197372123	19.65879841980809	.8466389595217583	.4403387567871522	-5.2449988798089064
3.563557480093777	24.397464676235874	1.5765987879887482	1.6828677052791399	0
6.925607952922775	27.32984215196658	7.343673485647788	-1.741782729407095	0
6.306490716617461	29.131889039843482	5.142130555994823	-5.746266281966818	0
10.154623012709278	29.401569514968912	8.101739282545132	-9.239773346938428	0
6.639116289264737	26.72921480532348	3.76912096482535	-.5731856660491188	0
3.311091085031879	22.924907215033446	-3.799783562776895	3.203853192431903	0
3.4249212934558635	28.939378521514236	-2.637903894765095	1.71618291429282	13.707019024331702
4.382400017838656	28.18751061965029	-5.364783424917644	0	18.124196146243055
5.7681022335363945	27.208479478721078	0	-2.4607632085737636	17.14412758407467
0	22.112106369215024	0	-5.106954568413211	15.050519589041755
5.794687439203462	14.727141153101055	0	0	13.998057083839532
6.947316891166732	13.399981993255688	-.48398856957472847	-.5807703806319383	18.97959367156904
8.43491716098965	19.735792759183912	0	-2.8097231488488195	18.713105508119355
3.4299124100423657	22.937030001625633	1.5371576444822797	-4.578371037327013	17.37955609369047
0	13.907844916000062	0	-.756434644386065	1.7749654407441384
0	2.8235200589709546	-1.355784762021674	2.903496224353127	-5.657287625615661
0	.7484926851152243	-3.04728111617309	-3.2201833579880126	0
0	1.5426080721163844	0	-.6819351147746726	0
0	4.165579225250163	-2.897089536000566	1.7637282418739133	0
.3784945932163291	6.423789709080779	-1.497665598714386	-5.0033164103808385	-5.345860413543049
10.477058547872332	5.374701219953619	0	0	-13.198763963092704
11.38481748455621	9.53293789252067	5.057569475258917	0	-8.589319344584315
8.471718071566196	11.947258968384077	2.6894840304326992	2.392552139974774	-4.667840460432857
9.477171673820074	9.044647122105825	0	5.050842228583107	-10.211835724536092
5.472650955794143	6.578003785539694	3.971799245077069	.9292008772051833	-.4685687292937111
2.0874638023605514	9.120918172904988	5.294344515864387	0	-4.901115969274277
8.65780120759458	8.271134301162023	3.2392330293449594	0	-1.9132609018766484
7.486305869116295	10.557080616970799	2.8951780194628114	8.13705226228776	0
12.87834337362552	8.783597171284597	3.4731047620593696	0	-7.90771907283622
8.096322625582088	11.807701567182363	3.609919830517094	8.752641469485607	-1.8053101860904688
8.252013105574076	12.360138902128003	4.9386227200994925	7.693060823476749	0
9.630604233804192	9.217466648060142	0	5.124860743994115	-4.277230039941292
9.210859402648616	11.901406432939499	0	7.508862965868703	.821237976662091
11.933766508160334	11.520934931996067	-.7767617649319914	2.0834113947438686	-1.6175080024749307
6.79380282163994	11.435207196214536	0	6.410596318521327	2.576606665094616
10.016827434920167	9.624046814811893	-.8621346063048733	.7040659328284713	-.6291782409396622
10.198255528704406	8.935625456546955	.6196463383565971	-2.162752718551691	-3.193381529179667
10.24922393608525	8.408727104930371	-4.643983863172734	-5.0153703620569	-1.3154065767969492
11.787034259064258	5.421175634318387	-6.6483065029327735	.7824700826290979	-8.257287048836004
12.326760040104423	7.03944255919119	-6.5580534276553815	5.164906675645196	-4.689887905576851
6.436710138923079	13.035195741306888	0	0	-2.7079416701295167
14.092833153794512	12.807039259096117	0	-2.4432215857790895	-6.474544171167592
9.167822385342351	16.9632553484793	-.8164891235903515	1.9258732253142672	5.906198360132336
13.22488645981689	15.17202541858457	7.2308980103451805	-8.120154592275455	0
13.602980717452612	9.052227737229552	0	-4.336159016935627	-6.168579411031917
13.837623078115344	10.62394732314236	0	1.1236563637876282	3.251976526513997
4.1009540811595695	6.911598435915723	-7.115383655949186	7.654523824190326	9.493223289679818
5.34139090322512	8.971975426915227	-4.432593547664493	9.388817277639554	-1.2426236392025443
5.485821022541109	11.147179791761294	-2.2905844212629325	7.229188873874048	0
5.577120536840149	12.934266981041267	1.6184373342198575	8.541357861972116	-3.8635635993973763
10.89034247920306	9.155138482577218	0	-2.794963085207311	-2.5784586304277584
9.4455190677008	12.237924894224893	-2.008056033731741	3.4560311096800875	3.9596914174773743
5.901014012213962	8.073865227783307	-2.224947757132641	5.384206648791188	-5.006915094581991
9.906056509474446	9.563272556282898	-1.249475631760884	3.953236682611645	0
7.258934532173925	10.872830475754418	-6.490207072671449	3.512738373439498	3.6318927940318195
6.713978795176824	5.047627413821339	-7.168715036082121	5.702806735398296	0
8.518969597708022	9.7231848070353	-5.941452963605444	8.863955186958343	0
10.7729645884917	5.115002803391102	-4.58956175203749	4.780226126122455	-8.869870490920963
5.892782248445513	5.004352212334948	-7.626947871306081	6.571438565130433	-9.895966929309349
6.584310939252408	8.753420057820772	-3.178314161928304	4.579338412441958	-1.6697597256369006
7.738442442166649	5.181770708660756	-7.174827860821548	6.182807231875476	-6.574269855790986
9.532416550717963	5.354300970741209	-1.8775327354998335	.936446933484461	-10.867373229002359
10.223751878539705	4.4020885786314965	0	-4.934290053999328	-7.312478417240947
5.349828263995477	6.606725009681121	1.0113399442481037	-4.046556343194005	-9.081740817455222
8.343418582108134	4.742966329228711	0	.13694256025567164	-14.550500589296098
5.1327956439488025	5.308719049422448	-4.68371883417718	2.506909104014249	.5989770971877252
10.862769999377786	11.735844051757658	0	.6351997853279816	-8.81331580454405
3.7845949479157692	10.187844565181214	3.238789957931025	10.59030195374001	-6.670107560594278
6.109039444075586	10.183579566720544	2.9461918682249015	8.757092198263067	-9.690283316951966
9.53356186181548	7.482529970102058	-4.079984597446173	3.601081864085013	-.9220287896124055
9.666468865947307	10.895919356700073	0	0	.7025563644203443
10.265744652826863	14.20152695401952	5.647636189633671	-.8987125919899068	-.04705860022080455
13.336481621298349	10.115286822872664	7.209809467617392	0	-8.21175601305518
12.78659276108657	8.624959695932828	5.232830603191507	-.3186206791137822	-11.329226388518506
12.776844851553365	14.667723078458822	4.936178580661444	0	1.0074901409570296
8.393680652293313	10.428141814431324	3.4864080256826195	0	-1.7091686483628923
11.562429910752762	9.777807313851088	-2.66096680270118	3.6205739936100736	2.98230890828915
6.430721501105911	11.362527521148309	0	12.508988418175418	1.4903972223687423
6.81855641051548	12.457327001845652	.6181696069374455	13.75992141046905	8.755509029250636
7.8414081597643985	14.753748261782652	0	7.476419304090634	3.2917988058662386
2.460701090519727	8.423595344423466	-2.570669315321732	8.290544964752542	-2.07789228877965
6.425577611285386	12.265162111258082	-3.0813858372086385	-.23788906384995512	-12.289282515498172
11.850794478036066	23.023002708369386	1.3156066582203436	-10.791767551408054	7.389149898386758
10.873040725143921	16.101906648964306	2.434492899399845	-6.547467545325823	-4.999704807098491
10.602177651473445	9.830865600290185	-3.4799295203520364	0	-2.035733532499264
8.273872074817616	11.216698453472366	-7.197854643407169	3.2726512731697044	5.479312400809845
4.244594513983785	17.135592345788996	-4.127929085477392	1.9089547394657485	0
7.427667111865116	10.164429524904465	-4.23195372924632	0	-.026042308250832313
10.4776444493813	9.723012790906656	0	-1.1696559178223875	1.3648717733181526
5.782713423337468	7.3221109003435725	-2.4277514978008155	2.54280067974027	-2.339227980287443
6.757105272551199	8.493018916085582	-5.114640780327277	2.299457531255522	-3.9416947864609417
3.776575738526547	6.124222385581467	0	-.36387133152262574	-.9903120020525689
0	0	.29399300859804756	2.9831222283285674	1.702167035133736
-1.4910625693495407	3.413816549535137	-.49373631468805823	.911249429458417	-.9983536382363356
0	6.286886621903953	0	-.488278463472102	1.280307130125319
0	9.326735626131223	.9962200638172738	5.30198850212525	0
0	13.702206552906773	-3.829713248923193	-1.9556641000875539	-3.4796940192398607
.6393539152173624	6.280175635817839	-4.6390797347520945	1.1770842041356435	-2.2448292844511206
6.053864150643001	11.466558814573098	-2.8916440848265608	.5810169123333988	2.530093476199695
8.298428784337176	12.765404048583104	-5.954741873034087	-8.707793728351318	.8611181105333696
8.292532828141841	12.160661988166058	-7.812394671225112	-11.480244505617634	-2.152212424517298
4.81257170383385	9.998663870357376	-7.223943543380581	-10.555529304604391	-9.173471253960948
5.348518375189698	10.064492871956505	-5.022331200765288	-.5467781065439543	-7.208645433538468
5.859710571841132	13.06798619982535	-4.42273298458764	-1.9711963519384743	-3.7484492678570005
4.040028356868624	10.242671602456356	-6.1049123015900255	6.813857162902388	-11.505942418612927
0	8.778401097147997	-4.668209482709459	7.579632457891184	-6.675107666905167
1.201985494303758	3.1486147888413116	-5.670319262905467	9.996715555995229	-4.080584921913838
-.3013585271493857	6.08622803021814	-3.676767325974119	-.806001604514968	0
0	1.0573539153798848	0	0	-6.662462035525457
-.5454851184945699	3.7704197567309916	-2.918683866237822	3.000757856137397	-3.961973456066324
1.6033422623929574	0	.22122457660861292	.330639416679007	-3.9798892194785798
2.7319331653152927	8.932862853485991	1.3642345951738906	-2.1135039655126318	-3.0273887523397893
2.4889077385679026	5.036538182554688	3.5109180989123647	5.985907489449293	-5.912823714269237
4.492607341052449	6.671406608014673	4.3679903126748165	3.6734778043460667	-7.4439323872035885
1.5651406943295996	5.637031802321184	3.7930727931338866	0	-3.651625258292354
-.3755668021748569	.94524682556639	1.1867589895662232	-.7484893916180062	.2102119285278028
0	4.767699129537099	1.0457035916665134	5.3743803639562024	1.0687834550545128
-2.31243405182135	7.524030889476895	.571724740944236	6.0145524796781284	-1.1877885874553908
.263220034634665	3.6285008755358072	-1.7626864715817223	9.435746517918087	-7.777427836271503
.03068278455818907	0	.10479252701862807	1.0634592499210123	-1.7250793648830793
6.6580553072919955	-.9799902218864804	-.9506468739670374	-1.3245258287309258	-3.048452629968349
5.041237578892092	1.722931807790563	-4.456133804208968	2.7567480105117292	3.007296161040316
6.193044999647489	-.3643575566763593	1.9319220107630728	1.0152114318995475	0
0	6.804122094809765	-.9617141377670051	.1520226960635216	2.8164579509081134
0	5.775292902160044	2.821330279756208	-.7848579587574173	3.625971775687419
1.3513865482435552	1.7455863088260677	.29052500892858957	1.1155558180024503	2.158405602690949
8.475570604894518	-2.094523629889257	1.570696239805088	7.048479958618824	0
9.657965498168931	-3.2399035485604233	0	0	-.4113424857776249
7.310008900375297	-2.038164450890977	-2.087493377908236	2.8200016541147415	-2.6547667334745815
10.138381203431088	0	0	-3.658399060923622	0
12.732036745190497	5.444126794546807	-2.780094409764928	0	2.8745291008282132
12.226233740665087	6.674263343972742	-2.0799767287058764	3.0417794917893755	0
8.871880540179594	9.708233181145136	5.417384067971755	3.142626359733499	-6.551531588860714
14.119842164802003	11.295271259168542	6.734190804664795	-4.694549382529336	-.7549077652789788
13.84940033605438	9.768069021697682	3.951375376118584	0	-2.5105421526297613
13.200987466186573	9.818665706385039	7.037915532640621	2.359077618929823	-5.487444389799551
9.74978511928408	7.41143606395339	1.1254724512366339	4.642588568349595	-5.8436566969570904
11.913497225133105	7.7739363321312975	0	.9643447173122266	-6.742683497011082
11.079403053938465	11.463186696543943	0	1.6655876308556659	-1.0080683591898962
9.636188467865978	5.706693736849826	2.0034199033007924	8.179611086301348	-2.837578852518076
7.826017985827486	7.97155827951662	4.856699920207001	10.45530728944978	0
-.5301814585002327	11.714407594496079	2.8910014727565736	12.697484816007133	7.637721988152416
7.394808532489565	13.178390867515889	2.8197112809662763	11.517581049998542	4.35146959198355
6.338473850700732	11.50935004804878	.8920109120062938	8.903715391349436	7.982647343491719
6.02145828531483	10.475887082119872	0	6.030743809946131	7.464617160163567
8.797233742636308	8.244969617652696	-.7873672050695518	6.1315485313405595	0
10.914480541141193	7.500258892214498	-5.114394962738954	5.120494436949118	-.6593845669008016
12.921916405541257	7.34239447431164	-6.6268806282954165	2.534889634089576	-2.702293102999521
2.6908862416897965	1.7406223579288111	-10.048662192878975	0	-1.194477825341844
4.331742568234429	4.798070154183819	-2.62158143612751	1.9248137563716332	-4.333100812647892
3.7771448560530363	7.019305966979356	-5.098886274527662	4.900098024227223	-3.768090283402114
-.24536047577870468	10.880733682746493	-2.411965817864859	-2.6609693713005123	-9.640733449413087
4.902798510002696	13.831907966388835	-3.516112822198758	1.9596782654326472	-8.912082398987122
9.522390991672738	12.463587981272894	-10.003134882397285	.020439605149812134	0
6.786574251099012	9.616963495261134	-5.140604573048025	0	-5.760096264314714
8.448165639204877	14.696547593236232	-2.0231533862845175	0	-9.489951002058323
7.52752164263036	11.140230254809936	-7.541748626904643	-2.0445408162363887	-.424601405408664
5.783429565280906	7.617883246643416	-5.197625844936478	-2.932649794638283	-9.93369040708868
5.173405838090679	9.585555979396364	-5.948513919595949	7.393425859238079	-6.155295995445738
6.237929622965032	6.447562196042824	-5.990750147482296	8.625600716052071	-8.96734400117169
4.84280307746811	9.184952880563527	-.32820850200902096	1.3562884116209482	-4.587439809554903
10.473088988106028	10.485563476937125	-3.7745210119359993	.4772465793919596	-.8771812858713055
8.042551918594398	7.688995052590498	-4.19398965137186	.8499328728927162	-2.3206943994218037
4.190311263973632	4.7242819855852725	0	-6.6885198052532395	1.1918232807282536
5.030915126247615	3.9475260852584784	0	-.8615836943850386	1.9501463163708768
3.9810991201047363	3.2403747831042744	-6.391921552706263	0	-6.968135639601809
7.606718416648084	-2.1166037228476795	-2.9694441172631016	-1.834993635896497	-4.310882254679522
6.660790564469547	-1.5393386161286666	-2.682381420754945	4.388266104205927	-6.734825752220727
4.832816541798438	1.9959393296406764	-1.8039650335230215	0	-5.530690000589647
5.533087634211431	2.7212002297164557	.5266456037730831	2.291262842112365	-.6212862189548634
4.8768642502730595	.2862773558169946	-2.092376592768658	-4.617699160783052	-6.350119224515461
1.062561917122942	1.9171650230379251	0	1.2617731024976606	-6.636754028127009
.9544389925248233	2.3105399797443362	.7637722402524384	5.318227000764911	0
.15932343610881056	1.6351753928336568	.06673533766903937	1.1183423423541257	0
0	4.559731736413428	2.7397862886275886	1.4691855043488644	-3.9838522826148592
2.8230647159321736	6.724984771795973	.9258965672740789	-1.6388270079111051	0
1.44583359796194	.5039523056534203	-2.370860735592377	0	0
0	4.099494467163779	-3.038180896883508	-1.3608630699809003	0
3.187405248956809	1.6927755074963786	.04115750077098179	-.056697610134539334	-2.4604801043143447
.36138576129812167	1.252983938135248	-.0664781382153937	-.8249183102830249	.6288518097909678
0	4.414356172230723	-1.9224342175071778	1.9964352496179676	3.210254579191551
2.0528667229955295	5.048087727770934	-4.032899148405438	-.22444760678493147	.10542300990901589
9.215501446039001	7.363831610817924	-5.671003771309657	2.6494835345489878	-3.138472152644493
10.803349600932012	7.332330522125013	-7.421083853473755	1.710483296749912	0
9.248563233295283	2.6537900991925802	-1.1049429334739185	10.362026931203626	-4.437932904083694
12.311006628806823	.5063355911112033	-3.978361181803697	4.896570148578158	-3.1483637061575855
14.876761543605232	1.0323493400104784	0	-.6892971219019028	.09465689218699991
12.145541995155952	0	-3.3625659507641643	8.63739858718675	-11.192053953802638
6.86390568958539	3.9726504771500486	1.1113549291287659	4.364661412021567	-15.97590484075742
8.00875666075884	3.1844649686783724	.6080989368456906	2.1488797217570634	-8.548902478264996
11.537750116036735	2.5709094929473038	0	4.330928239293356	-5.76567643825225
13.166094964766152	5.9089194746706735	0	0	-2.164578870431564
11.287510384363058	4.845435453571341	0	0	0
8.550530933241111	11.62600794013217	-1.2668165572263574	7.9493731461190515	-2.900355773535453
9.698356860129389	10.192564921310103	-6.840402538199239	-.12090327693856784	0
7.167530113524889	7.425463617846035	-6.306327345355143	-1.86261330296963	0
7.5873143049595	5.406780334943931	-5.645577464739643	.7584125412427523	-5.287666621194292
12.949178559043398	9.533401533883879	-8.235534751078866	.2320883474569292	-.6085964904604846
12.6684823348706	7.053694581667332	-8.900415710624015	-2.8740866256906927	0
10.688300115402967	7.679454327390942	-12.415329833683517	1.1520832016605356	-.17185125575410928
11.45634612775724	12.736766496683497	-15.026802038111526	-1.2797607492173837	6.917038882094466
10.52003036474988	14.286525263567624	-9.397827044502522	7.244519886764998	-.8327113212543225
9.458870979610627	8.845179809718712	-4.284342202075748	0	-7.825789810930626
9.71769153440652	7.914078438354521	-7.084929386670578	2.2914134702869218	-5.470963969204688
11.151450236978315	5.878535133172149	-7.819753398880241	0	-3.2001782530451273
14.546771900247643	5.606115142438309	-10.737642617633052	1.4255516032613746	-7.086175660215164
10.674832184852267	0	-16.934842468465103	2.0610083450711807	-10.435559090747624
9.078547067592119	2.066656591097377	-5.854053289221788	-1.4408354288690401	-7.6039295249771355
11.3446176964864	10.744790543429227	-.04341071825017151	-4.490545082273049	-6.95823644047959
7.748624337307847	15.806036937720709	3.062626389094368	2.5548781436692387	0
6.769200271773722	19.114889301507542	0	0	0
13.047166253530493	18.654963968759414	0	-9.981063270678835	.3756325592038112
15.232372098254853	10.818230632538253	-2.5403155638536465	-5.325394437685864	0
7.779408766597108	12.316109201725506	-4.793600068985324	-.06907499086428226	-2.55581216782735
9.318104930042091	12.41422568752738	-5.582802561902062	0	4.548518019301665
9.232872103638211	12.26856598805957	-3.7202805889704225	-2.9399085414171937	1.2343574181394712
12.281481567141272	8.079301877436885	-6.380272033283189	3.318177392174566	0
14.057760795042089	6.945058959875222	-2.05511679036982	-7.9402594838708715	4.561756968024417
10.514864890513277	6.329690250873804	-2.9515342946812573	-1.1570206283215434	-2.572085987963142
8.090020133593113	5.309233945058831	0	4.567836747945673	-13.091364086078858
11.006036052724038	5.376730588580974	-1.94387648274574	.6685505239225565	-9.810909058474387
12.00205374894547	5.660637386455042	0	3.4763175582443706	-13.827134583254542
5.2092661126653725	6.906314048787843	-.05703749082659987	8.388547521812406	-7.747928068984176
4.865313244890717	8.974111037981972	0	13.161070597170893	-8.353392065917804
0	2.2104071123693787	-.4734296995757478	11.882875003563555	-11.068129722866452
1.8813228633597916	0	2.321249693656973	9.55256953662562	-10.269967671622066
4.232501610259695	0	1.908389107671806	5.259909764115906	-11.10700339003334
8.175162234584654	-.17223819557588582	-2.923421992103693	0	-5.587263928369223
5.965829595561366	.4282298670984061	.274283652878181	0	-2.586071886869324
6.1899901275937905	0	0	6.814851882881669	.8474960998072667
5.539950018340899	-1.5679375542923044	-3.6343493264622895	11.023951548811386	-2.1700963348705677
2.974713525102506	-3.5464034102469917	0	6.91613428006797	-10.88178761205864
10.723455656567886	3.2027919830963265	4.2022410059662185	7.63501980908859	-8.814325428087528
.8374420742150865	-1.4991106665085119	-2.382499247684934	0	2.919760291284656
2.390760194234244	1.190098545648519	1.3615856104179818	.898422623685079	1.3374305230184267
2.649535449886592	1.045252193617683	3.365250360448516	.45445771953260067	.07150251669082675
2.0419962427628002	-1.2651423167666003	2.1246379501437382	-3.1771825473435387	-1.044455705483718
1.4431606269269106	2.2605643176468653	-.6090681694941527	.8391680604286265	0
0	2.813744606158666	-1.0146482694137742	2.871057777336549	-.6354288456289126
0	.14031904251504235	-2.8891892494303786	-4.649120690873938	-1.3588851968333322
2.9174309912505425	0	0	-.4691257354462969	-.9783245786846211
9.07815795675723	2.5835774946043717	0	-2.353238935338571	0
4.481730851854239	0	0	1.4040549213684816	-1.5939332075644168
4.585572934668926	3.2550398293857223	0	0	-5.057229940469426
-.9021989825993446	5.322868811212214	0	0	-4.350042323227674
-.39861931363098013	2.941718412483867	-2.141297599235587	2.191748551090767	-4.21728429398674
3.826130946230705	7.2227498663037775	-3.1502009789585186	0	-1.17330771533434
.22216907123920349	9.497080773816261	-2.7513453941378483	8.563232086973835	0
0	10.295502470961486	0	0	.17298763884861001
0	7.075266036111376	-2.138726713942024	10.357304496755802	-1.0496942767966049
0	9.29831420621128	-.5261785859171861	6.20984539400523	-.8416410343787937
6.005786931860249	6.895171472061682	2.997940629704301	2.4185894841268647	-3.7447131277830237
2.350617444472494	3.5779376837005175	0	2.015415725322951	2.114904538965094
2.063363301639304	-1.500314127443993	-1.8987217835433465	.023556799924143113	-4.814874010915894
4.710073827291442	1.221726977474765	-1.1920337578620939	2.4523576939075054	-1.0603743319362728
6.222452729217723	0	1.936904879440349	-1.833445629595817	-7.4509335599902835
1.445986110226193	4.309672475762728	1.768209705527557	-1.5541351400666819	-1.6144176871192313
2.4314872005894275	1.3535054954093257	-2.3659382777211957	-.08605233162238057	3.9000883816790832
-2.07459682604698	-3.355915479675147	-1.0476222667858819	1.964005646017314	-1.2253397486877746
1.9840488285619804	0	-1.1501604077211516	0	.12456130233287543
5.147970747335116	0	0	2.5623215763160876	-.5825299649493243
1.1243451711086854	-2.133754491658665	0	3.2260617579594406	-3.044403446793055
-.39614384393085134	0	.8862749113759046	.48057426187302077	-2.422675649141052
.9546390858656129	0	.41685821313244475	.9873714120865368	1.6222327173763431
0	3.4939914081125263	-.520916218152425	3.650291017465037	-.2618972326837006
5.398185974989384	4.920946611952024	2.7909221414869005	2.2299225532999944	-5.983648303010331
4.900344189960023	.7778008073884474	-6.118094923777155	0	-4.4389649545759005
2.1583724281100802	4.990092987316025	-4.920162561586632	4.7262593229560865	-10.307017034789958
9.191689892138045	7.110894806365191	-3.4801648906813702	5.591932476232172	-7.472174094809357
6.226108806778149	7.418915275109593	-5.369518594903498	4.940499556230469	-12.961257351687438
2.121244824875394	5.678272318678244	-8.427342195590983	7.744558060589934	-8.891533992967254
4.7564995764702385	2.868088910761715	-9.822608634729985	5.450137265149381	-7.478135063277753
5.476910505228246	6.61415552360775	-5.70500391644363	4.096159726654072	-2.432471886772455
5.466323844145802	8.852952715908273	-9.066462649133543	9.961860810277324	.9209145965472666
4.734729240098745	8.459222781545762	-7.709124638050125	7.872296170556822	-2.056358643064967
6.618768783310936	16.276752063267047	-3.3255184665500686	2.31530643476635	1.2769464057872715
8.093891841159103	12.172268658624638	-4.796356498923285	-1.7705786379593427	-4.212247496211825
9.686785665167895	10.883253292270295	-4.288187093266619	2.087518270995391	-1.0429227392703289
12.75349702922292	14.20448518794639	-.29650214230957633	-3.9006154981980825	3.8050417390406626
10.082920704867721	11.928206903386208	-1.1929203209047816	0	0
7.732843079984691	10.320834431832154	-.6747922442090017	-1.7581733649862752	0
4.445643689241461	9.789158776802129	-1.1295491241060227	0	-.387215099604176
2.173413875542315	14.901566834368232	3.025534392806856	0	-8.035031818526393
9.759742343115175	12.696659134095624	4.268333989238782	0	-12.351013420856763
8.406662708576867	12.480565049362452	4.017294500401339	-7.875060284883754	-16.925601721632553
8.117221918566216	13.929941051689601	3.2614629582716352	1.6338357584149565	-10.401088915349781
10.043749700957983	16.613688667836726	5.214909995320783	0	-12.748936940609854
1.3656627265722938	13.49956692377196	7.774276695621931	7.414680950382408	-8.724842717705204
5.853726637306302	17.108398987830295	5.2675996609479645	3.9446407242421984	-5.214059812498498
2.9162394072515	12.698382388866161	-3.9196351366282514	3.2380150867038253	-8.085995874084647
6.484600288131651	12.872830104708376	-1.332082367024888	.9121906179730714	-6.9688043601549925
0	11.55764381171383	-6.871996917478347	7.670510271371432	-4.279547804049637
-.6464553094405145	13.016422576146217	-4.520109472883716	4.166807032119508	0
-1.3264531570315243	12.47372862909523	-.23435561185517906	-1.481394112365455	-3.975699267613792
6.577421877257495	11.372649513303514	0	-1.9720246116307136	-.5181591947568043
5.567427353389086	6.010062817453342	0	-.5079927593498219	-3.0261172067332476
4.759932215299586	2.9828503171923795	-6.359449226110424	0	-2.83320717560313
3.2276328774078786	3.4638890208133057	-4.605967711117193	-4.9713480711513345	-3.7438517482865805
0	.3765888388524048	-6.875843948994751	1.7304982402285405	-2.062914477012067
2.863516322676157	4.344828650364616	-7.477389076314924	-1.8914075808513544	-3.7897211405603595
4.332897577048752	6.22458869090292	-2.7081871828199207	-3.235436268250166	0
-.02964977465147567	8.482911055768646	-7.78297503895812	-.8414647630528367	-8.43442912729896
.16480867883101769	8.71580776480535	-5.420937389506547	2.3492754822760076	-4.572788787022569
9.858971308668375	11.120655260855942	0	1.9407365513583823	-3.613267647116727
3.8740413682717763	10.648823349051046	-4.044026509099106	1.3216697602459295	0
9.025975715743124	11.856563585319638	-7.002426360902903	6.221306959258276	3.3599150700478786
5.520356911381413	10.282737543468896	-8.020388172728211	9.775785983860304	0
4.024980448101655	7.570752743644939	-6.619734810547638	3.929748664850371	0
8.051735418940737	6.850873491339424	-1.8828332925964169	1.181364354992637	-5.27093095319697
7.057963497541202	9.359774462495645	-3.079359381938021	7.021442633130762	-2.1088345965388426
6.750112963433729	13.198825802698245	-1.3448725678208426	6.904754301571094	-1.6177963020739026
5.0622451135748	9.729381291657553	0	13.967305017728373	-3.890835611737539
4.558311362159008	8.954781472666347	0	8.733128315306953	-6.766075706848423
5.958511722773677	7.167516073118405	0	9.39015656515477	-10.145324621242914
10.180599737099076	7.726018692918987	0	10.042498299852177	-6.424565149285198
7.147858454644217	9.947545586401173	-3.361562767699458	8.223674543339907	-2.5600240886346173
10.953793231682155	8.228513880974313	-3.8016588227321506	3.0270974737725687	1.0970805060159745
9.346077425846516	10.262252078216507	-5.749821776450533	5.92995049734598	2.860418427237504
9.501180573847495	7.895749977658588	-3.4417207388995115	5.666094251357369	-4.6145520068761146
8.469526294042284	4.34457584872157	-5.2653641711218055	7.342362736525095	-3.421465781268358
7.594415463245069	4.311787652797585	-2.9544143347786482	2.422490195928578	-8.332948216913252
9.833244849065895	7.414755559659472	-3.3070559151990824	-2.566648247606212	-7.220365905299409
12.775909532990294	6.512724525297367	-2.366441909160761	0	-3.320171285008774
19.1930520779821	9.021725681016122	-.11364033203204005	-6.531329761754541	-5.339197312259554
11.665557770808059	14.165635037955994	-3.4480637384583117	.7834722694106637	0
11.567058264225192	12.257978428004126	-4.880112721654362	.9303225238452995	0
10.850021059835202	11.070012023407976	-5.077338143712632	0	0
13.687093109168622	4.743113678912369	-4.872871195853182	-5.243323295269214	-7.855538733366206
13.811365520233814	7.987529336702933	0	-7.7412391782634735	-4.774774952028456
14.212490655188773	8.247802741252938	.7852082416351464	0	-7.899078252002426
11.870467380219797	7.236150242898279	0	0	-6.63984076939349
11.701241914396283	2.24602733990987	.5279993308687025	0	-13.213661675601678
10.391524329632954	0	.5638228162388927	0	-16.92788992399969
12.47343838419777	0	-2.496193083987608	1.6278151230179745	-16.771745023339935
5.345473040603672	0	-1.699329299447367	9.743366695800484	-22.58953295942972
5.21217118254719	3.7192939752978207	1.1017170169696728	9.368729111540915	-4.527259171923452
.22753098212355072	0	-2.0355802855649685	-3.652103587045737	0
0	3.648264252487577	2.4961323767719854	2.2961465133357013	-2.4809840652641006
-3.775374874960544	-2.1431838928965883	-9.707860800411048	4.026626738916863	1.0860957408485248
-3.9742404824351523	2.6295298415051667	-10.036188118651875	-3.9398464992423494	0
0	6.432870995458667	-2.4846921969692515	5.440253154527618	-3.634579991036154
3.0316573773460926	4.567384768313008	.4105124425905763	0	-6.712338295870506
4.338961331251745	3.6853496377702033	-2.4003928199075433	3.687933717840934	-2.4670720137399895
8.46756645445719	5.656067799100646	-3.328519233250784	3.487910206522713	-1.3236673316578742
8.045781705528967	7.376099121458655	-5.167246310417243	2.309610166354402	.9255390331327976
6.4237924810599685	7.370814573697274	-9.118865288471438	0	-4.018883221791504
9.028344437361866	7.095497002313405	-8.003835084402862	1.9189937723429988	1.8156141480053376
8.315024317430979	5.203511878883398	-9.866539991263673	9.110657247501337	0
6.2871784285966665	10.656897639971401	-12.622987949753156	10.710437462325482	4.770290806137549
6.389510689890316	9.460961429731114	-12.793047599805497	11.763388940915592	6.5936002730207495
8.842885974028755	5.004682121192444	-11.21371847264679	0	9.608084960304295
8.840578713923044	5.58303271520859	-12.048219366554	0	0
6.771356847300954	6.727947377826934	-10.540004307934815	0	1.7771658371607966
5.322845353369473	5.8292024312078485	-8.302940971682537	8.896752435634387	0
8.740020037073368	5.115076321904027	-8.444253601894982	6.211755397811185	-2.4425887983491483
8.541150726105837	5.317404760655448	-10.287112894221602	9.311743788182145	-2.7875509790984907
6.823511267616001	3.6204197353651417	-7.3661744998899845	12.618655029734496	-1.5592035012753962
5.703616270154549	6.6651959892004875	-3.6358792616923505	11.337241122209754	1.211457991978417
9.275984364021872	4.6473352856115016	-2.874534623893076	5.681907660186164	.2801060628517211
7.913276159758631	8.258133106685769	6.067442595472978	4.388027828401169	0
.8675702762863806	7.91915850350899	10.95398147337846	4.679396507672566	-5.951013718969268
12.569502135639654	8.966689990952107	0	0	0
12.688386562557971	5.032735670166049	0	0	-2.230495444096103
11.776078700694057	11.251191425077698	0	5.335978372341817	.12576874580503872
8.83979598699681	9.446090615568592	0	6.60199953347956	-.888272573254076
6.97938735124064	9.590477429895586	.1478531909141832	14.659558972711888	0
.8845996126553088	10.958253556815624	-.0263376508950455	16.93584814314329	0
8.582954043962776	10.247231162592279	.4423957917708328	0	0
10.357835295515288	8.561361235534704	-4.982616856391872	-1.1745327770033147	-2.762252287996895
10.613077964812266	1.8653307348444645	-10.762876067854304	0	-1.0030908570339543
14.188912783446346	4.5203826444622965	-6.353955353244705	1.2121529124441195	0
10.874206934220476	5.614672152193087	-4.369548927567578	1.0642162665208332	2.819433002949274
1.7773457236318757	0	0	-.6258263846261549	-2.3699287332535643
0	1.6950097868935767	0	-2.9329033614046836	0
5.165307165100208	-2.5522574565670544	-2.0212935147459166	0	0
.34947295292842606	.751580209376606	0	-2.5291767220293995	-1.2701614275743054
1.8366489172453864	5.749675186899736	-2.663810422013204	0	0
2.9425753317076846	0	-1.2867598595620826	-2.2375845853607226	-1.1877916355037075
1.7015142787596038	2.224581499293824	-1.2641603152433245	2.197278688404819	-.5411808378987808
2.529546246090608	4.08052039631285	-4.8571242695492565	3.7451415949394398	-1.119227266052955
9.06675107493888	5.749370917219248	-3.3468534621844523	-.6549924171348032	4.133491551126583
7.285782357176576	3.9615843581929093	-8.068011523335475	-4.805714806296105	8.045984345810144
11.123635283764806	9.866614309113295	-8.85876139997145	0	6.220108888989073
10.986896650557242	7.938124271620325	-8.490140112128014	0	0
15.008295242577011	7.972514681739736	-10.801640549681187	-4.7063146984996935	-3.117814514443048
6.965607059172248	6.4374072745304645	-12.982679112899504	2.0508329161752963	-1.8728188257329736
4.390113562125779	3.3321420135427133	-13.90481738852531	3.7088285538317014	0
1.6945126680955394	7.080502925868027	-10.873232393535424	8.662787587194288	0
6.210896215022778	.7828527919915932	-10.410382063778593	7.693625401554018	-10.667637085391153
9.541657484142332	6.58160526263722	-7.870169182937754	.7578815087920541	-10.578003666474686
14.122626012563101	6.490824401873871	-11.555271909371305	-6.6657867206357455	-1.5677649031249725
8.750192439460745	6.666611966327832	-10.830878517128356	1.9689241169112957	-9.859701636666394
5.432123473694247	5.734373444897186	-6.599693595328944	6.565957189540773	-9.681651820404223
6.3146838702605335	8.446918877217131	-6.025432899615922	9.00330075979539	-4.463718037558771
9.926147167794932	10.966162222681325	-6.182599722099817	.8944375087899405	-4.603976492222058
9.028224948792927	6.9873034189606225	-4.975135121822293	0	0
9.910537572905824	8.90713129547518	-8.877818351375353	-.1930858097382111	0
8.7377566581111	14.052846541971546	-6.422601692895209	.7262039472872264	5.401226758642813
6.760945796642466	0	-11.347672371752468	1.2784592063605986	-1.3151045676570141
4.026832116035043	-1.6607443774903834	-3.6066437848853	.6328025383455598	-9.414897715070008
5.747795163597344	1.6451164175929547	-4.0666677008790355	-1.3491281022115365	-1.1725558233204447
7.150653276819398	1.2060933662517124	-4.026075440982552	1.810382139763563	-7.038862218289786
5.974472726206842	1.0865701496807985	-1.4117808046394822	-1.782077982928609	-3.717383232959309
3.422337027847881	.1266633314386817	2.3300167697284326	0	-1.4988745198745828
-.1540175053443095	1.6084212206470037	.6442121694120878	0	-1.1027501991238424
2.796057790512709	-.3176058947353956	.6020077733149555	-.03553325335515331	0
-2.6184491370501757	2.0303779197414284	-2.311878699220985	3.6692241179376186	-3.39683430329943
2.061759807996938	4.834409237561565	0	-1.8987207054675477	4.0669288920617
0	3.1028175892045153	5.347374626757239	-2.1560771382923445	-.31049548924978326
1.4804929308127333	1.466780492083963	-2.069837011659397	7.205730859875857	-2.2370269808055347
3.375597693589817	1.0576262550063285	-.9039128715661986	11.29808725943165	.49857838543287786
0	0	-4.185849360582676	4.545051770501116	-6.126678905669139
1.9352501277707954	1.222057629474446	0	-1.0462150924381763	3.504709930876065
1.1373899069764428	0	-1.3278982779844295	1.9904862378271213	0
2.8561704261367487	3.0529701833726057	2.86265333826607	-1.293724262607138	-3.0123922066539466
8.34016765523292	7.737138553544898	3.572504096323808	8.590274196744868	.6397043612457114
6.863565591192582	8.378520168592752	2.362932494838088	4.6563492268133855	0
5.385856821918546	5.246356393805936	2.5592120724928242	4.808890584242221	-2.6976073792805852
-1.939450085918005	1.2096645517938187	-3.5470712185283118	.008810112913606005	0
-.6122659388336252	-1.2408363898336687	-3.0649765961209896	0	-3.1609971544078017
3.425518704504035	-.4870753417417093	-2.9527209578458686	1.0360521919313124	-1.8674624056731624
2.300921308646509	-1.268256631818456	.09224509686986715	3.3864670024139745	1.8644343074080505
9.953838378330374	-1.072340311773305	0	3.6556345362192846	0
8.853298371956617	.5859709979367065	-1.014013913520425	8.608848960517614	3.478872789228274
12.304443507496819	0	3.5245919398651955	0	.7608696584026315
13.696840031963395	0	0	8.944049853845886	.09654740371761861
10.714395177224974	0	0	7.936897841432264	-2.001477217686575
11.406739835666977	0	0	2.209469599998917	0
3.919259453322351	0	-.3046574948548808	2.94335184764714	1.7431424970952833
.4143161178512291	1.0124219042077085	.7315905767296318	.05886166483861896	-.38120010217656963
-1.5510882077544546	1.6903282789841636	0	1.0412364985593054	-.9887766878427471
3.1167814424478357	-.5990310140311311	2.926772978159904	-1.469229067768465	-1.1142141573670712
2.775772911536834	.19050974696635148	.6732822508315978	-1.020060879015413	.29556178376067743
-.1531563827160527	-4.345234550130595	-3.094351083791722	-1.798762969771021	.10230832736387721
2.5614402637144886	-1.3128127738442674	2.2446141912379316	3.3341093889084368	.02836842272306883
5.646653447887994	-1.0080159283342374	.2014379236276006	-5.105889050261568	-.17435751078645878
3.1285289557340636	3.4299261888154104	-2.312712115993945	2.311042833029316	-.2915053566123835
0	3.558310499409049	0	-1.836737819950792	-1.626739726017662
.6607070865480134	0	-2.2635511426355883	-.043732111452370104	4.245768840039491
1.1290040219030304	1.3379951635702179	-2.3685741958583892	.009523667380144318	0
-.9937333231566636	4.6833132906445485	0	3.025440750745126	-.9390257889729001
2.0790500735994084	4.79923173224217	0	-.3384177932184673	-3.6061389966020787
5.87755734559604	2.513744997723788	0	1.8517814859433974	-6.824003225253646
6.924793932814582	0	-2.9571477538601147	0	.32433401809790136
3.85936451032682	4.142155243203067	-3.2622132042174585	-1.7570162702551966	-2.7144603945401853
-.059518865750349814	0	2.145230411863631	0	1.085148983050234
1.2287625163612939	-.6363918775043569	-2.178974944214009	-.7810570729197259	-1.5342880779534627
2.329645293153089	2.8874477802464855	0	0	-1.108990324275187
5.58696225006665	2.6579114194068185	-4.5323444314862	1.552117004331023	-1.0246817033117874
0	0	-4.064271022334285	-3.6706786406457845	2.9677098652944665
1.645310843294376	.9472213335096442	-5.6665197792676265	1.936534670632649	-1.8071637437807455
-1.1576220574740568	5.34222316001193	-.7307674053248753	-2.9341904179418465	.17575329431607578
0	.6155078105689409	0	-1.1574257641095047	-1.0683567992250786
6.239327915679974	3.86426464389213	-1.7355922682444638	8.836995833812596	0
14.407284390524373	3.3785236638816296	-2.47197258299854	3.0588453356310152	0
14.193473828511046	5.430364773946387	1.124747221653632	7.226249105068919	1.5601297320506549
14.604919537634775	4.292655530564943	0	6.157296010301263	.9174503856921827
12.210837916340244	3.744798302175828	.6713333568830118	3.566455589581225	0
14.034357368173096	6.01408732500141	-.049857335971790095	3.6212597291217095	0
16.985568666068904	4.61178077966145	0	-.44651610853634144	-1.5433086315046414
15.101729752344523	5.232518021700969	-.03399526755874038	0	0
16.1722371689898	6.729523527737629	3.621003616605765	-2.0877852312266305	0
23.49919683355736	3.3182785181430825	2.1074207673135086	-11.980202980676765	0
21.052536473281478	7.637719557852124	7.903081294770407	.7497581356330945	0
18.753936276675834	5.191090446558675	4.455808974622094	2.0074765660890606	2.4881934806323684
17.496716099810524	0	5.767882328821799	4.67838727508611	-3.768029947983764
15.808818114994803	0	3.93913166702231	8.544065369361903	0
12.780276917479252	0	2.3515474764888977	11.753716034486237	-1.6626074849897199
16.682320893881048	0	.5375780570798794	10.258968159152912	0
16.575505081059	0	0	4.785045700472185	6.8123688494382035
14.69774038494144	-5.564290768818444	0	2.238083751759306	1.9777520627076963
18.69140502338974	0	1.1264705513194893	6.618156259341752	0
14.536018739656535	1.132002151885442	0	20.972567417137743	5.262215544212932
14.175167079326023	1.6120150404103128	-2.538596667791933	13.652034274637415	9.50899332989296
13.756781005700528	.33128016972403085	-1.8634791950717626	17.055652865884426	7.75704417086154
11.6390006906202	-.3074815318654403	-3.586853436848311	13.030639525952216	9.511704862210248
5.660712338379809	0	0	21.126102435412427	2.8153500406378433
11.43164980810747	-1.265231213172482	.29982250008144407	21.4938680914186	3.427905588179354
15.156202883404681	0	-1.0985948013267228	8.180536994020002	0
8.122277584625348	-1.0665104182129523	.9881392063401033	4.8159712529157375	1.2359901995172513
8.807610662016316	-1.0736887503805734	3.5211259460645836	.9044091971798984	0
1.3476523441076007	-6.821866345281312	-4.108037018078205	1.659023956194616	0
.3861497536630385	.7039010578007618	0	4.312917678049774	-3.537487281205744
6.55641624495468	0	0	3.2326030095773013	.3020259158398383
7.400166764140287	0	0	4.348827846300686	-.1959912915664
7.934687074929211	5.212951391296917	0	11.778006980570751	-2.8196558304470845
6.291651825071724	6.402012300397596	2.9803301366988	1.9945589503791927	-3.6088035712403403
10.233346292841135	7.506256911367038	3.301059799210941	4.640951295905325	-9.876634159450873
14.650125744493344	3.9782477005442294	3.1141230528740294	0	-13.822581434101501
14.815559696641131	3.5776987561231834	3.138853982070426	-2.2693337694904727	-13.114998091667475
14.917698933799281	7.114036654420806	1.4035394308888758	1.437907462488237	-5.987725762503472
12.127404523868593	5.990685266324506	0	1.732770351162278	-6.647325932267728
13.691742158113666	8.345361085558666	0	6.2501067134809025	-4.178486984956956
12.313058518465722	11.480107772699615	-.37494746073894136	2.891320935874578	.7197165534491731
12.118113139256272	10.973674064515947	-.16848685512618045	6.233796465062908	0
14.754536947211875	8.779272458941708	1.2628338159364811	0	-1.3822797325119294
13.405601692647295	9.30721182479259	-1.9179597090228744	5.2387310352333065	4.377903713171364
12.046095858327828	2.839812109905301	-4.250144910929558	0	-3.6725156444666984
16.47951909392905	2.2463588548463234	-5.340721881478994	0	-7.253550265222449
13.603158356036147	-1.646594046359627	-5.545353405787177	5.433878934175648	-11.557829570121777
11.427329256459647	0	-3.6854334978293117	6.564033152119535	-9.239240310037898
9.80424678578795	.46599358215865794	-6.898992678091311	5.044600012645828	-5.5717857613019675
11.570983867525278	-2.159202878569035	-6.581110929504958	0	-12.665132782054483
12.191058158684319	-1.3463790938486004	-3.2474847842038144	0	-7.34767616402848
4.98914296774519	4.648884174076758	0	-1.2408575148482273	0
6.731629987453717	4.459158223263069	-2.992333763953523	3.5564633760743263	-6.0517764092083155
9.515314903608896	11.290514747603435	0	4.504467672719345	-3.8289786483249904
7.338625696007745	6.122204133419827	0	.7828765164250832	1.396771954348581
1.0466305525855693	5.050214731297292	.5934982892571132	3.5690096255772152	0
10.848581617472043	5.784051091190765	-.6953688054124996	4.850540706776547	0
13.71583730551449	6.918850201843029	-.7525766473123201	11.383707522194918	0
7.6808874999480405	9.371521398694968	-.1776771999487472	8.433155813035324	-4.541406096956852
6.618093939399876	6.104596212437033	0	8.485319615207878	-7.971654552613679
9.953624104666607	4.492144595841528	1.5409907877495024	0	-8.356971916186422
8.41304993198073	10.328043283826712	12.225323548515192	6.3300694449354005	-12.761774064629314
9.285773055148665	11.126296604777448	11.160239222923622	8.29769483418934	-10.408612360091253
10.366251240050168	15.725519406023865	9.734445072245048	2.7802623759864273	-5.183098250806481
7.8025614563382195	9.36925464609425	6.091259021757581	8.25865702483911	-5.8372798945396465
6.681180560246931	11.583228584547479	8.179855821109125	4.666741256960334	-3.537312210828155
6.3169046193106375	9.947924733378505	4.700613976329278	9.156372454296717	4.661620155508051
6.679276990598249	10.420417697595104	4.999622118194314	.826248953718279	0
11.222164887488749	10.589921288843708	6.806025956504179	2.400080827465915	-6.8809219501746695
13.085941995209248	10.337836425909092	4.452027967377151	-2.979777551596921	5.933341457091952
11.582933101904775	8.759406737201912	0	.08044449825882416	0
12.027975631106349	6.226293021679222	-7.206984993763308	6.317095862337741	0
16.04778425174887	2.7580136684595358	-5.126316224185257	0	0
14.878907072970947	0	-6.591457344087254	1.560951210245679	0
8.597185495345613	5.235833259651921	-8.40558464494141	2.7055834471528026	0
10.645034572294566	7.321482660217712	-7.9117817698143575	6.42369240001348	0
9.00978703328696	8.785769367901965	-8.91060256309383	7.283446041014092	5.449776657340931
10.193099939358794	9.370138649362525	-6.108642450525314	2.9520021800931087	.6863606679329908
6.865617566355253	7.047817974171918	-10.374477944217167	0	0
9.574031144862142	6.101109724302307	-11.541397390627775	.11250756591489414	.4789259511170809
9.300286090724198	10.54984479242882	-10.741962399125326	4.731405063931841	-5.261140395701946
11.65499680429231	10.863977585798647	-2.4638713297717225	-6.058928260132675	-4.830487146945221
9.32604259433493	10.108094081933924	-1.5700276360130152	0	0
7.360654258946925	12.248805659976226	-3.2267882235441108	0	0
6.482072867052233	10.807884868448085	-6.053667795203258	6.3805181410857745	0
8.292518327074085	8.670642934873557	-7.948037486729742	-.17523315191379574	-9.86934605149101
8.329147566228583	7.9291301973892985	-4.513724471708199	-.5651488880278284	-5.971103743262734
9.072152670799428	7.541813653215141	-5.265549939897103	-1.454768069417165	-3.4105879153264382
2.3813107152388318	5.89810831748249	-4.069226143458614	0	-2.9528711392936153
-.6325873681813169	7.574670220923869	-6.5645135401879635	-2.0189398948250137	.9565147165552896
-3.0058413206748447	9.437987242253477	-4.78007162014758	.6217200141018837	-3.2679563559249596
1.113050637110935	3.5668589278879557	-5.848020974425929	-.11313283430478083	-3.0688246801743655
13.330684836709398	10.469832379543051	0	.8761823245625213	0
7.1034571753830615	6.090782079753545	-3.9397594147959465	5.55527167458685	-1.2223448850745253
3.5458914176954015	7.530988512184101	-3.893979247808286	-1.820008385590288	2.577469827778997
.45452167371044483	8.650273932821035	-3.103624822714202	-2.751357360354704	-1.2561739145738358
9.948100864796015	6.780064411748791	-2.3491337344684347	-.6135327625050107	9.509268326253864
3.0710360588775822	8.059672337466091	.13738876772019148	0	-1.528050733467913
2.9854749135451435	4.452724076165664	-1.0656355640242188	-.6609081111482675	-2.579908942996083
0	1.1316385137146963	-3.2830407387001035	-.9313334901992734	-2.581459941315367
-.9437981408382101	-4.99200581678933	-2.110707695912225	-5.578038894861344	-1.7113279816453555
-1.7969907808830143	-5.231592492924634	-3.3551481922028863	-1.6679181954311808	-.6716591909489216
-1.784362362108084	0	.6466495155979552	-2.1176111616190387	0
3.045983393486728	0	-.9529655567139264	1.2271993742185185	.726649481229226
7.460443436444187	-.5576446704740802	0	-.5317746806198884	-3.4676139485356834
10.559794739842248	0	-.07036982271736109	11.939449206809549	-4.308219781826006
15.644898205067637	1.827976487840559	0	.3764682643524724	.5514660915744999
17.524509494591012	-.7219766066184882	-3.939115524704789	-3.0150996826728873	0
9.499788075919266	5.715016441147703	0	8.07553029738693	5.505117247117786
10.458786796440073	4.938060222691602	-1.7550264410957286	4.418656181318415	0
12.20886933752729	3.9135250784621207	.12803028861466936	7.482215041762549	-1.0159376288519926
13.45296725491925	6.5873336320000675	0	.5457467327333285	5.864266222145021
13.393097859603847	5.435603969694715	-2.4055552123308157	.1609690711404581	1.7086569281408999
13.669654591532204	2.6320133729027178	.5315693467236031	4.97828975813043	-3.291664045955125
9.78517806142387	5.234971831616078	-1.1310972190762978	7.10175480577728	0
11.392899337089558	0	.4278596322146089	13.712462328347694	-7.5136768186037175
5.501515590677437	-3.43460669220805	-.7771838413825528	11.373266754786625	-9.916293972608191
11.033745483667996	3.4451230278826808	0	10.011553974826038	-2.495974217226374
12.296751956746254	4.2962123142440145	0	1.6475426145791592	0
18.173069576696417	9.094917855992835	-2.6819282042847448	-5.996909704674353	0
17.68786485570879	8.835592002469522	-1.798184489751455	-6.921022275295831	-1.4524527170963213
15.233057330062735	3.791146801658493	-6.261326044663011	-3.1477192779753995	-7.962710415303512
9.383631050893156	3.2894389263519734	-10.82910194431247	0	-3.1240282764566794
11.621249138323595	2.8841847392269533	-9.193424292546826	1.731514278264185	-3.5577550673954876
10.189925756653206	3.9217549801809626	-8.908289585902818	6.983734320254531	0
10.134643020720542	5.307647814898812	-11.8022963470183	0	1.385655135922721
14.558636373757023	0	-4.2348165852168345	0	-11.223499890009665
13.93311124849657	0	-3.0717165205905346	3.4529717112194938	-15.880715465107667
13.460022070917105	0	-2.7923281641740036	6.071220224273234	-7.379177932124628
7.186299854040693	0	-2.171596144672748	9.337897996634753	-1.7219925942749823
13.417807488069947	2.3689022620014812	0	4.4951206999464075	-8.898781676349678
14.810178573021055	1.6646968568800058	-4.958455382604868	0	-7.111287582455329
13.400376340182893	.3937324129765207	-7.694412903202236	8.45938903738303	-8.873074176671167
10.161758937972289	.4200207566879719	-11.762401540302339	8.165218868364283	-13.53188196421835
10.083587548269326	-.7849992951447095	-8.616436124835664	2.010223099027107	-12.096454433867466
11.098665698395122	1.6724818041685978	-10.84749013276706	0	-2.1582093430370257
14.02479575062134	5.360529228192877	-8.033309337272014	-1.3314822641946171	3.238000278332604
9.013345214314	2.098421858198759	-9.80421059500454	.43112655355805796	-.06292235442781724
5.6503783048046055	7.083244205992914	-6.404822883708801	2.478382559006958	-2.5039301221613957
1.1858119215714429	9.336846988376454	-2.3546640099072076	2.9893074025547475	-1.0503880974867703
-1.6694737459471398	12.133055659072197	0	0	6.822608067820748
-3.0096545497216756	11.070949191146312	-2.0480955536412147	-1.3830836756274563	6.175583365706913
0	10.82416767045159	-2.3751108982386935	-.8306314097766905	2.2206455025908993
0	6.347063239428451	-2.760636872484799	4.288535639424551	-1.4776236968979923
3.2840439225442637	9.122407716680769	-5.110792064403304	-3.5570620469591887	0
0	7.686518730264973	-4.297336377200473	4.922676681966622	-2.8753474419389207
-1.8812489289738	1.5539797854516313	-3.386989551506486	3.5166746274908767	-.8941946750011237
-1.023589881862325	0	-2.633423245511028	-2.193465413499621	-.05326572375170602
-1.427469135096909	.7212500532518039	0	1.3041893255849988	0
0	-.33705548604838653	0	.9400784763727486	-.9597871812103919
3.933844037212721	-.2355846144203232	2.661271213176191	-.6800325205594804	-3.716088782114081
2.8450126123754416	-.5233998954601544	-.9528718575559475	0	-6.631740430140507
-1.9372732548769531	2.2661818528526663	0	.8516995615476439	-4.082303015586289
2.4326436663484716	1.9850807927245313	-4.78071226003653	-3.898580694233932	2.037184161104335
-.29818025159478717	0	-1.5669881188783412	1.3468322987796917	0
4.554751698022545	.3746396831128165	-2.026439131081724	.41808323603454955	-1.2798178415770491
0	.8074659241463743	-2.7461656143814133	1.8938855527839447	-.5114016332300886
1.4049167519043808	0	-4.930792322343402	4.919230250552068	2.0651284743628207
1.4576902757650576	-2.1513411977718087	0	-4.230730876298735	-1.2820787327506311
8.786452081268312	3.9413393207932708	-5.374732166025484	-3.1579132987840555	-3.6121732579526045
12.801974294808812	8.848280871416549	-7.357282082995832	-2.585596967391172	0
15.414175845831297	8.256336514924136	-4.370347316186118	-6.498008197110435	-1.9675660019196128
12.376388069187993	10.128212075940372	-3.2840905264335447	4.100762537827129	4.599689990059408
5.6937659263801566	9.19163029816558	-3.807826762639688	10.258430004597448	0
8.801870764464036	2.8372633576703095	-4.441761222126159	12.350456538509619	0
8.06741337612158	3.8329140089321365	-7.2224756154010645	6.524993318017318	0
9.38556624676604	.5535131369206825	-8.697345080150159	4.628053805119506	0
14.217756437969362	-9.063699930542072	-9.423078502723918	2.5629055205061357	0
8.960296786860852	4.314984944516327	-.8117223063554541	4.198465890784603	-5.9097979765407525
11.877777529352395	4.655967782227669	0	9.766258251675143	-6.342031815868831
14.191140373198323	4.835172857389579	-1.0314166187146203	5.7093926071681045	0
13.29659524014847	-3.271841461522901	0	6.443300775578061	-13.373993077322568
10.973464095248014	.06549090725045066	0	9.868026429610245	-8.312332027698506
7.706935730491808	5.502674593890345	0	8.348663373121543	2.8986631882609912
8.991982180393197	6.50996129768385	0	7.005215814168469	-6.52959626995472
9.640402518918666	2.8067645369863987	0	7.14396474972275	-10.56661870421103
9.466299976256451	7.7686494956129195	0	7.649488060331657	-8.609820561927348
14.66289522779539	8.56262797304375	0	0	0
8.578617963688504	9.071314717811887	0	6.632191975169937	.5260873057085562
10.867645973238586	11.324075055864725	-3.3977940961460757	6.695679649932284	2.9504233267846
3.42424550343501	10.659240261848145	3.3128902672913374	8.449250910624903	-3.1415947486087976
-1.9640067365774891	0	2.3862102190873564	6.172200496546899	1.8123767032692697
4.285836889574187	-2.8418023445593565	4.936702322233648	-5.535793540617756	-6.004423999207444
7.088228074081888	3.3902091784308848	2.0049548772837547	3.4588197538650434	4.434095683398551
4.093152108501529	2.8008671275006263	2.364093426949804	-2.807734765823044	-2.010295134734167
6.614450766577642	6.454943471622776	-.42302506641711046	1.3277712301540792	-.15045529640598998
2.618275990407638	.32696091678087846	-1.1465757978132938	7.269168970496421	-5.004278442256724
5.211191199047709	.3557782975546864	-8.652353129592884	.2135492180087183	0
5.5927177217848945	0	-9.0497112544924	-.3469555232598047	.6162431450987046
3.2576984247317506	1.6138866608277747	0	2.889636291910407	-2.8957025152621867
5.346891824435971	4.619351663614173	5.5851705768519855	-3.976807973065685	.16087875990159295
11.914518372431179	6.011026487246936	0	0	5.7474980242544405
6.7655431142736	1.0222376303856422	0	3.0682072219172474	4.027033732985865
2.6110447347975736	1.1068282153858782	2.3941492059364986	.48380673673767993	0
.6214494859645366	-1.7306477057822358	0	.8365590944443067	.6722286299335739
-.9222239709035711	1.0249322804935215	-2.0304259437162133	0	0
-.16470417081060162	.4176335479309881	.8649590220388124	-1.3647791469657002	0
0	3.5280981593297542	-1.7086605959422005	.3823075969432401	0
0	4.176072594849874	.14537305880379894	0	-4.903304301879715
-2.7741948633914406	0	0	3.4398494965050883	-1.0042309703689103
2.5421720579907987	1.8362323651875683	-5.58408649703447	0	-6.729602404686556
0	2.0302470486677846	-6.700965910777702	10.6746959667772	-9.10058235863119
4.622956099375511	-5.26196927488408	-3.7771696928977403	2.0033324106692314	-5.6019020863110365
4.333076628623046	.30648010132672243	-13.678643422329502	.19368536203853148	-11.380970446367225
8.096712329501411	2.3469887527868645	-21.91373665869606	1.644162161790111	-5.457969821934521
12.20362851824281	1.8851558099628958	-24.757696804075376	-14.050665545230917	-4.0091281689807765
18.447626500707536	2.3785131433968147	-27.877545450158102	-16.683088530400155	.4289055526329846
17.244357983598757	-.004841140497999774	-33.35250702700709	-12.65555838097742	0
17.05412614857327	0	-28.74116562530023	-11.669851439757535	-4.359027558522604
16.548219235045813	.27742481696699894	-28.110648861562694	-10.556143086936721	-.40212982758463567
19.268947677267686	-4.264708193258204	-24.436701872735107	-12.084464916329177	-13.161172136566496
17.58316339159788	-9.729317794927047	-24.229071267725146	-13.337579024962888	-19.49771891398214
15.80224335088363	-10.890490071518462	-27.394661154360243	-8.140257866643804	-16.835806149950333
15.064775713886496	-9.695975940758725	-25.266888571123193	-6.187261075522326	-16.282402343636548
19.55181884760046	-15.908851651219793	-25.24018261556918	-11.494704080565036	-17.283220972376096
20.30729652763472	-5.363108880675121	-20.049270858921435	-13.147010527098182	-13.164485838500761
23.849070399965616	-6.449233522420086	-25.62926275183796	-14.94770540575684	0
19.571698716329117	-4.246404653495369	-20.730226475175698	-7.085227450654539	-.04998249550083167
20.331672139551472	-4.752682091272937	-12.994394028470762	-1.2044595089778554	-5.539975340212159
20.158304184434392	-4.335810615947929	-18.47921031457321	0	-3.9411646756876024
14.002177583362602	-4.740343150932024	-16.202331391211217	0	-1.542670092004427
14.499543891083228	-1.5519950146605688	-12.260983524836774	.0917897296405028	1.2833520987621063
11.178889468817928	3.9072809439976535	-7.802721432225854	-4.3216615945990675	0
16.603495357712553	4.650282180046053	-5.805403317277064	0	1.074640011052293
16.22938884926959	.3302556091866816	-11.083363099391413	-2.224829314347439	0
13.023313226246941	0	-12.663031935292642	0	-4.4517938390952745
13.645668243857134	0	-10.059698354195207	0	-2.846547723400511
15.80306271332363	-.6213440676596551	-7.114564833375248	0	-6.5484645557713
12.968930813425374	0	-13.377113044534367	-.5163273850251561	-7.733943474060387
13.968119565725596	0	-11.876317333746712	-2.1463079133928478	-8.136372174515365
13.849276520460322	0	-12.388322744666628	0	-8.037422814049119
6.274384481979245	-2.976159209804957	-6.683276890972942	-.5252142096765802	-15.429209775057846
3.656452440507844	0	-2.7739370156135292	.776552083255803	-8.732144401411443
1.9062230977577084	5.29263928855862	.8350718447776575	0	1.7761418448124398
1.3390206682376729	3.6621588292292655	0	.7016347959881342	-1.339942133705371
6.591697869181297	7.978045164504342	-1.3823294377564181	-.8137630815926444	.4066408147177192
9.246344702692895	7.668753633973747	-4.373351131999572	0	-6.940081030380043
9.082551316922931	7.028136030897595	0	6.3286089139478285	-6.999835883547568
7.581137105146918	5.557424131889673	.5047470595286765	12.510263731526601	-10.142176054785
4.975669641589863	6.924795416021984	-2.530301442680214	12.623693063595962	-8.748560907758684
5.328515224760217	11.41246319568465	0	14.442419193002914	-10.218870679278865
-1.538521597267231	9.659450823736512	0	20.002439133114777	-18.54478702464424
7.3916576101390605	8.217786461067035	-3.721197610790335	0	-6.304566076340097
2.9722350667843953	11.035606451453546	-4.623227822207873	16.117492476898107	-8.716297337947916
-1.2437376274397827	9.199902986282847	-3.602193351268989	16.477482630449156	-8.78956776033911
3.1447473957664753	11.558064260862892	-3.362812966555708	13.410490994475008	-15.904004908249773
1.1648909001780496	11.057523031229774	0	7.937354571903985	-12.673197355706094
0	11.417979923120706	0	9.883520162636824	-13.40565178750462
.49861687479512407	9.267939428299147	0	8.040380944515427	-9.117225122815334
0	11.596611274689115	-.4920024283699993	0	-7.623918978627643
5.008426001981029	13.178274956632729	1.9140179978143947	1.2414521581418714	-9.236237750291444
3.9903099931841863	11.349215291094762	-1.4542464025020125	5.1355692779657725	-3.001447297792242
3.956306156548411	8.42976039522276	-1.8856511765906598	7.5656108963007584	-3.1671005106230306
0	6.387488051411658	-4.844137853985872	9.997427951115244	-10.207976032473391
4.4427971458911415	9.017538072606522	-6.072256035126799	8.247952265009738	-9.97709513936138
7.251574667702412	10.074974937503164	-5.860392874254652	0	-12.315012175125721
9.36397744438166	8.077684949675492	-6.564070857210839	0	-15.367121711686593
8.853664672778018	7.575897752936301	-5.596234077473627	2.2694550360128503	-12.75163876532854
4.84568140084777	8.561137838521901	-2.77614290184919	11.863502729644622	-10.527835944279488
3.2346029982269378	5.071148701333324	0	9.357530247847354	-16.98888685451077
4.126893963103657	9.059648031242551	-1.832980032256975	11.166085738755312	-12.144656435564691
-.23006424049674656	11.777359408392565	0	6.505097505847681	-9.562199623790677
2.3125417246701336	11.622593593883938	3.682710456758037	16.626388177081225	-15.241479483352387
4.517005921937202	11.220425202127307	4.259770053047116	13.783026284824743	-8.980994085335453
1.8676770984873623	15.810020595957406	5.71883902555225	9.97429006047053	-6.183018771766748
3.2960365444142252	17.15561885714458	4.834695146574862	12.692404917757118	0
3.570269126832706	16.6045487346758	8.813362219742547	10.367568130186799	-5.993698701408036
4.243395604181931	14.433988190278997	4.919261231073098	13.138365050551766	-1.3260701172420706
4.6838912092044	16.522365063296395	7.616109402031556	17.668438438536818	0
4.311499539604847	19.195435609305054	10.017305488343508	14.457343899173567	-3.715048158335312
0	20.25979194897383	13.684849711078204	19.425736511125123	-2.619591885895469
-.13862650053009173	17.62649935216627	14.058472704968652	23.72811210468111	-4.341409967775403
3.6599422204995555	17.064984148736116	10.168232099718626	14.028622176870757	-8.039158365210067
3.839158866479331	16.548643251009572	6.663831249229879	7.620570208572457	-6.261096646691962
9.578230263650905	17.3712133824174	3.5700472527978895	0	0
8.618250745449375	14.350705939785069	0	0	-3.5854131851080764
4.895018833086345	13.8487760604036	0	5.713014388409243	-8.195612181609471
7.8125366119894615	8.12931866357644	0	8.653257389549271	-15.246413911590546
6.253807575288667	8.524855003970202	-2.716674663525485	4.32474659953235	-14.121957872304769
-.26270305798378846	4.663256548473424	-4.462148838250758	8.718833129738023	-10.24551201395737
-6.185573318828149	11.13822926618419	-1.969981494589509	11.347460673747655	-9.25809623265898
-1.819596109627964	12.709877428943186	-4.676688667404853	6.688192177052696	-7.148243680451951
4.376519449060397	9.144378556668679	-6.336552829960793	-1.050972897509991	2.757719584206903
6.519037945956316	13.75003599886346	-5.202684091675076	-4.731358314857371	1.167396212653821
9.106419073070118	9.645107713079609	-8.90026482452052	-10.374169853414205	-4.403821530187717
9.35677637586756	4.939671019523332	-11.930501920316944	-12.39364947528722	-6.380753138994895
10.261603372135628	1.2765271242438057	-17.009496593448567	-14.245509759174753	1.6554806091024612
14.133729124545368	0	-15.704995962564519	-9.857850932417545	-3.96923925613739
6.945936499261685	0	-11.970314802168577	-5.6214826364285315	0
11.622999766046767	-.5003216077146313	-16.986285228001417	0	-4.609407217990532
8.850314129866721	8.263244047058313	-9.531456862695471	4.6827350973886155	-4.448683328332091
7.2052101170937215	7.275527439397937	-14.623844753460437	7.5787241388209905	1.630687781070786
3.06419773078977	8.68869006410964	-4.812685526669522	7.766643214767633	2.9709600260097426
9.964228188181801	5.570934037915368	-4.579329101346962	11.457812581592542	-2.886162489543419
9.107044803183268	4.231515683571746	-2.893277200606235	8.325426419970844	0
10.803072945837645	8.642161332538032	0	2.496316703809514	0
13.918888113204963	4.388447261189974	0	1.572359150691513	0
16.143814424883896	10.270536007963585	0	0	0
10.92198459307484	7.2964655666274485	0	5.41077164129128	-4.356863220495618
7.140488333632771	7.778963129939621	0	12.397461481501788	-2.0794180800183932
10.235988654573918	5.3864395868142	0	9.796880933165427	-3.9270595702661915
10.371735243422576	1.6273866901885794	.4046472852822448	16.37286082128482	-6.585784922343388
7.976188666812221	-.11611867586126637	.11506951643636976	15.140169567616837	-9.418950705903528
8.78317984328321	2.9013034630430163	3.0043755317473835	15.406855061818835	-8.51253636224402
9.149333718459204	2.625406360274357	5.805107531587661	15.231537868491234	-8.907687902128094
8.60649101613637	2.075729140817788	7.739020330216848	13.151838767355237	-14.748711266499898
12.012840016087004	3.0217645244446176	10.971363032587721	6.938669157169634	-15.64604148922459
14.05694711132057	0	13.075558911510416	1.991788420352269	-22.761088604019726
10.908432643505668	0	12.614868106901028	13.404969114661547	-16.323864035187437
7.988874426998569	-1.7710700880348573	10.945596596245263	18.156496968366447	-19.971129075843983
8.466393689387006	2.1894540041366635	13.731442024339936	13.911612325920817	-11.61772297885624
10.183598513189015	6.198981233616203	17.783073799052623	13.593256918161895	-14.655533744029174
14.54080566639832	3.954351166470961	13.053511924960635	8.861891268564664	-13.92968912393841
9.816457557134841	2.121528965326183	14.357195857168987	8.79544397156225	-14.238947739356636
11.704271395786213	3.924419467249117	12.894631610068227	10.245000474228227	-10.243016655991703
11.100085791327677	7.077757785381159	15.408510030695943	11.82874710981307	-4.952292023165716
10.171731561034958	9.944036120258634	14.233555526411667	9.454520034581732	0
11.20364553650174	11.308426941553874	7.71146491027372	11.832108692207223	0
6.268118452143916	9.992472853806326	4.331584654027402	14.781053893383065	2.4648717576729036
9.45170870176199	7.987249061602558	6.665968723446851	12.882857568880166	0
10.313354747405848	11.06836776721167	3.5841102995717606	14.241461822703148	2.5015689872451095
8.03778788437691	5.802629681079434	2.1459058128942172	12.571247061585757	2.190214307029393
13.151319092895019	4.906681119524162	3.2474086561128903	6.596927704751167	-4.607799080785939
8.340895260839451	0	.6538087622434166	9.597655572189785	-7.098511969696742
8.118284138173793	-1.466572291851428	-2.854094285327688	10.838510795566679	-11.22781393032535
5.172845956748999	.3532810416477121	0	15.293299653224292	-6.117871781759068
7.995303196953064	3.818156725371301	-3.989756314136384	12.657745965999009	-.785276633532326
9.80863421535126	2.001037287678206	0	7.278945647964308	-1.5098509635558233
10.956023770335666	2.672754716844723	-.42538590718460284	7.1158092253099925	-6.5798487125292136
13.193456250357785	0	-3.5566134037795942	10.345200116823433	0
11.047562984662568	1.779017740028573	-3.127759090767271	11.233497855860604	1.4498893170319254
9.863909589194282	4.675380624938762	3.229706763861269	9.602961202603565	.974195148249829
7.787119334120268	2.9759601665922317	1.0510546223856387	11.051124781319118	0
6.918442384590548	3.3702493924663495	-1.9195386265707042	4.889902495310674	0
5.243408198325309	.8708898419575625	.7602577416009149	-1.8912470251004927	.27782214731612076
4.557017889873718	6.587924774078541	4.845064645276794	1.7553857192340785	0
10.073246157321208	6.66585257332963	3.390652711280791	-1.960040525000128	0
10.766107322432727	2.8007201784873033	-1.8688552816396014	3.0217541604758926	-1.9016196165759474
12.584946647518956	1.6607033182529316	-2.356725933649286	8.938236201126657	0
10.906841672664125	0	-6.624626396905019	5.918169180363672	3.4222011223590547
11.93057030167092	0	0	7.598802036716912	0
11.821055455868084	5.686226258467618	0	0	0
10.841839440028837	5.225212413777665	4.1598451122907765	9.74992321926517	1.2162483781154785
12.37566786053292	8.502534929926053	5.746092885863001	5.067617795462658	1.7972306744756625
10.439276101527332	5.1793769514662324	2.6023101121259478	11.880443295661696	0
13.573763870177888	2.780974064145573	6.54215878047053	11.595171873281954	-5.288971673104231
8.919404833117984	3.6885751567733838	2.7481578143325027	11.695250770992915	-1.6054818864416365
12.247837127074012	2.186672047649679	5.310028754221877	5.876753319993621	-7.909132003547375
12.119382110736487	2.7038148404694917	1.3740282546834894	12.46731649944862	-9.909615423651902
11.067210173488213	.4909887408884828	-.8751036139485148	11.230510254218897	-5.920604867709553
10.829601418498862	-.250222490978828	0	9.972551431720236	-6.944043092604407
9.351272598492942	1.2006408250835279	3.189620660126743	0	.05259784366348774
8.12037275379398	-.24564235008913293	-1.3678990360563716	.24845252079673452	-1.8798812449494169
8.447537190196668	.5174559753876542	4.042866487507455	-2.1095498399385093	-4.282490666659507
-2.6083676287354853	3.867163071132869	0	-.9356389199081399	1.3558519759820058
0	.22459513301624107	-1.6490223259732386	1.077428245312776	.3294882079360347
.27758348506099295	.8820471935648935	2.051610585618132	0	-.5736929279186495
0	0	3.1227629502112295	0	.6483106149886833
4.941948856717782	1.0361691564770332	0	1.098420335426394	-6.742725283057491
10.19799269283182	.018420906746877297	-.1592090129875269	-1.8300191013171678	0
10.091697015664892	-3.7377388597494643	-2.569949610750502	0	0
9.327576734280338	-3.6612720762129776	0	-.8719685255391663	-6.939590836655849
7.915600768188411	-2.493570706543385	0	-.42769616648837183	-5.609714191996688
9.310251197714155	-1.2241141145160959	3.8434847406619608	.5794108058522056	-11.170186072951141
-.717637391257051	-2.4752193569562917	-2.8953899035574215	-.2923624265997531	2.7839870518225367
.3305888297154782	-.5714101360693191	4.658130622237601	3.3425828745772552	3.9174541387196644
7.5094306438866765	0	5.1845810080030414	0	0
1.5399958045119693	0	1.8859984074419167	0	0
4.296448301973129	3.0083062443454676	.5106214461800263	0	0
5.405823603143992	0	-2.8145610667958847	-.6476748783949763	4.134725418772438
1.9265708723424455	-.39422264252100003	1.1397523039275037	2.8197922617632702	-3.246939060806028
-.3920137712626149	-1.7859083238598368	0	3.3309946473905474	-.6087994407539774
1.7468824545631385	-1.4579215396099046	-3.064930173662407	1.7070978749611436	.5544346658079667
-1.3830080237808091	-.6877970869400509	-1.3017738196861206	0	4.080445154958353
4.808123539861075	0	-2.689691639829247	1.1267313271773745	1.4169759556397796
5.3175250703781485	-1.055118290629326	.0380811112507079	2.8676774813502517	0
-1.1785911230978305	2.7575238921006036	-1.3049139267609293	2.3978886278612688	-2.2167703874386464
2.525241256247321	.8892500149669263	.3770728512055326	4.404348827362288	1.7116849287892288
4.462577537205784	.48895214590289326	1.825623340195313	8.66815365678599	.5746998955414857
6.021814360815129	-1.6336495908056956	0	1.0897497330456354	4.814298792291307
5.217847454428682	0	-3.5028720265137534	2.009494173810718	-.7858022290185351
2.2954204480308773	0	-3.2011161621831214	13.233990523547064	4.691796001487896
4.180902514023731	2.42949355132261	-2.333978319517527	-.9174309541512553	.13552899104767913
.002724865257178073	0	-7.085800200005932	1.473812961137091	6.910382961888013
7.720218828127445	-3.1052510173855303	-1.035501137654195	0	6.642918439592994
5.948236740542815	-.6486816091788999	.9219794925477043	.09969535288905851	-1.4680954543809681
5.518645910039709	-.33751610229836504	2.5798663909144737	-.31495474441802074	-3.5526515035324437
0	2.9010047008788713	2.084767973390199	1.749708393412165	2.2406174057159967
-.922883704068509	-1.177015639923897	-2.3553509370297068	2.5989920179500663	1.2037854541020516
2.009483129615339	-.5621355899087628	-.353097306929522	.4264852358263473	1.0539635555337168
3.064912950799028	2.9209978787850828	1.031915767377995	1.7015364966119944	-3.6219021031772374
0	.8644892387603895	-3.501707407297328	1.7322251170834244	-1.495385541430997
9.051795431149245	.7227824836693488	-1.7068329943728573	0	-.3002530945831875
8.370371993700198	-.8914545621025249	-4.604672318948869	5.381341984941788	-4.476723868174968
8.712050381573716	0	-4.963385829126241	8.152001040230438	-1.447232859184869
14.014431506275061	-1.6401979572667784	-9.504316228267237	5.661942928596555	0
11.097749818670884	-2.6821662878063375	-9.383418651116402	6.807956194697775	0
0	.9286840483115789	0	5.518882860139747	-9.66459475419951
-1.1907721026663782	0	4.331879269635319	3.5068475597429067	0
-.3090208392610121	.4904096921209573	0	2.5009120931310482	-.6520451426840594
.5643040269336042	-.7925580541167347	-.7726141817994039	-1.421683455012777	2.0771579668982465
3.3297307387916346	1.6166408572633633	-1.7946742560897462	0	-1.268072974228469
4.654515299806293	.47993155494576817	-4.9063545658057865	7.800483148452251	-4.230827830191083
10.960094574670952	4.967530422717628	-.21231350197094753	4.674352186691866	-1.2837943947694133
8.028176181512741	5.446879033146938	2.9007891125294663	7.381830854189591	-8.109001214369856
8.566300567758285	10.989335688159791	6.2476334371340965	10.985785919506592	-4.942926048103596
7.393330581414492	10.969595454774492	1.8063272344368777	9.865034387789816	0
2.6327942803604545	12.113143194846986	7.951706032270235	18.72274114383062	0
5.191599166732368	14.030545486233708	7.531103682425053	21.136252921440338	0
6.185664288378646	11.865712416690622	6.363991592879948	11.903064909656052	0
7.685435945654322	15.551995225220548	4.56530756542846	14.058576228034404	3.171144122143996
3.1802280614497307	13.211656437495872	-.20283224354920681	15.671895236671576	.9843902002315423
7.978332711586132	9.613955241135647	3.271589678487892	-.3100813894553478	-2.3600827866975727
7.2739967615947965	7.7573563487106405	4.766037923459839	.6655764380625682	-7.08158022891044
6.704196699236942	10.192396388594698	.10720638179598452	7.2208268004963845	-4.919146419356519
2.90552311720194	8.939830330213852	0	.7279643440385777	-1.131560251667648
6.136644399946445	12.612711889265292	0	2.3127173558509933	0
10.674844781989487	13.863726270872824	-6.400046534555491	-2.114351647257778	4.0777585704966715
9.00585867677671	12.161260559333058	-9.420470883065834	-.29258810765776877	2.456365454006395
12.751846340316222	7.870708477148601	-7.046965140393276	-3.7628275522858217	-10.562504972234452
5.14430858444212	11.697178272423733	-4.9614808702845545	5.89646370392229	-9.288220329512116
7.056244148300758	10.4314728926017	-7.832230411869351	-8.894129375094673	-10.56636747470838
5.245908293573066	9.44369683772844	-4.176603268047589	3.8048487640454964	-1.0984277835575296
8.645356990898541	17.243519284356076	0	-.8799696189876416	0
9.814533465787735	18.59266434338102	0	0	2.661879817316234
10.656018155915191	15.21348235418507	0	-.3539992161433474	-.5166400346735109
13.270057750899348	17.563657440514437	-1.651923784660816	-.5625850867754719	2.5999826598955167
13.225680281819876	14.796042465448895	0	-5.842551760533815	-5.30375262168444
8.171372983458323	17.5286040986006	0	0	.2676715946007495
11.169563278992273	19.97250227989807	.08963822992158016	-1.8793967046446483	5.747972417889798
6.991243218012742	15.278165387297776	1.9382280406444248	-.715047350247129	-4.318844137750749
10.499370303672686	13.192622314200516	-2.2015403409648875	-.8047620147311318	-6.386749281493279
8.482884879040748	9.606976294286696	0	3.001887274333895	-10.748276149831673
12.933709890580676	4.3675584851250475	-.06829324963340877	-12.048117234617356	-17.664930744121346
6.685975049896926	7.3188029395585374	2.6822687346047815	1.8145832854481188	-10.158372721799179
7.495371485081886	3.2351587296606024	-3.7173756419104915	2.4231628005505397	.3701589035277628
11.202458737464466	4.613492803535979	-3.6552285250091052	6.50478883606681	-4.6403022835230905
16.082131266690443	.677410797391087	-5.367519976834382	0	-9.340264613401846
17.675233440679648	1.09508566944732	-4.220249284668743	-5.984431376326321	-10.77271808958362
14.340542128382475	8.119752223430755	-2.355655040613585	-5.502694991856808	.2480354265139117
11.54855651165262	10.109701960301777	-3.5045682487942678	2.3734939657600598	5.261384674376963
11.814414400148776	5.047157737627157	-10.672453352457172	5.979324648390646	2.1784864512267506
7.984404006270198	3.0822858633343886	-11.817695716038484	6.540360527150306	1.8753477837456716
7.594148851928967	0	-11.156550065412818	7.875974961742157	-2.050213403981762
10.675132873886295	0	-9.98569793351116	0	-6.279912831887727
14.29523938753861	1.7641033848551069	-6.1383850312432156	-4.29311960493188	0
13.806676218455042	9.761134758771714	-6.9362896432880286	-1.1666515608820585	0
13.591654225436034	5.472621477932193	-4.858929108434138	0	-4.602214797341981
13.223961220484528	.3072961500984176	0	0	-16.392284187985762
13.230571554759475	2.9505978778431623	-.6674120094711233	-1.7844819009298667	-8.2767715770024
15.688461660945316	1.9513654550204702	0	.216249625693606	-2.8771104663791705
11.552408852117056	6.781963837617884	-.5367278715001987	2.8107731099212296	2.133895439198647
9.760670990874775	5.090076829936235	-3.022955139057104	4.214599284515851	-.24256783981153263
17.519004103981533	5.167949458830462	0	0	2.4147015113560575
15.44506551696849	0	-4.9952549209207175	.8388512116392677	0
16.805700835074337	4.240065979007045	4.202445332300964	7.046124052529478	-2.627848551305853
10.479332818946538	0	-2.6447832368486854	12.510606263621074	.0984338160355045
9.560007678799929	4.020974753785086	1.5666458831675936	7.489889970673513	-1.3377763068496566
10.57308573377054	6.26826968592108	6.616369390227515	17.60423040281086	-5.6459467864206605
1.9065686624702884	7.939680404699659	0	13.762707906263522	4.1700241680542325
6.353775937056222	2.9929472492304816	.5541205983149781	-1.8324694200223708	.05839857245862334
11.683177426344487	11.825723767328675	.10878955362775145	0	0
7.846421640556602	17.269325459454823	0	12.515576307687693	9.144611735308532
10.708883308920846	17.904517265859713	4.651151118982331	1.1903886537821369	11.51125612345932
9.521562741926276	16.509134985494804	-2.903940603238467	0	13.58308542588099
12.863326462952122	15.509591150671268	0	0	8.747760987692448
13.689908829846718	11.930484918758495	0	0	0
12.889555859124913	13.011934354811139	-1.8041098086377878	-2.4974677234045766	0
12.65125498691463	10.48050249563658	-2.5844877490463776	0	3.1589828427562843
8.190440661264176	8.543413084290865	-1.269820872394059	7.094334809575248	-.2642302833787713
7.662661985330683	9.569277568380983	0	3.9666535584582263	-.7272539863732614
5.581669362841366	8.438665790810155	0	3.6242868084756132	0
9.346800033897848	9.190782682065564	0	8.838596869798952	0
6.11211609379452	8.349574305558223	0	14.764747101758227	4.034825025322278
.6593678994630634	5.4428659397774934	0	15.79503096559199	-4.921908490104798
0	2.3498121487522434	-2.0621917649447057	11.668533841703905	2.2975152985538996
.4530229198945456	2.110746618651423	2.2245833851003853	2.0663369679383234	1.2777193141176595
2.64660275020157	-.8586417854441266	0	.3176038099113215	-.6942538619597409
6.137470274224763	5.12146240867919	2.923992628151956	8.27588051192271	0
5.674075998431874	6.204582879982009	0	6.571033443250572	-3.3049746382482192
.7666902884419022	6.238755833689705	0	9.524460411287485	3.2111140006975503
3.407632802246337	1.7402572159552063	.9691292880628026	0	0
.6230122848670816	11.257894191019597	-2.1934579301464026	7.1808430174726325	-1.9686880272481144
7.336273121390065	4.964062438892531	-9.639417549377644	5.233325260823906	-6.841166200924777
6.2197018282512175	3.456618055502827	-2.7986572754156436	3.3655585054900667	-3.9192965312884724
2.6463225415934803	3.0055386544883853	-4.98789540564652	6.539286592958857	-3.7284658738258454
4.252300248324004	5.457211400300361	-1.9363879566694175	11.47265462151035	-4.85294528802946
11.094464265826579	10.680389718435586	0	8.961470301891367	-4.455222559791665
10.171362112296551	6.346218380801021	-1.3837055051520584	5.724729194259499	-9.733207371436627
10.479782744404494	5.295294890982339	1.9631046783511716	2.3581056493867747	-2.920897423312359
7.4539660176827915	9.335397726511278	5.004726279840531	3.3971558582220243	.8030233395391942
10.373512762570785	7.910901917251334	-3.8767106292676043	2.73067602315545	0
11.577618315190243	7.010790291601356	-1.4705190050768628	7.3306189817150145	1.5840888177613413
6.469919703494247	3.7013857314566394	-2.2678020618068597	8.460254663193648	0
6.276895427303588	1.8677239535409969	.8084791333796872	0	-6.939196631754724
10.865728919005257	0	-7.201016104370269	0	-3.176007546976813
9.656947280528088	4.8402432840096905	-6.944920442161079	-.3122610305419897	-.48965076872216196
12.628720478767042	6.349169972112208	-3.5294698118831254	.796535108742412	0
6.556741392766027	11.051343231776265	-1.7031557577801733	13.47560654854112	0
14.664223002428614	4.500678649801873	-8.301539884505091	.6704391187556379	0
14.913472630139909	5.611538112394548	-8.93340914065748	.656628368937906	0
15.251866289702287	3.43380574459024	-9.315637340780695	-.5697380749718561	0
15.397864074454983	2.115498568471571	-4.865629848413312	-.2247938901076838	-12.360386671052186
13.695259404005384	2.7853536618068193	0	-3.3157087679135513	-6.7484947023033754
14.872690141774022	0	-1.6066793810430857	0	-7.662234465886297
15.96709876707033	0	0	.46374919622351074	-15.074848249611758
17.10459824793126	6.266078441247871	3.0706972052949695	-5.0683908071227926	-7.500468761730933
11.158259192840442	11.315013561716126	4.606039953206729	6.801534615101973	-5.311426543483418
12.776600570464728	14.432682137886209	5.779830386973562	.21123505049004754	3.4797848499585244
14.411146213839674	16.702392448122772	11.628832890345262	0	4.081511505316822
15.42762330488311	15.716237326421883	15.75071583171926	-4.110631253228944	3.910647725731725
11.715980597184403	16.031585792060174	13.37667192888506	3.464228854883019	1.607723749749041
14.756238503956318	21.765233423804414	11.820552306796392	-2.5067749634130148	7.963882833214497
15.532226278651796	13.834176086511915	0	-3.417425767104114	-1.3582689026433992
12.356337462208137	11.475878670056867	1.7403039191429066	4.174348221737439	-1.6867199120776244
