x1	x2	x3	x4	x5
-.8301003119163239	1.20669352515719	-.8466505523549117	.768169903567135	-.08474549338378282
1.4272320234649172	0	.4049587722907484	-1.7460312079750142	1.0482514785185235
1.0803373154692133	0	.07778050742111772	-.9655636501434556	-.14978880756913485
.4860978396487907	0	-.9614671105725359	2.569222918121336	1.582021043663519
.4426210087558893	0	-1.9618186188632976	2.8777835322048952	2.1611888183392303
2.150059469945514	.01765079557962718	-2.1776871622899585	1.5547322265246803	-1.6859614706690713
1.7543428836261625	0	-.9605976737668209	0	-.34337134134521863
1.5814375431206975	-.6018135955579487	-.3487492611288426	-.12362004471824768	.863968319141954
1.024244944652986	0	1.1756709140089225	0	.009921462931017533
.42972396634744653	.6591494563457283	1.177426533134566	1.028231923281772	-.18434818690094468
0	0	.44132573397474717	.15704410824714587	.2596719381488771
.5300115792561239	-.3055994638028095	-.739262264182283	-.696821654150353	3.15080992434998
.3687901906190435	-1.5758417216346734	-1.1653368115630531	-.4693433553364648	.764678892010197
.03948700485148943	0	-1.3081134509988908	.19097243638731418	0
.05474201520804911	-.11009590167543887	-.3156061911684911	.26596260688987666	-1.0939572627170793
-.8791835611176784	.5673508238512504	-1.1351137194330243	.7134369750464656	-.5255437316730003
.30495903744054087	.5325022117697145	-1.1071377971863026	0	-.9038304051236646
.09574211820807058	.6387872678727424	0	.2978823868445471	1.514766166961721
0	.5949137247289376	-.8483703025420294	1.0529751400984666	.3977442012348806
-.20562200449360918	-.5610123296751315	-.7462344221340427	0	0
.12220843183365693	.6687300724118315	-.1587173180550276	0	.6749974465217838
.40999044564775544	.5660969280622701	-.1433268040565321	0	.12260999984898147
.41664906057797313	-.6492082044743115	0	.464243594073472	.02817926042498438
1.019296473981981	0	.31634000375735305	-1.3813391034688207	-1.024080024524598
.6265386575123153	0	-.9577713596007432	-.12495952833461932	0
.1783308762894194	.9356511282269668	-.3836513769338714	-.2683267933011692	-.1080418266764489
-.5046884882900643	1.5904420829304107	-.542626973082526	.22758481622044924	.36790573449405506
.04913366982148187	.8100089107344122	-2.085903912796446	.6617906934818623	-.7696137746172704
1.4243100790920435	0	-.7690784189491057	0	-.7896031320640688
.10398680679616762	-.6114715581020034	0	-1.1856515245880737	.8953518198511317
.7419995042639135	.4193244576888001	-.46657274010378463	-.5424680891119495	-.09311262164804918
.3673500318145403	.4942603039054671	-.06666201893099004	-.2615436204059688	-.6630047785093011
.6144753689147985	-.33136300865835655	-.11916351456503127	1.9209116078954465	-.8369317839303074
-1.0776908902167848	.0396569058453754	0	.994940617657753	.8205681265683211
.5419536983474799	.7093682838915389	.434840325709121	-.7805811046897242	.22848165868104053
-.2529229182539167	.3633061657105969	-.5875917666607046	.19069864041100404	-.22937975693402674
-.22436853289045472	0	0	.2773038745227177	-.9507348903842998
.5615404126914734	.9048001878083276	-.23437437913921705	.9491405099470219	-.0032199201511775716
0	0	-.640994014452517	-.03256310661386186	-.008266362270030858
0	0	-1.4618192760004596	1.1853648458354402	-.4679346121236764
0	-.34690421920506426	-1.393193103458543	0	-.22680208717930672
.32702200547897475	0	0	.5213628509360864	-1.9309068374568243
.5308159660341449	.12018665869159875	0	.20006250525024094	-1.1885539946096015
0	.23900191606228202	.3841559352521039	.4431319293259176	-.6820022820169469
.33991372037462403	.14020969065101185	.09901114774439757	-.7430738183172043	0
.10570907010907973	.19297302088850937	-.47848172634498	-.5512635983791205	0
0	-1.1614216320515607	-1.6890102959841191	.40714227236529565	.32694874761783477
0	-.7930358226695999	-.7203771476765302	-.5800537805267361	1.386761487688792
-.6738786761444275	-.19144903171054672	.5976009924711786	-.5376910336595642	-.5979097550963698
0	-.19249258933472801	0	.7706733365516584	-.006486257901268836
0	0	.5632265227092756	1.3228349024953563	.7569925560900912
-.5855006846852009	0	.8583608735381748	-.26371760244223785	-.7930060499125458
.46123339993793505	-.6952278994723292	-.3603819809764921	-.42176981651099654	.16211139650371434
-.04244704288479284	.6187457243312127	-.30380867703061587	.3038898358731487	0
-.10621133360493362	-.9002580374732111	-.6352543318012105	0	-.48461612883627825
0	-.2904121246268052	-.40394869009541734	-.3119543350685544	.17329208013779174
0	-.2695458991707279	-1.0393063729308458	.4651598356100517	-.9937040199824367
-.5188099922989646	0	-.4802994529397543	.6231497145721968	0
0	0	-.43921318531044495	-1.2169727118390263	.5087087232583081
.4050080289547352	-.2638770640251565	.2455135909687901	.32662656762110837	.7219264663193159
.3381247509546308	-1.0091371311436999	-.5264975235413885	1.9103711978737357	-.013931767564163922
-.4613684822040881	-.15228203202477628	.6158545762084203	-.23392332563643464	.3440825413751313
.9430386546685761	-.5771655425007013	.20088991098170528	0	0
0	-1.6075024042651307	0	0	0
-1.560010120655864	-.42220091505424795	-.3464163057887487	.06755095864303512	.15642565563432045
-.33026257795021985	.723397068068004	0	.4741141446196773	.4386614192773968
-.7676852528119251	0	.4413873194946818	-1.0255255868922797	1.7534007381562355
0	-.4157278289729762	.8989661043445074	-1.036435763023989	-.1792732561343619
-.8917205914329109	1.5646863758746834	0	.7090536303737578	-.7263401025495088
-.8279141839893165	.9994355178096797	0	-.2399589335564843	0
-.9323625695404232	2.262968929102481	0	.3057900034987521	.22295954771707022
-.7546583201381706	2.038945925769485	0	-.5042989626606645	-.7525359531514076
-.16882639716309553	1.0677464427530419	-1.3872314044086163	-1.1702795284294816	-1.3812089763921251
-1.708333035809171	1.2520719446417954	-.8561013539564145	.1600494497849878	.7739729685788829
0	2.3641689484594792	-.5338106316335317	-.6003918247479961	-.5210583602179919
0	3.3168592435975164	.8407688995776156	-.057122642995497686	.12344974992936986
.8572811481066237	.20363601095069067	-.36257042166540426	-1.2641426724979494	-.1360783825549871
.35268767567679987	.04475720861614402	-2.0137283301646587	0	.05309237213247775
0	.022593325609644832	-1.7604735413018726	-.9992456177165833	-1.8900890932443069
-2.3920339512548394	0	0	-.9797776421968241	-1.7770381410190796
-1.671335412395977	.5365511243548822	-.08951795946308369	-1.1218351984088615	-3.4879425489089773
-2.326309753696489	3.829831476694341	3.171788009250794	-2.13141095771031	-1.8504283521885752
-.543653011652747	3.590541147801146	2.9515504787030498	-2.2353847869971655	0
-2.9003876719243866	3.9722190553495067	2.5172650101342016	0	-2.8972435426734617
-1.8064836466518268	5.888643172196941	2.9009221873778066	-.2206627554668774	-3.197259434021642
.20308542198642482	8.63164759902815	3.901134794570896	.8003167875309846	0
0	10.483840650803065	7.714441335627229	0	0
0	10.794370132121095	7.1508149491215764	0	0
0	9.90512857849581	6.26213371747002	0	0
0	10.0308060061125	6.678003608042691	0	0
1.2301056836649895	10.727953841351273	7.40986794557527	0	0
.25176754308441884	11.256232250051445	8.297051146275404	0	.438849074775761
.1547131178722933	10.28514147975621	7.780347180478047	0	0
0	11.643092954919712	7.352166909338251	0	0
-.1204148675708277	10.986653162761074	6.363704318647633	-1.0763369711572475	0
0	11.301247209016704	7.171949142185946	0	1.1298334122730582
0	10.96717567362349	8.386317043930685	0	-2.2130271387814258
-.37905028481499625	12.098257280123372	9.40994438075795	0	-2.226745009898004
0	12.364410691055228	9.300405758728239	-2.294091862646646	0
0	11.457951886763654	6.987069641909404	0	0
