x1	x2	x3	x4	x5
2.6089711095046875	4.010573584420314	-5.331495655151313	-7.049085865090937	4.334522011657864
-3.903742198332326	.5444297069013404	-6.763739972712597	-5.274464631145763	-2.9591175601892346
-4.236239627503572	-.2557183361993207	-4.6169003323451046	-5.447656855593378	-8.767283457358879
-3.472304016973177	.9372815463018966	-.8873378702567345	-.5736139252282024	-5.575586173748876
-.28524580093210594	1.050961224179644	1.127570588967492	-1.2310715416354445	-2.9406261428444544
-.8710324959291517	4.233675960031435	-4.965862947549378	-.28402862657368577	-8.500905715902785
-2.7750951013732466	.6227782931687765	-2.523121891124492	1.1022005124178094	-1.361482357778868
-1.2096215957064396	.6231309542937868	0	-.6256195426429019	-2.98103998333729
-1.1234316611697632	-.27535475084222394	-.37274664906025534	-.23210406057554112	.7947570869331579
0	0	-.3432747009786361	-2.0266062364735435	-2.7610008719953525
1.742318481247065	-1.4068193303765635	.4835025989593008	7.194098323940393	.8006958026844273
0	0	.28185801491846535	.7597330742867017	0
3.390902321306649	.7622660294629562	-.14636477292378897	4.706898661396043	0
.6265183308260314	-3.1680773193546115	-1.246449819396906	1.1180404127783223	0
-.16982984939619372	2.0278500316774655	1.6361314250875947	1.4387590322892632	-4.124658801215215
4.9505919109143655	.589436112659256	.594658344980141	3.359422852864398	-1.6223955521112559
4.455976852245057	-1.8229809781976878	1.912549846471828	1.2268399763122506	-.26312327465492313
0	0	2.994911335735784	4.679317887342184	2.1942547062229014
3.585655411043537	0	2.192155975232815	2.412962060085805	0
2.791939221094059	0	.1475155361528857	0	0
0	.45081675833066903	0	-2.2337866958219914	6.4520443848053
2.4212096680969983	0	1.310264146087188	3.0124197179263175	-1.5578373937842311
0	-1.6433079897878926	0	3.8254853466327403	-.3580022527616371
6.346824204885786	0	4.285648307394586	1.7651891105462156	0
4.777044765294134	-.9948320586020376	2.5507201422343457	-2.0250687275313894	.0861811024958926
5.135849878849518	3.974519869352317	-4.626452159090426	10.091465392087443	.5690143019244958
9.079605234897734	5.217192379233481	-.5484196205329506	7.829267119297168	0
6.454737181838244	7.160222314716165	0	9.426524273457552	6.8767807142059905
4.77238680637136	7.458641816098642	2.0175010557661395	11.038304286115782	2.5422849066162865
9.008654683999696	10.650665873051201	-3.3335263889619045	6.591037596860646	.23084549544991306
13.17879761047045	9.609046326159532	1.2674282740102314	-2.014721643577023	-10.188572041693385
10.513128584906468	1.9950649453635028	.18598254312317847	.39686520616577575	-7.646750786107329
3.505805044637833	6.625758622877972	-9.21626713611766	0	.8173656046912614
2.673375203437946	7.417689328575705	-2.166907288132675	5.014781488818856	1.0082343275277863
-1.3517539821166111	7.875676650781058	-9.308359711061655	.5029963620937874	8.964438042163627
4.3787628005084205	4.253932131480038	-6.160272579829	0	0
7.247145089864379	0	-7.102747978282924	-1.430940081470586	0
6.443838844602029	0	-3.1549464352196797	0	0
6.5677950067645225	-2.472481725887088	-2.8159972411237435	-1.8917929040545471	-8.901805200309372
3.774519881389563	3.437379337797398	-.6556439745207514	-1.3642277138232168	-6.2776521065952995
1.1240877828451095	.7208555053798543	0	3.3703401267480038	-.20647056508841305
2.6652390324874573	0	-.8921498794097448	3.807228223967593	3.35067296571497
1.7916001590705146	-1.0972481236446936	-2.7011498649236003	-8.211420325214853	.6772253059055726
4.244211397180915	0	-2.712710710837154	1.622742157810119	-3.48220400011929
0	3.5119115954592734	-4.815718155881724	1.6746630667399933	-4.009260156584381
.33216386477306004	2.1047942569172267	.9442993713254918	-.48757343901133376	1.4814501468126924
4.492741509841541	1.6889963224192315	0	-1.7602034112258138	-1.467098437998233
-.8983074918446645	1.5731110198021334	3.6096789176965167	0	-.4293775601667017
2.7886366724989973	0	-5.684569773355993	.2880491212499754	0
.3485782587715237	0	0	0	0
9.052865824381888	0	-7.197317958773174	5.309931148295187	3.3032093481767024
11.908894645729863	0	-5.219302146793592	8.679178661637799	-3.033730269532819
11.855214123785867	0	0	4.6572978879419145	-6.192116166450949
14.797190123740819	1.5794652170734242	2.0337331427078524	5.4681703616632245	-5.5023233829310625
13.366606188262471	0	0	5.121343136914451	-2.863776109500453
11.804100031178494	4.955609512844128	-5.411067490474956	6.119233657390337	0
14.04244085065287	6.868559319948566	0	2.56764791496882	-3.6217193019748595
11.44916928777753	9.688645578621665	1.471110273309475	-6.545054142367615	-1.498378695004633
16.617435553205777	6.632305417428016	1.821621493731226	0	-.5423308235409086
9.75483150903245	11.437552639491644	.9994267002855224	9.948809093773107	11.256411685777449
11.591851895048453	10.551617987163452	1.4370955391453448	11.930766705896172	4.815567804164472
10.93548860193202	8.054154441971956	0	10.907085181941161	2.230041897775856
13.680873682758453	6.556101703543829	0	5.621736119768503	-3.919544967218589
12.025396531475042	8.95699323919748	1.9387901590311114	-2.000319693438419	-5.5911930917370825
15.914026617714276	6.630410893907884	10.07606220196071	-5.496952239731582	-12.283708939058206
16.495170414396075	-1.6557332837024366	7.929280770531545	-5.93931507463707	-13.249341748538889
14.322930666569322	5.570094219957715	9.836594110054351	2.3009947246837754	-15.684008621215753
15.588347301334833	3.2347616673691997	7.312396531809013	-3.5695904803701066	-12.164917349505398
14.19647537404348	3.1148059907439882	5.731758241740983	-1.0881028246565476	-12.912295364478176
12.698204914967253	5.448546791516788	4.781750651623934	5.428871869363294	-4.831899269950806
14.405840981822323	10.681911072059146	1.1127021520219107	3.453745962262338	0
10.345050474370804	7.245473060304325	-1.2826784695871591	8.047722718684138	0
12.34543830980748	7.401000462351778	-3.676706754707824	3.5341418252252255	1.0988288555911907
13.64470435368446	5.605412100841047	-5.596679704207522	2.67439969666695	-2.5249549896372674
7.942150783506547	5.494824760849956	-10.101497683701467	6.8025510915422736	9.006909046425466
8.189204420057088	8.537486749416455	-7.412833897545541	4.382891807135902	5.843455702889989
6.13782034138663	10.734012248469066	-3.5621400199698128	8.66452376451108	-1.2220768072849724
6.738999885935494	8.456903366192371	-5.62429268368286	14.418012456954116	-.4840953751367762
6.235310714578065	7.880552251843409	-8.741771514096222	15.617252436892873	.9230187412617998
8.416879893402996	5.215123097209265	-9.235207279169277	6.566167655100155	0
7.824400724315682	2.5311570342865335	-9.28478275278177	11.2138674726242	-4.052902548526775
9.250378889538691	5.32873538651799	-7.833580947626416	10.691378055376697	-5.47329029171271
9.593365255242352	-2.912411180298108	-7.929377069266099	4.496727263154822	-15.042242998733977
9.906098213625027	-3.790674279970828	-6.1047784109671115	3.380576448614029	-18.305509154188126
9.517941875867546	-4.248083507334606	-3.7010054037737445	.8361545937182622	-22.228626228498932
10.158996636068423	-3.8190876222426566	-3.325617174169107	8.561911000972962	-22.552908632047355
13.406501222121674	0	-2.418125244017668	0	-14.676305355043013
13.29982235600856	0	0	2.7414447197214544	-10.757477804688184
8.538112195091562	0	2.721792896933479	2.1863810042163827	-11.058153855960956
12.232850183514676	0	0	0	-10.525260625822696
3.0994098721835965	3.335977195732401	0	5.797751310113321	7.190013662933276
0	-1.4807497705627835	0	3.6133707953978433	0
-.36239803574981133	-1.860631888668244	-1.51115482003064	-1.581747368674424	2.6483872649117552
0	-.026706859565564168	-2.281882120417871	1.5465817958745496	-1.8553600509133417
3.032362169284577	0	.4155300654443421	0	-2.908433796669315
6.41747049530921	3.236513999913923	1.4737422205109896	-2.284575979463521	-1.9101978968760847
5.396934440353149	3.4270539381660883	2.0139815008621125	3.4725371690515323	0
0	1.3669138742472087	-2.827895569111637	10.214040411064481	-3.586245429884382
.33753999937574397	-1.7003849981392172	-2.0841094103593276	5.854020233578834	2.566745132878716
0	-3.2444014972632966	-3.8933745575501293	-.6766649269724312	-2.437181022973259
.3378913011959604	.31198343271902623	.7661007447084738	3.9818480454731766	1.4720433207837267
-.28861144327413135	0	-1.4297066820570299	0	.6336180796752786
1.4611800991683994	.41772564362004727	.11258682546665755	1.071636801300064	1.003733805344976
1.6268600440543772	0	0	5.177479359285446	-3.7262056662997405
3.879633978574471	-1.9014979054912704	0	0	0
1.0489267519976555	0	-1.4766301824425228	-.31261049398859914	.9034021676519657
.89679786769383	-.31263357822930893	-2.3961885035553494	1.652597030182056	.3419014800589043
.8164192614480846	0	2.4587389722512962	-2.5863687872949983	1.4155228600557284
-.0671729168129494	-1.516777124161742	-4.039656238181606	.250870748663405	3.66026927444955
0	-.23615563080221946	-.6780061069774106	1.0249271882569986	-4.118590610522435
2.460568087154616	2.539097959767809	2.0990698784151673	1.014128332923391	-2.469319317310008
8.123138488807797	2.3806327734220125	5.800285345037998	1.3181608477694615	-1.8519585401650218
4.063102866958995	-1.4581206674852913	7.499879053596892	0	0
.8250075180588131	0	-.7614961217040216	-.9849473514343505	0
7.333125979321624	-1.0067380701307276	0	4.977065251614233	-1.788586579663705
2.361394598959567	1.1863772994562947	1.6989268852577035	-.11514400813663883	0
2.519785308128812	.919279688280039	0	1.0757573843910984	-2.271300981289817
0	0	0	.33328870041629566	-2.4023250418070177
3.7496497952747063	-.3982149041438361	0	-2.7553395490219375	-.1271156758186548
-2.8144665680341157	0	2.2238959812133574	3.7474866451474567	-1.7011346394378053
2.9067841943617823	0	-1.8604356555301282	0	0
10.283694313473461	0	0	11.2127213973954	-4.1900137545575
10.738536055023514	0	-7.253356361253445	13.499442767891297	2.3879313442290266
9.754048408956796	-.9513591835153474	-7.301988369617337	4.817341351522227	0
11.203047136777599	.7016993458522298	-1.762657777819164	1.5944530941386672	-.5446575130759594
10.875302002143593	0	0	11.23159919430691	.18802883256418634
9.875073343767614	1.6014531830018703	0	15.540977574264891	-1.7417547673987626
8.570347761083637	4.304840090833874	.4700746088840844	12.982428833332348	0
9.851181253447383	3.7435314102415385	.533491388626862	11.028345966071507	.2609725822491513
8.619772015386648	6.256963811709346	-2.092815053194506	11.313293497652822	7.286515224004998
10.835497589303909	6.350271657331262	-4.141438725768249	9.506263873399313	6.359700799607661
11.5648088748931	5.886669179945722	-9.397213855120176	3.3508040596395006	15.225278066411162
11.189651431465638	8.830103218494912	-9.377934139595	5.473408523119704	20.09973606683072
8.499941294402205	5.906654634794444	-10.871581640255643	9.447935422873766	15.01496803615831
12.304706260160069	2.0909918079654197	-15.05017302085673	6.01912651919843	19.2137094212135
12.903897006231917	6.6439558969635	-16.92268071448186	8.222865894688777	21.274992391844613
11.367833718378652	8.814448817064537	-15.638180678211206	6.546292797220944	15.377022910674222
17.28739930395163	8.455538965603875	-15.47113628826685	0	13.881645795197329
21.67417526019525	4.735884950380251	-9.805129866819644	-2.4793579805922263	4.252586832576353
18.421153738036235	4.076873865651599	-9.198009819343545	0	3.951329050874225
17.2754720950382	-.7000582336215764	-8.182221487380605	.6487158862692308	.2350171546097315
11.162369289423793	4.113854936406696	-12.397303354721707	-.13429902871588717	2.7199620681302115
15.542921587036206	.8770376593548279	-9.630274706618213	-.036738193902777105	0
17.457174421652724	0	-14.296920256808704	-4.4510656444100345	0
15.061172614520865	0	-13.069207308154436	0	1.8229950921731237
15.544309980262536	5.587381324694471	-15.813619026908455	-.41128763082600517	9.816277489030009
16.64338659639271	2.8633343397029662	-14.006302312752581	-1.2245279831495641	2.3818189388522364
16.163692431937015	0	-11.105309083550521	-4.002386262937693	-10.347827722784345
15.44780156474338	-5.1855708623538295	-18.30654280713999	3.570805907859965	-6.303467321848885
8.701247531264197	0	-4.067095599716989	3.8269311622119764	-8.386957252806223
9.965109309909096	1.2433966309526947	-1.9136446537102856	0	0
11.541086461913206	3.1505360776476623	-3.7396000434633443	0	0
9.943915821743516	8.48747520579937	-.43324645053430944	8.735831394510615	2.33624193186023
11.122689531420207	6.482687880819613	1.079501560185433	7.189816345864912	2.918487549823081
6.691960690071724	4.10210533641245	3.07897168832403	12.329759192940902	-.9892832173667423
8.546027491779471	7.202095513093897	-.5949638475721344	12.409789473691802	-1.7219760633379688
9.067696738237842	4.877854465516313	-1.6187381320903327	7.990304902339192	-4.295861240080938
12.22857355083967	0	-6.358076912996532	3.846305014159517	-.8463427474007645
11.448488330239051	0	-4.753756093784508	0	-3.349617374406329
17.529284060138284	0	-3.1834731835297196	0	-4.158155361478082
11.605366792536813	1.5313893161364258	-1.8174847854829337	0	.44217422645591326
8.241215480253324	1.8732825100352377	.3586626549833365	8.776082899558059	-6.020207011651315
12.298419521390494	5.729541364607048	-2.179538301914248	7.22840097754239	-.9841871667889293
10.451236470670912	1.6950867187485492	2.210691830816457	0	-3.327866363872515
12.358388797425556	3.6312575618318403	0	9.816558423763814	-2.56259064850254
15.518676959468737	0	.5145291108622134	3.310663082463095	-3.5833612894233413
12.68731686237441	0	-2.882741368816397	.3922785567070175	0
9.222031300016857	4.8645812421635135	0	1.9680850872168822	.8481522673646585
12.176064995834034	9.172719582443383	3.6948021145851246	2.9022344008335486	.5447634638456366
7.230975786691086	9.950662464374133	.18595532117580105	2.3928145657550863	1.6291533501354987
8.426588157157628	10.279428930290393	3.1044114088512784	6.30018975400791	-4.770782415545323
13.416014410647362	10.460415686454036	0	-.8359837389654106	4.53418838345007
12.310363370888288	3.0022946144856983	0	3.402286044539955	-6.308910276188335
14.647226782331808	4.517540038411329	1.5912254052909964	.3973270734389547	-9.482368172578859
12.118849171510771	3.033432363593489	0	7.771139959324418	-5.046621754118642
10.713958951557526	0	-.4149518326823287	.11788502816493415	-5.025571850019508
4.235807915276046	4.3251477608192666	-2.146900178189846	11.239096602322375	-.04396994622454453
1.4605335510634183	0	-2.588884906522484	2.3894159059973514	2.4080671082337544
3.646043280386585	0	-.041572652459869075	-3.5753892928288282	0
3.7736274860227756	-2.194170233842426	0	-.706837743115103	-2.1574559093349617
.8758133597120064	.5447835548616564	.5887171452454054	1.3859741575647957	0
-.6017763104345166	0	0	4.849506931513378	-.9658884665366231
.6782429683268432	0	-.138796278128556	1.6899367328291997	-1.7104085098277846
.5015466217848523	1.6923284633438016	0	.01787908518445125	.6394257017826215
4.634629827915143	.20945283381379887	2.1481052690676927	.963494639660413	-3.7670144206488567
2.39601320744166	2.006382803614801	.43294008148512575	2.66413644209486	-4.061102898168081
-1.8601514856188248	7.480394366416218	.45096119824168146	1.6719627159524668	1.516918504823177
6.477477384395425	5.378777273884566	.4638142213401106	0	0
5.9255760452984205	2.7189776468385722	-1.666964522046244	5.297121284287256	-3.50820098923743
2.019580629251785	2.9811835370679534	0	-1.5640828826741024	-.14251497397206436
2.8966794688343107	2.2415339385454383	-3.6669594214742878	1.992658267351978	2.2788106937570602
6.007420430614758	0	-5.799717482756174	6.050712691917386	0
4.7834994249325185	.07106609788142644	-4.209773463458079	1.7156057183499063	0
1.6689549406287445	0	-3.174959795097804	0	-.331331624477609
6.18294460879857	2.102106928768184	0	-5.762823489775645	-2.7400368843588043
-2.033113032458577	-.7295540941236682	0	-.5998987244903629	-1.6230437252937844
2.4962195199803254	3.8346323782790206	4.75239914579666	3.605448331174153	1.7699395570541996
-4.839479132272895	3.460010500119102	-1.2569606707430048	-.010013116556078172	1.803060560746205
-.8149768094723222	.3458770067953595	-.8523400118241687	3.5550628055815916	-.8706943271418243
0	.6713918640268512	-3.3071036208981064	.0471789814706885	0
1.587236735560845	-.8349687250818913	-3.539200323596435	1.770101683081184	1.1363179973687134
3.9773936585641607	1.1872872367716498	-2.5484365781788965	-.9486915978872505	-.337751728926194
6.079359618527295	0	-2.247565555872468	-.5515205311316526	.4707200841358171
3.62774157854147	-.5748029176473558	-2.5803245605627145	0	0
5.03574889333127	.8286055093202739	-.4249808867823711	2.4043432719375737	0
3.526791185306217	1.3640529385826734	.2572719009809811	2.7604322247406006	-1.5228047690164443
2.760106178051741	2.1557202873100985	1.7377072986538762	-.8566949063984916	-.2700572316774872
0	0	0	.8952396687698749	.6125633730141988
.6713053864253122	1.9313549378205912	-.6140997150362438	-1.4029941494328084	.8697880567692183
5.605080577503172	0	-3.208973042997895	.6864304491125367	-.9247917470161648
8.560916377105196	0	0	0	0
7.519818871079676	.18223498507195907	.42064182329874555	7.226292763557069	2.5927960524298466
-.1652727187259624	0	-1.4709334465339552	2.2867599235839275	-1.2054376984966058
0	5.77285155443042	-2.9886376495055207	0	0
0	0	0	1.0575793508934137	0
2.067775340889812	1.3933984260751506	.4514855607536624	0	0
7.526084031232777	0	0	-4.776620046258502	-1.9891794564801017
7.946874579834138	.20401281996853005	-2.495277001547307	-6.058898688096086	-6.605345186009375
4.291354079699878	-.06352659696400897	-8.206018743829068	-6.822010807337742	-5.435616647550351
5.868657587411523	1.6240071650725003	-.9915424633341272	-1.102383033578283	-3.2914462932461706
7.703976288956319	-2.612100796588653	-3.369800796809073	-2.2112508560553685	3.2062480131471354
12.430897109571372	-2.3400118475048552	0	-4.115367779880112	1.9657289274419285
4.102405859634076	0	-1.2556547596829966	-.11789115398167294	-4.071944644272577
1.4303108072560202	-.2838908469162855	-5.028735761880839	-.8846282763727185	0
.8225645975280276	0	2.6091673036411516	-2.021677294124341	-2.028890118588501
.7338584542630241	-1.1610099258603113	-2.613075419356339	2.4904372489160655	0
1.0117081067447322	0	0	1.6303846265265394	-2.3826476033667
-.3355544389066692	0	0	.7818022260283346	-.1390654860105639
3.303383355333337	-.2097499229878309	-4.232500468387014	0	.205661327037564
4.714026833505606	2.328281601724269	0	1.382905203253887	-1.1076392785604419
.8118224865106073	-.6185864647635181	-2.9295114769060766	.6907283605742962	-3.0137141496610638
2.5473550206367963	4.355588057801478	1.2379037477358068	-4.121338239803505	-.6868423753921964
1.6250127730214226	5.982020476585091	1.8911692637535844	1.2988615365712557	-.2850783955685282
-4.167420377381035	6.702968524802221	3.0632623661923746	1.6360921297214772	.662717109001647
0	3.066242516905057	-.6990965197433493	1.1754761380620047	-2.5636324465767055
0	-.6736203522286799	-3.299832231331171	0	-2.1684746634599645
6.300629571879957	-.7185917841760585	2.634779083103819	-.11570801966044852	-4.252687021668117
4.001813451287223	.30967525354930103	3.025124500324931	0	-3.2609833582710888
8.409099552781813	2.207309014574527	4.395650573252555	-1.9345886247577815	-1.9820565400413648
9.505596174863596	.15599763197726796	6.651467530474678	0	-1.8160117967756633
15.615902866620486	0	9.579204867732447	2.0579725062686443	0
10.780951151482743	0	5.9896593984004305	0	0
5.971645739847689	0	5.364487435490947	2.59387758214423	-13.31205825474403
9.591582125125049	0	4.549850808374654	2.2147305963078168	-12.538026896588086
9.108965455403018	-2.280990923937515	4.278198820253149	5.883518114259406	-14.835581950462476
9.469169499298069	1.2818259670578067	5.977730473844625	9.430680176417912	-2.743570077986231
5.6273529148972	-.012222979292296765	2.950623021271138	8.63632414377552	-3.6521102152997362
10.011294192685742	-.731689572162755	10.509829311914759	3.1254986870189336	-8.76431027437844
12.222193039338157	0	6.3049767932327585	8.511999180348463	.4383773451246816
6.058700158656597	-3.202206191538552	2.376596800806558	18.3251376681579	-.471874138815088
10.875682393904935	1.459097772355078	10.925455478494403	9.169262547525667	-2.4223423971203473
10.139401324567334	0	7.3656263178152255	2.584606369305044	-2.0904605499045266
7.484514466394593	-.23428658217523024	2.270768315885144	8.977018197691002	-1.9081322546330133
2.8998774317630676	1.3515018504972365	0	3.718031489584271	-.9452581674654151
2.3561815583828967	1.4353751420079082	-.005969261793594027	6.437717934938542	3.3334524086824144
.959630063030951	-2.3616895373906184	-5.483088147406201	1.5613699913376855	-2.768422189578292
-1.4322127713339976	-5.626765349707129	0	-2.133759440915667	0
-.5979142577032934	-2.341254647008642	0	4.405583920062064	-4.894720613749773
-.2773574334616058	0	0	-.015912471006806816	1.5367946969093738
.6904479105245314	1.4037444140072814	-1.4717028527861684	.7418866093860679	3.3726626494093557
1.5582623030022096	0	-.09011791125319579	-.41968528929068993	-3.2507948916576135
2.2190604571008263	0	-.29230736904701166	7.74569017294553	2.0363078714662652
6.494181154881772	-1.1794975832953103	-.4865504317795071	1.9011654879349182	-.1987146230402398
6.837728440924474	-6.004250771462774	-.6843102450420713	0	-4.776109264803335
4.9704482519150215	-1.768167483120811	0	0	-4.666389467484948
4.644643567390295	1.3077018472216708	3.0568132992011807	3.008651981545774	-3.906281464643726
2.5379582755207695	4.142968129939121	11.301604622525353	1.174260218483639	-1.3554715567144473
1.8189932787649683	4.209903685549325	5.657763517815208	-.5108206449430246	0
2.3811049328222964	3.1088979192545154	1.066151670573198	3.902167917212444	-6.683876584274436
3.1089093109981274	-.049690470295840616	0	.6515079278939444	1.3181731966793828
3.7262967395797504	1.0312648736059358	.5204741206548212	0	-1.4751585386238069
5.102621932573247	-3.085061091167877	0	2.61001475132879	0
1.7771770987431592	-2.7190809110507166	.4631178564051927	.030592996630264935	-.5742884983047504
4.4646055359306915	-1.2964047703670047	3.0110378974519016	-1.9958330581839117	3.4469807053831265
5.013797686979444	0	3.2491916611532057	0	-3.3033179943877706
1.2736889234938702	.12813758118976748	3.057439239152296	4.551786923360753	-1.587896581048134
-1.0640885458906812	0	0	0	-1.322707054020486
4.452383954799541	-3.141463801099586	0	2.4218218277346772	0
3.210719807963759	-.07140766152401418	3.6912017952846865	4.885789370561956	0
6.257381854115737	0	3.159443729907587	2.0918715706655964	1.5917073905442016
-4.578999934448742	1.3360185638677313	.03490579926101778	1.9467204855625726	0
-.021634368901852163	-.43778216233920986	0	.14170416399171543	.7855877677110248
1.9697610681950448	0	.8193476231879901	0	-.8796013847213702
1.6220376419882472	4.965042349867749	7.107618428792163	0	-.2933312379453222
2.4200741508817933	-.9832092282836361	.009877657664369432	.3097893202277367	0
2.0524192936831733	-2.1360542013929886	2.33394034197305	-.520256311626124	1.046052562824299
3.551149957733662	-.28659221843055316	3.8498313169288476	.43127051862294996	0
1.9638924938571698	-.08990813989195445	2.5354829909869387	.018966642238586517	0
1.2450930262686883	4.55035506548311	-4.308918913602244	7.0597293693808325	2.125839798376286
0	.7436518375011439	-1.8836559724491702	4.835300466611004	-5.472314556576732
0	0	.07959485421598234	1.434264915916422	-1.1235383125934615
3.969480980988434	.8104122216850138	-2.0285079542388504	3.224253089420555	0
4.593194697468823	.9113102106256215	-2.852269505067069	2.580626418843643	1.261733156262613
7.0941086855215305	0	-1.2745871779581701	6.122988911736462	0
6.877586244161462	6.569975583488349	0	1.7637347223469733	-2.595837738533331
4.543851260515023	2.1151049890056175	-3.82969064035285	5.8307127225285145	-3.168696678475499
11.50606732083556	2.534129516167271	0	0	-1.9948782115727435
16.63494718474224	0	-1.9877733509706346	-.11375805313000273	-2.759345513331884
14.781257104337413	3.9116710031214197	0	0	0
10.417807160554132	3.901969219061736	-.8861697739303318	3.1514166774236463	3.616506570049814
11.325121632514005	3.332087938457742	2.1835633547624926	-4.5402134812385215	-7.328621581614513
5.966312002889497	3.3193587971308807	0	11.07359661769666	-4.298460885020159
5.730104782374745	-2.4556287224284645	-3.801043954117148	12.001243928824675	-1.5594532032644242
8.796125295448423	6.813323473732674	3.8964327232339864	9.184656423881027	0
8.42689720885044	1.3031655886668285	0	16.80263054904329	-4.245709214003172
10.119713723582176	3.5103695711664162	0	14.47769205678427	-.7338009906578922
14.536382070372838	5.239421312614853	1.32213673109471	8.379966135639046	0
14.080440246129852	3.572804440189475	0	5.560953771060186	-1.6819065919383507
16.62487413708753	0	0	0	0
10.884956619821422	-.5375303964780864	0	9.691291338113263	-11.936536507530459
14.023673352510569	-4.5874285718843115	0	.30363860532669174	-16.967027982027364
16.416370618197274	-2.7523165123452893	.34207292794235383	0	-11.909953584904212
8.766155776534367	2.0981522269851833	-2.51704564837859	10.50236847090821	-2.54476264084824
8.913692137400623	6.1033278079903575	0	7.58877115684252	-6.673316619616456
10.884937380881304	7.233674913637248	-2.3193567929352747	8.97320936833214	-.8003875477590964
9.22195972849322	8.17646646094418	-1.5505975248116535	6.756086333307435	0
11.01904246238421	6.749955560035849	-4.891386573450028	19.653209127143185	1.3695958617418782
7.122016114733169	7.856704541864028	-5.667238331310999	14.807318196292536	6.120468628812461
7.923138494446962	7.8064555460309055	-4.849921750273168	12.172812260141294	2.0166861945309105
10.526995592408866	8.102970712925309	-4.123452002955123	11.608231483533661	.47739027415678165
10.384528801579844	3.676086918829089	-2.6059584849555915	7.7766543093847815	-1.1125552530794507
6.85001258075431	-.5648865116742268	2.717857839030359	8.583359276935084	-2.671406163054289
9.253807034468721	4.2813601925395055	8.38645184702979	6.130763031910279	-.6058702976339596
11.397825361267952	5.648911688797971	8.90375602403841	2.6334629732402384	-1.4544874672828692
8.283592661166379	6.382858658673246	9.786906741277278	10.33130995281661	.9104957220255993
7.508943968475286	5.402820111897789	7.060845004977428	4.3496334805613195	-4.155653799767851
11.440208749414879	6.664586482910945	7.339136786902532	7.754379775901603	1.4400853010591335
12.316477285487931	8.132112592502585	5.891319438092544	5.255974198477567	-5.297708538986639
13.723278777102578	3.015330309166364	5.781210391021572	0	-6.533345278700731
16.95640273770759	0	2.562380402614232	5.0071018713987705	-7.263071394537529
12.583308487208987	1.6699811672792118	.30662069816959014	8.836594940662824	-4.086103030688346
10.521084292503481	5.053097825696458	2.052082082670667	8.08842822250345	-6.337089484190407
11.329780744932188	3.9648818948252207	0	4.76507165574146	-2.8506697259474163
14.496490219228416	2.549964325529121	-1.666989211255027	2.602069447267975	-9.424955603923436
12.017528086462796	0	-2.8116351706836276	7.838560615708214	0
12.62792129049422	1.4272526543237947	0	5.348284448476412	-1.264864605508997
7.61868961779854	0	0	-1.248353515328576	0
3.1671908964974205	-4.455951649311797	-3.2883121852862933	3.697978560539717	0
0	.7026324559246309	-4.140591532744211	-4.551371973622268	-1.022275951654159
8.39638159763321	-2.2933267496860408	0	3.574872176996973	-3.237300258050095
12.493483306361608	1.5823277026853553	-.1218795654224511	2.2463441330994605	.7972976131551128
12.645663728098864	7.909334439994544	-2.1196696248128903	0	2.9890771617762955
12.522440828413709	5.833248406832861	-.9825410998338739	6.18270710732757	1.3477344128125162
12.21908954615039	1.5389749423104977	-1.9764781793003439	12.780812060385628	-6.1409259420287565
8.954878479257886	-.026252665802375397	0	13.945542777375696	-6.325852041780299
11.631006629781917	4.633656241001613	0	5.722003355787723	-.13080489074964213
15.582397209931159	9.906672957068661	3.2917961523849484	0	2.438120502302344
19.362354109369853	8.95383283669794	4.11871710114268	-2.577097673226926	0
15.552939239003983	9.372488574389791	6.345163685358599	0	1.8350193174557032
12.802407846553985	7.810904438011482	6.170918874423133	3.7282658961386885	-6.443631755858352
12.99021817522271	3.2111361921941546	9.54085857130868	6.1822903231666	-12.332521051929161
13.961913303211043	3.8287255399712907	8.293486270005483	2.2694104000952677	-16.30290724053722
13.146825180127795	4.33001381873093	6.288776358408276	2.670217345150741	-12.114372755016994
15.684146933007812	4.144239784893221	7.762930525755194	.020523833580954998	-9.814249524129728
14.43564715962115	4.079284158846501	8.248513258678317	4.5598954037226305	-6.293566199581539
12.889957353117854	0	0	1.2152239442295767	0
13.362474730933075	4.994675459340606	.17268247025079028	3.8260488007848052	0
12.4783023237521	2.7347192218809004	0	7.682341287801667	-8.984623063965197
10.028341503162798	3.104555845388351	-2.294902558905412	11.591327002222593	-4.681146925537306
9.560731025691382	0	-.9825758493491288	6.970354084140925	-7.117017739963442
11.065669184939384	.8019536993794076	1.9250127187873132	2.966467573526025	-13.720501614924878
11.628110412423807	6.482275447478615	0	9.593064211292308	3.436574820529886
12.324297733875625	4.904072224765525	4.234994490743389	7.080787487095841	-3.318925652719988
7.705360631217255	1.4295606654764361	2.941097629326831	6.509713654330074	-3.905606089889418
12.03108638852811	0	3.303567127227214	0	-.3121578950628413
12.805660573635825	0	-1.4260690466306667	9.901467627080018	1.0988496621550987
12.792789581983591	1.8985691582665338	0	8.71929818383337	0
11.123070207565991	-3.97201453034889	0	10.45884493076541	-6.392335238827597
8.059719683502136	-1.3309383042881753	0	8.235181466453529	0
9.377417225972781	.29343206334510963	-.8360562672933689	5.870297103567324	0
15.346611286709859	-1.861072334210561	.5372938980964648	10.812442735679411	0
13.673266333031616	0	-3.618991029371729	17.37508542867205	3.060339065715399
8.967633559958132	0	0	22.8953359689716	0
11.217936845596112	0	-7.698168871624859	21.420003133675166	4.293482196877397
9.262501570062335	-1.2354511148776246	-5.287444027117646	16.335749633371794	2.546356200943781
12.632072473279706	0	-4.406451028951802	7.29530077134943	10.509191121808948
11.832618643027498	.3186249879009508	-8.446988157520959	10.785913724171795	7.3432609017239034
14.25818241373765	-2.380796662256997	-5.681192782162083	7.771722183843041	3.142802790267638
12.495034921238563	-.25259597062833755	-2.918378354876581	10.22445200483587	.7911387624232509
9.444413205293076	3.5830241603068353	-1.5137653682676673	6.701064856365474	0
11.77331356543072	-.9231412865451978	0	3.9888288356706543	-4.55624246927835
17.77979531366968	0	-3.4077053293822166	4.314422862169685	3.622553743403193
12.76306733833306	0	-2.5219892736944596	6.022202006545451	2.03905331179106
16.404024608411444	2.5306238401240457	2.9769492191434996	1.7585511227661206	-3.8167941323259935
16.91687224937229	1.9741645632824334	4.171969550356126	0	-4.030705857328416
16.187868955288153	4.656303726177624	9.82677172021738	2.0453238648437795	-11.749209121895355
19.00438205693045	3.628144034381999	9.927081596265449	0	-14.061776191964036
15.85291773452439	1.3568409609868857	4.261268719312023	3.8099363613908825	-8.016655911932805
15.860144795895224	0	3.584451315012501	5.129414496174981	-7.320991798662793
12.48053482314095	-1.0088037882967371	0	6.5282451000302135	0
16.39506672729278	0	-1.8445885631029029	-.19323895487239195	.7574720765830425
11.930621156958752	0	0	12.537027396599397	0
8.51234407012948	3.6108644546417965	4.016650744700531	13.895215364533438	0
11.110954306282283	1.247471635813113	-1.4369299992285989	10.181905435212132	0
5.580288329798535	0	-.1858470810921531	14.018803228616632	0
.8226316306837611	-1.5912474628619209	-2.575004419312381	7.725295946130857	-13.235308425407304
1.3731314776724022	-2.6270649749970745	-5.218071258747379	6.569966499995266	-9.083148035642726
.9879048127300658	2.342565565468964	-1.7492707319585539	6.003527297267198	0
.4205318410799539	.6330937461652826	-3.2360608506517465	2.9591164205794045	2.3408369403705453
0	0	-.9505475516726016	.7972854668950143	.4669454505656596
3.9963739551726762	.101973230447852	0	-1.2282787878565804	-3.8597037142234134
-.16159916895598037	2.0091375120634423	5.139047040301906	.21965077535538002	-1.8054661641441196
2.2948651593469154	1.043874227061607	.6036096540270335	1.6112564901987192	.36862806607072884
.27465319435441893	0	-1.3131244861757978	-1.3711830373353184	1.1817699324494644
2.8513975601437114	-2.6806310615941342	0	3.1201223308897736	-2.0584469961189544
2.6938285443761587	1.765834773342296	0	0	-.6767927109861622
5.527121076190497	4.166511709003268	.9118564516404852	5.922478546773483	.15858012765035845
11.222691152152095	5.176752317361907	1.4075034242164193	1.5420513664312776	-7.926033922510657
14.01623637301649	4.455530053413787	0	5.318801345256021	-5.220469890751456
12.231986606098637	5.055103749892884	.503419999278902	5.599011497798918	-7.987250950639813
9.890504014436845	5.249927844906205	-1.278365183687118	-.34014775842433664	-5.117309261468907
9.322669008213705	4.805580237474339	-.9989400313639598	2.4511855253915664	-2.263220583283724
14.008061715966623	5.055177009140379	-1.617506143665001	5.5609265699586885	-2.5001202732608006
14.713014063087396	5.273592515104575	-2.4498073247717693	-1.7946182814898022	0
16.345207135177258	5.947579785606326	0	-.25589592647695125	-.34270202608331424
17.41729848797187	4.216992906490083	0	-3.3721299146317545	4.708741413482636
19.67678717405989	0	0	0	1.9501198910429762
16.875138862627853	0	-4.783963266847324	0	0
17.52866947745794	0	0	0	-4.695782672653005
18.83888811877626	0	-.6571325797347873	-2.441098821717123	0
20.63212019221107	1.8591362281212649	0	0	4.953082936200504
16.28945722776011	3.1977575343005444	.4296872703246871	-.2417858897057199	2.2505619246621724
15.649144606857636	1.7731383455508798	-.8718458157213894	1.760676558041498	0
10.22656858064371	3.9037606697564593	0	0	-.5131056979615056
11.680833413001587	-4.575609080856662	-2.1217028485200933	9.257977371705948	-1.6616649506537737
12.098708408490705	1.3558881962664642	-2.328679651162163	11.504935741548431	3.3584021410542615
12.335278379344192	.353855404292561	-5.036777260836732	7.2944655169897	1.53823133521704
19.74949372739862	-.32374237590521365	-4.202264585634891	2.0706678480157077	.47645979888492135
14.91994423314242	1.1375522388880648	-1.4422389680901906	0	-7.254693109145662
12.823736041668326	0	3.9518651455604408	7.284948466630972	.9285684334268017
7.884460664573427	-1.313297926610705	-3.1410237419443483	8.315810001821148	-5.8281786009304675
7.556618743109224	1.701039297235936	-.27145050329878323	4.360082203482708	1.512930297282522
10.274679469164015	-2.313611659286244	-4.125629953275906	10.000838387072546	0
11.463016089705793	.44195006558827243	0	11.990590303143685	-3.7120382334614197
12.662686903560436	.9999529689848596	.6617791084872033	10.141803013685957	-1.2072297789000355
17.093715395220467	4.6776244075987305	.5413954904405056	3.7234225941224475	5.17360148810444
14.914668998009706	6.847398637314282	0	9.776039057300334	8.384787916399986
18.4743751039007	.3409271960491053	2.310945579739072	4.278269498461932	-3.430906022240084
17.43445265497416	-1.7852602601320555	0	-4.280977846963548	-7.545088892280413
15.901085452288804	-2.9905470121304627	-2.655550527313705	1.5706306322306747	-11.921878781299935
13.567933429084679	0	-.4113205701832675	.1606985337432304	-7.262592015702917
10.205293225371086	0	-1.8984342538864474	4.5377611781762255	-.1963370053748787
9.028647368148064	3.3293987504663987	-3.667272323710769	-.6898587074988958	1.2884860372515827
13.583356705019845	1.3233750315644586	.01784877162408438	0	2.1182155774451896
13.010499495619129	.7503547814889764	-2.969976170306822	-3.9173463811741485	1.50514109683016
17.134404447424522	-1.176746722593208	-7.453085106650279	0	4.100511119290522
15.365908701659656	0	-4.197984477424621	-4.992340154409987	-1.2881515323444845
19.810903648492683	-1.8153722448833345	-3.502579793734353	-1.3604282922923288	0
22.46448449039985	0	0	-8.437178051707379	0
16.190348906731398	0	0	-1.2246199441323307	0
18.961327247215745	3.0749883709274455	-5.286059458837101	-2.965756174510122	0
21.56835241544249	0	-1.0067418375815123	-9.229857941277068	0
24.248065677878635	0	1.716745779763669	-9.833037045993475	-.10515210462053881
18.3389876942205	1.1260902471292886	3.1375529838577743	0	0
16.583838062456085	0	0	3.6334815217252925	0
19.552811629007664	0	0	3.0762556277318214	0
17.171826872858002	-4.980616529465658	-5.646778648320634	6.5932684072370185	-1.9644015736622173
20.959611690993484	-1.2020355203250106	-1.4147966751338241	0	.3947908249213936
22.085598364242696	0	2.819559467653559	0	-.9624886843214193
13.62170136322252	-.4115849530400364	0	9.119788657939687	.9520483755731388
13.522689304266185	0	2.9693709272513273	8.986865057515162	3.881267258950663
17.881014664359938	0	-.621578693167671	11.458867096353796	0
16.550353739718556	-1.1762175955514937	0	3.830656130406426	0
19.72318495045355	-3.2633331123273024	0	5.514004278398689	0
20.22660469303186	-.47722681921209253	0	11.326688012884002	-3.8409887194830503
14.945546404704814	0	0	6.233353129550734	0
16.325849298504473	0	0	4.647513749608413	0
16.198778476109283	0	0	8.098321324040386	0
18.29362753095974	0	0	2.6626314136414817	0
20.418579667137692	1.5343368858143227	0	0	0
16.66567384750484	0	0	0	-.8923896333532615
20.775397027902272	2.2388705168299716	-3.0482586014030826	-1.929209631374155	0
15.488848229157549	1.4609125726116428	-2.9374273686854897	0	-.5464437490271612
13.284231947661414	-.9446865669180984	-2.6558595975150623	4.519495943523582	-6.425931091562666
18.835104079013206	0	0	-1.4860356592093216	-15.151514953185538
14.460338717521289	-1.8557232478173598	0	6.446194456394421	-18.455861501896845
17.420879824395215	-1.0634783354867006	5.521967398283554	-3.2761371874850047	-15.648589093017963
16.14351077143789	.8103025887617374	3.2565449579794343	1.1510734513059322	-11.809098372920948
16.754693043323964	3.668836312457277	5.362793567907339	.3579102857701568	-4.237613992566677
15.093443394555212	2.6222442352249455	1.4553247851093571	4.525060321270013	-8.945377431223731
13.430035402121913	0	-3.478535215497952	2.5584193576575465	-2.258525501750138
14.467549943640337	.3192173833160613	-7.933111670775464	0	.7936214694347972
17.066654397964683	.051680205248514355	-11.599013534465508	-6.987407682742965	3.4426514813866715
19.53774568409743	0	-15.475341084516662	-6.1793414963135636	5.0148110166094675
20.55895893137393	0	-14.296200544430116	-6.216208788305874	1.771734269948926
22.37953852294698	3.7943395630405075	-6.556842083934299	-14.306553589449711	-.9142118305350599
20.902235137112147	1.2540386214184545	-6.711903133351413	-9.398040711806107	0
21.452339734553238	0	-3.0359288111449265	-9.22052392437065	-11.230269340181062
20.90090752015864	-2.8624297812261483	-4.525990720296122	-12.105527397871366	0
20.212710545160974	-3.9284251021248964	-11.08172120595919	-2.0280202402374448	-.7046190972708911
17.58986503078314	-2.6006458179603795	-11.184599500001234	2.1003517738375477	4.735089782999537
17.56654153366807	-6.22586091629707	-7.924288250332341	6.026603051482275	0
17.59195432754517	-6.664443280835448	-7.9349340405917	4.934164844302048	-4.0042654964337085
18.770895610004374	-8.062175296549041	-9.437055756350544	6.768449423205606	0
19.793935786718613	-6.4792973313693265	-9.978246468642585	2.440674004158225	-.5368017605306421
16.791042000896024	-5.118081699627902	-12.989984709307526	3.0900245753554665	5.036339804185544
20.650082532533425	-1.2947875674608529	-13.70638358603801	-1.451010306597046	8.766391945357066
20.252276155143388	.08686587175902205	-12.014418844236955	-1.04021930933051	6.625376711315299
19.48397102281184	.08274044258028596	-10.106848086372809	.5217388681352942	9.30708021510538
19.817333918360767	0	-9.648226608653278	0	7.468342931837302
18.894237263228412	0	-6.609782327480583	-2.344500044849104	9.263285163070043
17.248440946525108	-1.3482662285995142	-8.393131841693945	4.150430989756094	.9897830085586714
18.773098153021834	.15041929770546536	-7.772555508765528	-.5462870761017677	1.4891601842887559
15.42899381078081	0	-9.6620227170405	-.34370850551076026	-2.815810998936688
10.612879306463519	0	-7.161610866849992	3.9227945381716456	0
12.829933498211988	3.6400814576683316	-.8262633761140692	4.447730755742466	-2.8361838744996044
12.048191437645366	.20634133664438414	-4.456918357561542	0	-1.3834866044073082
10.057634433764882	-.34900359334730624	.672480806311216	-2.1694655261719173	-4.409448098565419
10.50336368277091	.5119162408287117	2.122327048458612	6.607941193710308	-4.6655700927786405
5.372734359660462	0	1.882560813837886	18.49401803304405	-6.283249516913111
4.515346611663879	2.2188171860458556	0	19.710468726557185	0
9.970247341589221	4.891091783786132	8.954595815320571	10.231708415409138	.2851578310803623
16.313759547227498	7.220989701692638	11.161127494604218	0	2.6735415623343366
13.496106599711727	9.659430326376903	10.912378063392415	4.2139828085563575	6.918706846200498
15.273527497378538	2.052847510765054	5.390615316345906	1.9462695121804512	3.547064310615756
18.031628734389464	-.31162742773736685	5.4826019270911885	0	-2.977491842047884
25.485215091415803	5.567630471060637	5.078358380423351	0	0
22.469906328584525	-2.78391285109076	.7529916387952347	-1.3192321614903266	0
21.872426635359137	-1.7518312058719197	4.139184535194374	1.2099746777860496	-1.3385068004580827
20.684668428113024	-.5125152144844061	-2.435840069894841	0	0
15.628986508843163	-3.4635332395656313	0	0	-7.352468732283127
20.24356797583678	-6.802864753021445	-2.1422576477689614	5.853394054164538	-7.105363439845105
19.816703772431858	-.6850720624206577	0	1.2754766835795557	0
21.533246762037713	-4.668484175339004	-3.1962296859833987	-2.416353345772161	-2.289382258810307
20.606027065684774	-4.854559054559706	.22247372249088038	-.68703243005512	-6.619916118294217
21.623350135123136	2.0805009265056658	0	1.7993915459552423	1.7823867670853133
19.671963522068463	0	0	0	1.1023560456480315
16.910692297363624	-.7750122330440188	3.649499652727947	2.285930143339985	-1.720153491489015
16.942713710294413	1.274716932501439	5.512687953152837	4.945330363979872	-1.5156725943052156
14.67901542636816	3.394940842570589	9.348144462210982	0	0
1.7897399290992402	-.7851788132220944	-1.1035742608936994	-1.5971090988580947	0
9.68693232939732	1.2909781627210597	3.4459661894717333	11.218434026804655	-7.087157159504527
13.153383702987949	5.189523562775074	3.18686920457092	8.46381701299218	2.868499198470083
15.087011143058058	6.519635462123541	3.453046650085672	10.412437142176447	5.7063167054126485
18.478247168198152	0	0	0	0
17.33681147666961	5.134980700313976	3.096114656437362	0	5.854178355266104
20.193602799470032	6.00336060603524	0	-3.195229592654663	11.857759295103218
20.2272944929035	0	0	-2.3814666231789277	.914920177699901
17.56124980665815	0	0	-1.6401834861749447	3.024118382939437
13.752448115376122	0	0	4.9715829599297	0
13.530903893698492	0	0	2.4021146616703057	-3.4958681909559677
18.058763553933723	5.724331368012989	0	.9448005549058989	1.346589817554011
15.7764708360888	1.763747974774882	0	0	0
18.25361233488704	3.8515136365099742	1.8913117363695042	-.8690513818158079	0
15.39604068518874	5.925802424587282	4.441059008309017	-1.230013916021922	0
12.104427753319964	6.969730882073755	4.478643017487814	6.873999323432873	0
14.12857821708043	9.785902919282059	6.0472026243020345	0	-2.706178121543457
19.276361042290713	5.508065957918845	3.3898761331735408	1.1227439003955149	0
17.34810143143762	0	0	0	0
17.725942008894886	.6626992390617787	0	4.341921491318438	-4.896027463641889
14.705391045748524	2.3659556580849674	0	3.0231186207719	-1.4901807968215097
15.20304549980723	.07743654809088452	.4865479597185256	11.868401696459767	0
7.7461003516831095	3.875343331364641	3.386888466015091	21.055776522733566	-1.793861577880739
8.112130271220748	4.14829211767195	0	14.473892004734914	0
4.560149665095196	-2.0063002439158995	-3.024624464565606	17.002598029553095	1.882210713407857
2.9893842014599183	-1.3862180589159538	0	8.868033316388933	0
4.301395730959861	-5.218488352634778	0	9.897319883784949	0
11.946224768028413	-6.731860505519129	0	7.013600633396567	-1.7423032076749623
15.164436350906074	-2.853545984848618	0	8.191902513702141	-9.507326129149298
13.469357696637218	-9.81951540259446	0	6.791823716191498	-10.559496154986634
13.30980660659522	-6.17956989571904	2.4306748708506403	8.818955365533746	-9.269223830512377
19.86578291947125	-2.5724767587036896	5.536963451723632	7.507013814934549	-6.378748015911485
13.261968526865726	-3.2615950905686892	4.712962491329195	13.17998414719457	-4.70244143951172
11.157835782303362	0	2.65781578510732	14.388169620940976	0
16.153301994978705	0	1.6437393428404647	13.189303823352686	-.2664111256678085
11.582179451809498	-3.4600890752056905	1.334742856474978	8.356245403710032	-.6254084882198996
2.299745355171871	-5.554634822457092	6.032887356040964	3.140728637899284	2.0587867612200563
.5554306902211709	-1.8992076790136165	9.832785819165398	1.2136877778859736	-1.1915134029906256
4.6344920749818845	-.7110529923251524	-2.1884562158372587	4.5957330532987415	0
8.990065372409482	-1.2800283497528446	-1.059709944817901	5.24820399596992	-4.811748976051081
12.744225017410137	-3.2304122065954037	0	11.67025821105298	-5.678543827950179
10.615787612260931	-4.153696810422803	-1.132708788431759	8.09687458811851	0
16.40267707703144	-1.798803094627711	0	6.324470708558923	1.4504976691543028
18.90073552504032	-1.171236728908589	2.612071610485261	3.1158038862229867	0
19.09447720331999	-.17135192828168855	7.703676722377305	6.048407583248834	1.3819964847180066
15.439247446874306	0	2.5389575371315267	10.827511544099421	3.85449518202998
18.304441835577144	0	-1.944639583323631	7.138066248822533	8.67151660680622
17.5508609374201	-1.8559478082859746	-4.889732667876443	4.71346355945534	10.094917075199069
14.21020432061113	0	.17075638814644067	3.7676460279765083	15.173030903039923
22.720844654324452	.7531544897341499	-2.2333119251011424	.46849916648177126	13.449795922382483
20.016681643218337	.9588665723032483	0	5.598664186111732	8.135930532380671
17.6325791203535	0	0	10.178131376339186	6.381735566322165
14.319821727835873	0	0	13.099839481620986	1.2845457598567336
11.394560174624887	-3.2179209880002904	-1.2863668474949845	3.6025775023845332	.012895926900170385
18.29410231640687	-1.8179728540938793	4.723603127069214	0	4.876346554725923
20.28450395627993	.4293065276825937	6.196992646938715	0	-6.596802901667917
17.899052269783837	0	6.465561175437397	5.264040721652252	.873636006629958
21.898023635347347	1.07003075604209	10.46565682918746	0	0
22.395297449129785	0	9.472700016055212	3.0975011036990616	-2.777653859322596
24.596154333377108	1.314312261492503	8.884714985390492	0	4.549084777870974
22.765838911926636	0	7.99179684681004	0	1.657365676383915
20.741340499830855	0	7.419919996029458	0	6.213380337779093
24.508572722890282	0	13.742358443308952	-1.024227948969705	1.3655852391249792
19.115946611559153	.5891739411917982	14.528512124867317	7.926463731381429	2.8950955578943587
20.34544577722712	0	15.356853726132837	3.994413701603099	1.0984877351857851
21.484300320455773	-2.071221922123755	18.50565030883105	6.258790846652736	0
25.016363837416513	0	17.553990581468764	-1.4271361532086635	-1.8091153357923355
24.858375239718704	0	18.181558477553086	1.0624966019082964	0
25.802219751714684	0	14.661254879096449	-2.3502582146247613	2.838535943931314
24.57447927236955	0	16.738818836786272	0	-.7584662034626137
22.75710834957809	0	17.46323378117178	3.0042281496059333	-5.837713115747551
23.249630117089826	-1.0713586029701907	18.30778604075771	5.450122219911838	-4.09293047979527
21.779455293365938	-2.8931873866679485	17.49210102859091	8.972273470250098	-6.404698074104662
21.764308864028347	-4.595185257231369	17.365776224542383	13.300188623540812	-8.772465711041239
26.03538696955848	-9.173977958168722	15.30777964852172	-2.362505700712113	-12.323015146810615
26.035321651953137	-9.920823183763673	13.843759299149198	3.4375183591471776	-13.031974945862128
22.03817946604798	-6.177766682612031	12.931208399569096	-.048578008596276145	0
18.85539555724614	0	21.557022331354563	2.501892670065843	5.199231033000332
16.36016311882451	0	16.045026888095936	14.013502941743173	3.824614948756521
13.098449809583595	.541733110600872	16.367635682885084	13.301040273225485	0
11.84192914905662	0	20.138660236636653	20.072031292258004	-.5522778031583047
16.915614550327156	0	20.63738458085366	17.34982262214403	0
16.829702328308255	0	19.118014210697964	21.490950686077277	1.839676997910225
19.440943158725972	0	21.560270072555582	14.208078702308448	0
19.921178473181712	-3.0694148502536747	17.735455018769365	14.88073172685999	2.9487062002483926
20.556832082315342	-3.5847333256451908	15.15495901212489	14.25252168944066	.1363635367763809
22.404337150113346	-8.893688957665253	14.263066734065617	10.512681389140331	1.4172429450814579
22.068940336241706	-12.189557924085364	13.32389679240831	12.97196337820018	0
17.711674497067047	-12.696455242705468	12.389292614743358	11.500793736053728	0
23.151121529694095	-9.289396241829353	9.972292625459977	9.456274074220701	12.337548582430376
23.74932614403423	-6.579234864726579	9.042610613436661	12.15600169419568	14.338684127819523
24.547112246012908	-7.109107136331385	12.516920821544828	1.896456400026365	6.082003303047573
27.06322386543768	-8.958329997573916	7.7870128365916464	0	-1.313682407009011
25.48474023939583	-10.484710461951384	10.732338811863087	6.464683775376834	-7.203739537247264
23.353930986047338	-13.393561507122751	2.6967529854048675	6.056741172765866	-9.075023400814406
22.335019284814535	-14.973896829399582	-.8026966872157631	6.173578042296114	-4.654550393681621
24.8977822845418	-17.03351311171806	-3.0393547543466566	3.6308828423548656	-3.0616796050615322
23.00349722246943	-17.294586333296326	-4.270914874346765	-2.62107384974625	-5.891631676796404
25.05527259338637	-17.221197530552278	.6491628638968514	-.013115217407478008	-9.747326335511325
24.152290296054854	-16.738024202547475	6.4379027376629665	7.978745543185808	-15.758536627888095
22.672144010309506	-14.826517789675277	4.038696940845724	13.184535919542885	-16.24456244436316
22.370744188868617	-14.756594961619916	6.268788958620533	4.88125390186485	-7.209372885516356
27.0543382749644	-15.527290277444115	7.7890034322578705	0	-7.235479656877505
25.811070026605094	-9.875426118297218	8.080621723283143	1.7420905822797321	-6.491703896632266
23.86173425852782	-8.272408014846164	5.976209718760957	-1.5773487526652663	0
23.473322098053846	-10.918209610950086	4.31174616514218	0	9.315607068349028
16.496412110459573	-6.172351714733589	5.048231831543557	0	2.6811365558460674
22.05073587287266	-9.265599751255388	0	6.1701937998427745	6.787585502844214
30.461802876270262	-12.897904909235464	0	1.107154309794061	12.533930494202856
31.63973993643191	-8.099881604915383	0	-2.3647994104040335	14.87489405441239
32.25608731523759	-9.156552569269802	0	0	19.09149120576519
30.805882643465456	-9.711119808583318	0	0	12.556285874581222
26.436412127394444	-10.591144860195401	2.8049376172855824	-3.4255489840717277	16.170039989448536
24.208935687767383	-10.488789435076644	-3.570624750495485	7.031494542548994	10.589171171382691
27.840636139672018	-2.877976838686291	0	0	17.842197532935444
28.7643056000922	0	0	0	18.22042310044554
29.836334392112192	0	0	0	18.108413839368886
26.889060898441866	-2.6117892962075673	0	-2.550342044281234	10.12310830895186
26.264914154868645	0	-.7574074664926311	-2.5748892048586427	12.024630008361152
28.624909751092325	0	0	-7.143710384999371	17.11074240032555
25.9933442709997	-3.3499246100276308	8.066690885787464	-6.513055394330349	0
23.89158521501896	.77840811723449	6.244052010422316	-5.844864789225003	0
26.62383770701749	0	5.092288505109181	-8.333536812646363	0
25.73438826931402	7.900230555671217	-.2993747867243589	-5.94210743411858	20.669513277407557
27.00608577232829	4.911544687341706	0	-5.569748418312399	16.877868245325274
28.222915326439704	0	0	-9.38238353164384	6.9258596794328415
23.49660712896441	0	-.5072266953189333	-3.8890462201684715	7.834771688936243
26.84273877098024	0	-1.3982136607410585	-7.442352176146671	6.518376406997412
26.44216561447689	0	-5.680613419391948	-13.162774835427628	14.469465557517383
27.293457808295006	0	-5.257663340673731	-16.46688244923156	12.315710850953586
28.378381553718576	0	-6.062179226802743	-14.676671435032164	13.904980793146716
25.35422097625035	0	-2.579929172530796	-16.533064871806943	5.221901515735367
23.93369426363769	-.13942089393821466	-4.6711680778492335	-9.318928050124153	7.565070484050935
15.761605789422216	0	-9.031837516772102	0	2.9064840140877415
18.200067662034908	1.8855257647631114	-4.094581320046544	-.680962979847386	4.112479295083943
13.131160807606133	-.0312965866887458	-.6395588541115416	7.695965363448022	-.9807532306515945
16.59840278679794	0	-2.0627118053132323	3.147071052129628	-1.5083098923540053
15.755270412230352	-1.6885940732868416	-6.667203279566644	4.623918829578611	0
15.971207409253166	-3.6454757359500625	-8.874138731335615	4.592470927426007	-.10966311297614051
9.561598956237345	-4.152078257254631	-7.183567758273336	14.770534478762979	-11.38246508429696
12.281947118678698	-3.935934252423039	-5.771727761214572	8.005952075173049	-3.5045029076507266
8.91346367275318	1.6733585070158747	-7.0511714643423815	10.45239190637828	-3.323962504768207
9.14787472750695	.5993891098723937	-7.3096934774104385	9.437013490174884	-6.559243005309369
7.587741697338131	-3.860206732904697	-11.972196130333941	14.108413164890468	-5.835562523140979
7.935646292112315	0	-7.094287776196282	12.631849227868718	-1.4652958876534665
9.12668176426767	0	-8.895723313889661	4.760365312443601	5.100479866053296
16.08124738059508	4.008557472960163	-7.512042934787647	8.217422674199874	1.09188741859007
17.065387607508285	3.0288183347326987	-2.696417700998981	-1.8370841992129847	-1.0155883390414073
12.431651549963764	4.494118342597186	-3.31370515739627	5.338967157567499	-4.653063630421454
8.841918360881392	5.459953490925486	-1.2716763768175001	6.743529372525941	-5.790860193583001
7.911469465147757	0	-1.6081092445607958	2.4360996097567553	1.7639979628050784
9.042338919821391	0	0	-2.3466313113158135	2.378549904918037
16.302400503817843	10.524607519649392	3.2525457487045086	0	7.799512145183496
15.865310077321094	8.248387446578409	0	-1.1959633864076966	4.098917952271693
13.215453247085321	8.842565011560861	.05247667500186337	0	0
10.731415031929151	6.860670015351018	0	0	1.382302564048413
15.704313208441997	7.098175472080955	0	-1.7006589844102593	-2.571030294318439
15.331923188552363	4.2927231652343325	-2.3733149649200467	3.647746690184147	0
12.537363384353949	0	0	6.134359875073902	0
12.500441407218338	1.1548672325787832	-4.510747755554676	6.682817464377013	4.6136708080000535
13.843669217308035	-4.168047787167234	-8.008911023200309	11.11227370121815	0
13.51712418472368	0	-4.636770721371713	8.11689242077785	4.435093954549201
13.712954166138916	0	-6.423032287215387	9.881490365996129	.5161433519662886
13.548146169224177	2.084424481923735	-3.446561123507725	5.256862245667292	1.8025711992535816
14.542118970249314	1.826922660869557	-6.294835131304342	5.2990973936619685	4.65528411337664
14.960480272801107	1.5699495235820433	-6.087719812223359	4.103850817995089	.758117750941603
16.058778291028823	0	0	0	-1.1616554270761486
16.215581520179963	0	.6765362889023745	-2.8741677183234366	-3.934510047688579
20.830590224768127	3.1018820184104032	-5.4385806843282545	-5.250287703357005	6.695254006203953
20.6022519935908	2.947512189869072	-4.100659490253419	0	3.396438540996679
17.729985994776907	-2.288721724237801	-2.7422875951147576	0	0
17.894634251298555	-2.816183671186399	0	2.19588260059401	0
16.677567085059746	-5.440568221506787	0	6.055909704045442	-8.325459799023113
16.252032394830636	0	8.159690363837733	4.895667929534257	-4.568731206133121
21.422438128184368	3.89490495454228	6.333849824140218	-.8981086620621876	-.012679252101881144
20.80966563813462	5.1223673580068905	13.175488574668996	.16371122617848433	-2.0062257520160913
23.962263449588036	5.013198641560376	15.523309737197076	0	0
22.49190480473963	5.084029413959668	14.114870555259051	3.6968284168810737	2.571051373856889
16.45613982089002	3.9536779440300265	15.497600787693154	8.797012184696248	-.42799513694320135
15.17683046128579	6.417433645933597	16.253099474611766	11.338101667147491	1.4617484372363967
14.644038916793566	3.6313757247749763	19.493463350989597	8.654118186458785	-9.093404668108473
13.344349016783934	.4125221025887618	19.734342730015353	6.108460141325176	-2.00404226420323
18.202490007656195	0	22.483728741547957	6.749836986702919	-4.149257880058114
21.66844825080323	1.5243112973661428	22.19593661048881	0	-.24948484082952005
20.826363658634577	6.359139503502942	26.972411475091096	-1.3377867289326135	2.7836767236723494
20.40687254532666	6.154784758818769	23.29467072159961	3.922387905998095	-.13846172163248682
18.064473138979455	3.229082301771303	21.141165592676384	8.74983702959011	0
19.95509191983377	3.283772357521213	17.335706803385534	9.898542204264839	0
19.674920635735116	0	13.36530586496212	4.962572660150897	-5.6062422470643325
21.963453871692774	0	11.264100915001263	0	1.7331047162869302
19.58085870830453	1.7719231193097515	7.51215429148729	3.912099445004506	5.910881653785397
19.521719373729457	.22959492577019913	9.78827536356124	0	7.090357894269988
19.19844739035192	0	8.973429087371146	11.508872181220303	11.140816876591725
15.610626894638973	2.055597434429171	14.333935194767305	15.133436830153228	8.224736602933037
16.633257596751378	2.662558392754475	13.311361128902849	13.403728869740293	7.593330117522535
17.277553072253838	.381523533267478	8.118693580758887	12.575297344499933	2.762986263448867
18.434861537007777	2.82357048389549	3.192980502853149	12.624373551623252	8.643234827496977
17.477612482649015	6.9123798628869535	4.791375110901507	6.540644625943079	10.50355631945405
17.70524841644302	6.335733936631034	4.750910503605112	6.142090207468984	8.87707890394989
19.235465042520907	6.27641590149917	5.840589905974008	.4169170069125594	8.668452239373138
19.786075404831607	3.28612272298796	5.325203362330909	0	5.465104109845625
21.80539682941071	-3.719307695850934	1.6416344914463177	0	-2.8554104319334237
17.40108728432957	-5.076203870316075	3.2170474421712116	0	1.0750990688977982
16.23461111083382	-4.547354889395654	.5193553926933756	0	0
15.368984594293853	-5.190706059783853	-4.880540804060852	0	6.05294969033535
6.214946935148803	-1.779104625303051	-2.189633262512182	2.1616465612562044	-.18724121862503035
3.225794490915139	2.1533312997911485	.5018190519423875	1.0657167667038636	0
0	.2684620287467163	4.1783465748172075	0	-1.568563081667575
0	-4.405882928802346	2.3751750189701806	-1.2349309758641023	0
.43252952425050295	-4.586542972055335	.09043608278253445	3.0309315878372765	1.25028714290622
.5088089355483622	-2.4147713686557135	1.6830911178399426	.041674078694073954	-.14057610391857903
.23922499665476918	-1.1029572511113108	-2.444244390639766	2.3177822194089086	0
0	.9073898664031298	-2.287616933721681	-.8935659510198797	-1.9262557417464874
-2.8456523091549997	-.9097654921263865	2.654214236927445	.6414057326047095	1.804616936887553
4.785033199667065	-2.1859810825722574	0	-2.3605127007273436	2.929006685531028
2.441860847974823	-1.691953355438304	1.4870353678272934	-1.3228510985687656	.4521782011025962
-4.552350196756979	5.078202909597351	1.6349568671769321	4.405053809534485	2.2633280149092885
1.2020268563007785	1.5439146660267948	-2.1406913296359473	-.760479458515407	1.3548197833454299
-.20335192095267796	-.6666754006668184	0	2.0289898956488144	0
2.274049273254017	-.7093322330701546	1.869725876316945	-.24617669644659917	4.427650526000218
0	3.2242156803487685	1.208861478054855	-2.2208868766849705	3.0304761138146628
-2.0432347817037937	.15679152571363975	-4.168040310542938	.4641741261030941	.7433921958398688
0	-2.4114670620360887	0	0	1.3179832975752523
1.4506720567386204	-4.62264223713132	0	-.47184958415498923	-.8645157333446817
1.8126605126103361	-1.413808201321007	-.6396633242842428	-1.8433985381303846	-.2734949660450642
.5421472178748581	-3.1627424159044875	3.092295753992976	-2.35625123755424	6.017928130402741
0	-4.387231428695366	2.050731429154364	-1.6931639785992358	4.014704324776135
-.5198251714784192	-.5432610970746014	-.5088752533726667	0	1.4976585167957204
.7817950451358757	0	0	-1.4252805358040244	-4.506404554169604
-7.173000330365223	0	1.1619369413676792	6.48190593754745	-2.257436461100132
-4.770299894952768	-1.281758936585122	-2.6685300001876673	0	8.279586784570627
-2.2567612097722867	-5.410432879682052	.06898614937655378	-.09248364044316881	.7205921585108536
0	1.7552196034514203	0	-2.842089157750408	-.11763234230535125
.1969482638851367	-4.33820891261178	0	-.6989475529387632	-.6140490600691405
-1.3398225026810726	-4.535338086525119	2.232662807845157	5.615240684951017	-.5635361160722907
-.5135979768747152	0	3.7261792456609197	6.485504787301405	0
.5988675366598933	-3.3403064034455063	1.100295789511609	3.6291540040556267	-6.013675909782664
4.666845834702937	.2722453500546659	0	-.546005520098042	1.027495460597231
1.578215479546496	1.16745144415884	-.4994033860915996	3.9410212110704768	0
-.3487150828287544	-2.5530257920928303	-.905260800746201	-1.9353700563950356	0
4.1413048442413185	.8892996127281165	0	-2.3774812922170194	1.460138697078673
10.097372636579358	.7054428935993259	1.6243729474516782	-.8459391867491719	0
12.048167574430778	1.4914844478150133	4.6281151299527625	11.914077199991315	-1.9742215405078687
9.68283566380135	0	7.841418117916303	17.8453248767036	2.0818475684446947
10.387698527737086	5.675963933009526	10.240005045157512	21.433164121420656	2.2219017300528763
11.587814294696619	5.233804008007856	7.682949603649587	14.178466235739913	3.619431520306867
12.598208889905438	3.5355243265069434	4.999214624008234	5.061560666607839	-.4297172058020067
17.18430468251579	4.653790447049498	4.645525192532098	.17606154543770747	0
14.569040190035437	2.668247984892956	.7287511940660527	8.084362313554422	.684280223747517
13.364798622858798	0	-2.4811422149540103	11.802203245279582	-1.7790925431760702
13.872565538262522	-3.5653053540361466	-3.385054610297407	6.176062378331848	-8.891356878893953
23.02196077342655	-7.0726893531818575	-7.355802122172155	0	-8.971431620848612
16.899184204509403	-5.150431577559126	-3.710860069724517	-6.580168031686176	-8.448461214711681
19.670616974665446	-3.0076519880940857	4.558099260994698	-11.196168015178936	-11.223848728620007
15.448850138563875	-.5872378097314573	-2.689420040721706	0	-3.248333209300437
17.79043128253902	0	-3.5258209204465794	0	-2.5949454552852655
19.67767725460662	.48316539200430236	-2.7071917750710623	-.5509574177755385	-6.31707326530389
18.505772053672473	-1.6899336114607448	-8.059977081345556	-3.507343613794988	-5.007255602609981
14.175158228620083	0	-7.007956537688825	0	-8.722177057513049
15.49453834414182	.06279349040495064	-8.518371424937976	2.2933742293846158	-2.199628136179947
16.7233237707127	-1.823512089739073	-7.359664735936919	-.9568071614776514	-7.443703239184838
17.307947915186837	-2.2869976286532783	-6.1280658920792535	0	-7.786413932011928
17.787342513593384	-1.7432063610573474	-8.354073840185157	1.8569235297999092	-7.585036248116587
13.88424260694238	-.37806145320131335	-5.7163247842854705	4.9418572256483895	-.03695510420834203
9.312210593253026	0	-7.746519686466745	15.651557406306221	.028560671557859463
6.285294480073255	2.3369653133856834	-7.057650181297555	16.901478663092288	3.134312338675065
13.481217557455734	0	0	4.3420762395352535	1.4394627339409773
14.180854338890056	.5633631706794837	.08756225888301272	11.08509641054338	-2.13904702321834
10.92276021180722	-.7186726610395736	-2.0568598685870603	8.180422580608484	0
7.835808980681337	1.10671841713529	-5.831398609141389	20.527108638332557	2.3540366503991605
10.732307147638505	3.0380163561372164	0	13.603704099155921	-.23153248306316954
6.223797033478883	3.1574515816025195	.10374595316930924	27.724485955974423	-6.384897260267387
0	0	-7.50727600438352	28.952113034043	-6.179852025356668
6.537704312047966	2.4777726994609157	-4.116378242207597	18.057849165628177	-.66245782385149
5.545073367033187	2.9941903857015486	-5.414114360359401	13.944700893143064	-2.2539574983676047
5.835664876366783	0	-6.6125146526121545	18.98124229462942	-6.123163190616946
9.423103288208384	2.73061839729848	-8.6758639513559	12.010562285345845	.9569966535141763
8.483325469151499	1.3578943738912859	-7.838240819968909	16.917131295849003	-2.044839406314137
6.944542467490491	2.344918791725492	-8.451544252483249	17.39889562394863	-3.298976200811678
5.876722488626123	-1.3803651244786237	-10.020442083220939	15.619857609575243	-4.356599074013072
6.09074975941174	-.11211342754035158	-13.807870888274255	16.105525064260483	.5106906124791374
11.626683296221351	2.217247857097627	-14.461982581561637	7.902318850402223	5.847932715617759
13.972495202760728	-6.232656642376357	-19.882626636177424	0	-10.77373056004154
16.35508831359075	-3.6207224696089595	-17.8393513988941	.45952911437853505	-9.095998263080032
15.084119089522229	-5.825748074310446	-9.367594876185231	.05602321715337233	-18.31809162961761
14.30625113899058	-4.92700809117705	-7.0422075561413715	2.197958162797878	-18.843628842223765
11.990331807720466	-6.112988258039465	-7.146628546955008	4.651041747709135	-14.465505093971936
10.005350416698745	-4.970883977767123	-7.63744528417683	12.751324167462858	-11.17876096769875
10.92217817667899	-.008442174611366232	-8.182821490649847	12.685724425114717	-4.27447174258624
14.667955148101678	6.303827720562332	-8.06276340294421	3.5576928791559754	9.471821352560928
5.91119368983917	3.4775969658714336	-10.533423068826284	13.435763600704806	5.1810859744563675
12.606146307247027	2.2422635489811023	-10.627711448741051	10.217627461462529	3.8459598073153565
12.99697411738078	-2.381608094370451	-12.901981603558085	.5851978430075786	3.681275587867634
15.542517983128523	0	-13.161155989692912	-.32537315805555034	0
14.171615686759042	8.691626568050248	-6.5101020381718175	1.5509420233065891	3.1621407433545623
12.192104429806369	9.230562816574304	-7.913457203910606	4.3723082582244945	4.696709891944352
7.810784949247293	7.339310590911621	-10.076404903270957	0	-3.5439962900237276
11.40576840634964	4.045448376668929	-9.982584892365331	-2.2590317380924763	-5.248553445978104
15.052045265356258	4.964619168634521	-6.730758281713321	.4858690630933884	-6.858803358332723
12.0785520474529	-.23423359136347166	-12.952083972611963	8.277302716632782	0
15.94527044119704	0	-14.6649611445363	-5.740964141382092	-6.700515349552194
16.490485744767284	-.03444219419538114	-11.544911330253203	-8.298189724723471	-3.9458417909476786
12.632297055895643	0	-15.24921240081872	1.746448333136187	-2.480535121307087
14.428885058727582	0	-17.846358865831654	0	0
13.600688318793013	-2.053796902315397	-11.306633508949194	-1.2466779173463385	-11.181030187316859
15.121711924576289	-5.763707997447769	-9.428643603633448	-1.3544667157480432	-16.309063253543506
17.719136613474998	-6.580984588575315	-12.532679253460161	-6.9665627799797605	-14.80518344841313
13.388105121695922	-7.574671532036154	-11.094255854758172	0	-24.66350396333002
16.5642845318536	-6.637755922870068	-8.71569402503368	0	-21.525724399720577
14.882982266914812	-13.008423486700924	-15.471516157216112	-.9785234951085405	-20.34902221394409
17.979829328880697	-9.489264752518137	-12.505161363646202	-6.343642008724974	-16.57225459037219
27.43326806011743	-7.140737472345296	-10.807377785936474	-14.511006254869026	-13.640895397955894
19.244691647779735	-8.096439540272032	-8.627578255599225	-5.431426928464965	-14.867344097615646
18.114604776079467	-.7030076523864901	-5.375248291289977	0	-3.2590358585218118
14.838645743463717	-.16261545084340767	-3.9525066747512776	1.2736514878512009	3.527783755836112
9.460395323545413	-1.5872052383736337	-5.196561830051526	6.991882655069286	1.1810871832302694
3.6470095627377566	2.4848606664334745	1.9048233331146212	1.0540296361971815	-3.5062565769332843
5.732557053205991	1.5686635230427013	-1.257200814447111	2.6465999548153567	-6.195606209182538
1.3569123938713878	-4.179140998676784	0	.6621771336679161	.3709016533920577
5.385511635107159	-.37891208525591924	-1.6413045167765583	1.7634163526570574	-5.438143797086131
2.8889637940136588	-1.8793166454822976	2.411954683841135	3.170069940570028	.5765846192431499
1.3925627848401767	1.0408263959012716	1.2567461692132156	0	-3.6357308749972894
.6097689562722503	1.791114423754033	3.7043324758010074	0	-3.22644176695121
3.9223536529895418	-1.2487969970464259	0	0	-2.2988793412250033
6.65810037441329	-1.0765031425220708	-1.687704832325391	.7611570556501477	-3.1213591384424664
1.458573322434885	3.1185007166424796	-4.444221984677453	5.212253646158505	-2.931568678526599
7.949413095096282	-.5558374250737923	0	0	0
0	0	0	4.312045513975656	0
3.8932750179634765	0	0	3.507637151308126	3.071201520822347
1.0803271832507004	-.9336639475198523	-2.7520333843513014	1.3009542355659642	1.3239012877127512
-.5141017350813617	0	-1.1239759864044696	2.3492391266691977	0
-.49473515594479966	0	-4.4168554866187995	0	1.3273624251502834
5.484505227546004	0	-2.8145478107760677	1.4187468510306531	-.32061133903773364
1.77725924043036	0	0	-.9194119019384218	1.5712205815399636
.7659715732159007	-2.1248581575549847	4.093716566139429	.0452671874269468	-2.6392675391195244
0	-3.1670143279355165	-2.5478037767320147	2.8115543161892633	-3.3377747101833855
-2.883926417337023	-.18573483105372335	0	2.857287080621542	.9881819939936966
2.961674214490464	3.260044989009779	1.751285953585589	.08515472330467466	-.12459050822727225
-2.2678841363723254	1.624179161841377	-1.5514592589366047	4.0869062159192815	3.3688884402656925
-1.4778230795515688	.9361925668831046	0	2.606392747543949	-3.2086031761457097
.8133508597994561	.9379589424465312	3.0422372267886275	1.4589346340583538	-2.518159299997087
0	1.2557642652326715	2.3770219671683677	-.016025803553903373	0
2.133180518290079	.48644926293269264	.7641759062639372	2.483333855343191	.4745855840927924
-.45039245976014297	-.5645123672848239	-.022825921845421062	.5268022792759208	-.12836099918708394
2.514705084536188	-.7443286823073234	3.19248910592033	-3.5326393165224896	-3.4670127235939816
.8118950709122974	.8187602838623937	0	-.8154681950230861	-2.022668281683243
4.163676523979493	-.8682007184100881	1.8013196422326772	0	0
1.6890157554282546	.2965630887458094	-.7722034857762108	1.9309473228626537	-2.6816775028786575
2.872783746462799	.26231252206908756	-.052755636243877246	1.240117419944277	1.8694230180326363
1.2082571494002852	0	-4.261054275611822	0	1.5846656214106134
3.570902960689284	0	-3.3811116655629814	.9616977565116216	.25427887877997346
3.639747181686675	0	2.8809906829280596	0	-.8551886696689919
-.11214423532531159	2.1086302068149325	-.2858775218717662	.489032835624885	-1.7203162234302463
0	1.0416983809064	-5.3583443678850164	.1422485723977287	1.5840439899847794
.5941760813039496	0	-2.8858025218615273	5.672854626187295	-1.8624196342134385
4.587569893053536	2.5569362054518976	-4.07460497193688	-7.952421790400556	-1.49352241754963
5.596878789615148	0	-2.117907417984294	.8334178394559468	-.6029644324153793
8.292778489142913	3.0609336476852564	-8.471785131352556	9.785627146588332	-1.5356437152391242
9.82103925692715	2.472822093354858	-9.907035707696831	11.048294498054963	-5.464085348369967
7.166002432284201	6.976597091638552	0	8.086528654411994	-2.533406478118365
3.29135153175951	8.735947891419217	-3.3036015347076466	13.719865866782543	-2.4265412941871647
6.518663830191042	8.804799731562532	1.1670267701908732	12.14476630739394	0
7.308229089492881	11.800827002816103	2.876203307069175	11.92766399324045	-3.5514112028493625
6.525245083778335	6.8538905301058675	-.3363909862064878	9.945331446723648	-7.922925742782226
7.82209650605934	7.302871124175297	.7233167610888906	13.198715974302397	-8.267067832614513
3.9767120479779665	5.680526017924244	-.8634299141500237	17.23883846673093	-2.687216469711134
4.153157100582071	1.9310639965479766	-4.2221694561774	20.520838425637848	-9.092769419955841
4.3237862055880205	.14182008648286226	0	13.565008828451878	-1.242103217781545
8.911935531647059	0	-8.099926991288426	14.521874726470372	.8749574492447804
13.14612737654102	-.33311874920074147	-5.670032037809343	1.751334545704027	6.767105539838281
13.795118797982553	-1.2251517412787232	-8.572090065571583	0	5.842578327612308
11.683936051157938	-2.5404279671667673	-3.141976326824029	6.085555910776192	-11.244876005751527
13.167303776606879	4.955977310327468	-1.51415075914612	0	-8.933220280290776
12.37462062047749	1.6082004139003057	-2.50971795122001	4.932057422164689	-4.918952379215567
11.251853860296924	3.8583982621537087	0	5.593185481766894	-9.372001026954512
12.327539396994966	4.920379977845599	4.969775729899984	2.0786153494997857	-3.2354489455073265
13.600532534933645	6.570634109359796	2.7182941440383477	-1.0276121466334647	-2.1779243579556136
12.648038393916197	7.391130990089623	.10377463248489044	3.0380123617864436	1.9057679024717107
11.903076685667484	7.170730781248295	2.115291300179824	3.777358856050805	.42844156974258385
13.952739578902658	11.36872009825973	5.090833858950297	1.9433506512653174	1.5586793658993279
14.685605871768823	8.255570251962782	0	0	3.3508448981761356
12.430286795889078	2.797134714058856	-1.4453527479646255	9.940576672916048	0
8.666748805183492	2.9536948918874066	0	9.636241154571826	-.3637889549359008
13.437344709215443	3.0292444587114047	0	8.387246454594953	-.9463700017516627
13.471974674007374	1.4453755431106643	0	8.425133412218242	0
9.41670746964186	2.7903797399040977	0	10.453692353777006	5.164913909208429
9.929751899044307	7.561343738625395	2.8020568024290937	13.910375719254274	8.07243725928672
12.856412662644475	1.3536624183588941	0	9.659530551979074	-5.433634706492992
6.281087777689425	0	0	9.801889554248339	-7.341948327349305
9.258536609557508	3.9753627366276487	0	13.400463210462291	-6.113088161465862
12.573265965576613	8.42792751220021	4.499654171702898	3.8892406663470913	5.578804559653681
12.397234424130485	7.930482945073781	0	13.52888616069926	0
6.6318782820368725	6.690411539853055	5.307471997959014	15.587846403872367	-2.7048904823713493
0	0	7.426338039261208	11.737345031823201	-7.101387499380551
5.531191609552591	2.153898177629439	3.200599321762656	4.517137389461049	4.962562019375455
7.317814865131519	-1.7036366138864723	2.6594172897649266	4.044119173951386	3.9439707693550043
9.300529260497738	0	4.844851431976068	2.0580841911926293	-.6001026128864106
8.735785442902094	-1.81642590079558	3.121848332998993	-5.559432569025742	1.347748578140041
2.080712277640735	-3.5484617124456213	.44341020323970437	2.993889326640895	0
3.1317644626305507	-7.473309859106764	-.2285735132202935	-4.042263542833455	0
0	1.369926259662341	0	.3096635037955257	0
-.9438972482071255	-.18451982273972778	2.1542472967575863	2.0160719062588504	4.376991241726438
2.470845707554335	.5730588767221109	-.07678127612332852	2.9182962543627324	.7079683793385051
-1.7264782068161033	.8038382411439432	3.912165302705516	-.703556244015318	4.118770393611771
0	0	2.6650447704698914	0	10.641608251743452
0	-1.1966772149029092	0	-5.175507030796475	2.2524572912589034
.7253866570715608	-2.699575096121244	-2.7130702136155382	.9754591691360461	-.9779197649813989
0	-.7076127862709926	0	.3498787616934851	.5451275210688369
4.199633795504529	-4.086675315627563	4.118259031647884	-9.354780072209994	-6.317319970706395
3.664690497511045	-2.2460781286729414	4.821938692306957	0	0
0	3.6705146097028836	0	2.7223319527906136	1.0203739618531835
-.8919108357619389	1.2740253955027865	-3.5786484613677723	.650543572378391	1.5796415489400362
1.8140534950329614	0	-2.877967710880864	1.1362373846585885	2.953765124931841
1.5515986882247135	.7988118066421519	.6774919920065599	-.20488238956886476	-.9992029486429379
-.3297527281688335	.4230189268607898	0	0	0
.19627887250117748	1.6112566248339604	-.5409966896783653	-1.3923418390084386	2.885018105414035
4.787503454865504	-1.373149306670394	1.279575670233645	.06338599708892123	-.8239457862652
3.071705774617774	1.713490308918379	-2.581146731824499	.7943982787586734	0
-2.5854477944531884	3.129891868875788	-1.7912593210395455	3.315062564166582	-4.784819796409221
.8284475091361139	3.0175361420595808	-3.6882754884630753	1.1051994919549184	-2.682969548282716
1.3060191083153816	0	0	0	0
1.855236493871847	.20916004883013567	-1.3609203272641945	1.9501873101153477	0
1.142987725016734	.35817508484903016	-4.0389432026408825	-.5387129660181356	0
3.6744052990840004	4.228365560015742	-2.1395194614455915	0	-1.6739085076935167
5.802030059044357	2.438067078968392	0	3.3962752186776006	-2.8058166428594964
3.3339814105897787	0	0	-1.0624721762023215	-5.710604070832315
4.178734301056632	4.855555399393497	6.648581793453887	-1.8850378325118884	-1.6703067439731654
2.98788253511266	7.726245584186385	3.026661521139294	.9206570074852192	0
.08123337169074837	4.894202944365678	0	0	.46742985949438953
1.628204684083388	3.4622301536293616	.045885708468305086	0	-.9426218454586099
0	4.606612334275573	-1.9146500223058123	2.1743996762482727	1.7958384851860416
0	4.982365211974285	0	3.4268335885724954	3.5560770766120724
0	3.153209025820879	-.5806271882703307	0	-2.1555496535683942
1.0218761850270983	.22381131241375232	0	.18902457629098693	0
-.37126913020553864	0	.9404914808046333	0	-4.523556520127223
.6315420613306775	-1.210816645081053	.6625076997728548	-.527647408653454	2.4965369248718785
-.5585122012618273	0	.1788129273876069	4.548278675333902	1.1695749675615361
2.3058340228493153	1.2020225459698717	.2405376508858923	0	-2.6922987272267953
2.650919623175052	0	-1.3070811885454072	3.0479297742700115	3.5006722974019215
1.2360248191011598	.6078220802490181	0	.23082062471038078	-1.927144047247436
-1.873642006553966	-.5983481221886131	1.2902795658451733	1.4465956956988997	-1.3520371272455445
1.5425031239736402	4.0390891073241635	-1.1205493827243471	0	1.8627356508010429
2.0979475666121616	0	4.162549623253956	0	3.002344574482768
-2.7427218218628906	0	-3.980881788990252	4.089164286253818	1.9835335830212668
0	0	.24672221097180302	0	-.11029439013564524
0	0	.9284100369430073	3.539041091104202	0
0	0	.3774070359381168	1.787228874475598	-.08540426688104852
-.291743626241848	-1.234769583742036	.15142997222190416	.9348575119563206	-.5979714931485002
1.638841565723611	0	0	1.6345138501314689	1.3183954969753482
6.1081904356282	5.397497943645763	0	1.8625376447088253	-2.814664044767223
4.342591250241334	2.115053257869719	0	.7038499073824053	2.6367464986700933
6.380818291306772	-2.764814013093909	.6350274552474114	-6.602588500230868	-7.678990068558337
9.842564520687128	0	0	-2.263831560203659	-.8067833218867633
3.7366983238854306	-1.9696060399176167	4.717579965929238	0	0
5.239664759761789	-3.0082659168384507	-3.5664713859099497	1.409224821296387	0
3.0856864721910338	-1.0179065983443956	0	0	-2.832158523223039
2.0877586749447996	.1611235334712402	2.019957335990741	0	-3.168909669820534
.608614069447814	-.22718357779594422	-1.048082723443489	0	.5998506788146466
3.9588903576335444	-3.6329762174579026	3.181489345082126	3.68418524129502	-1.0926070352729145
3.2015589371104958	-.5137710154061865	3.011130997024922	0	.9465461796919568
8.719749331203115	2.4015121780548543	1.411275402028403	0	2.053148068537624
0	-.3039130964217047	.8583018017507764	.6452100557388059	0
.6894623437542584	2.4863695801071337	0	.005001295278109552	-1.6266752630379748
1.6699060916010107	1.5797730582200333	.22797347566106962	0	.2953199489955969
4.363973867107631	-.06948670939067678	.8099199033918212	1.745328923780811	-.5782770847708018
8.286383846205894	.8297663711245669	-1.4319357022636934	-1.3528810352717244	0
9.288203217359438	3.61418207102531	0	4.580635516937541	.18259180148837562
5.997563041040079	2.1354848376387925	-2.0967277902304824	0	3.2069890268014842
5.47096453945314	-.48288554863538236	0	3.7452625419779277	-3.2278621901864835
6.862675372887801	-3.5169954702904835	.39540845921255874	.500146725377596	-2.4489242184592768
