x1	x2	x3	x4	x5
11.46250950071259	7.0568453644884555	-6.344693070437349	-4.136418583229952	3.1787930163594815
2.993928444994603	4.656048854384409	-4.75918688097673	-2.111186070986061	6.893863061189048
0	-1.325271693161812	-6.149402693439146	0	-9.691856682361037
0	1.8093050876879433	-7.645776010378925	-1.8898496125689586	-.006969955737743616
4.00416788034748	3.1163032610193513	-1.4582986370385536	3.4568653841387396	-4.060963975110004
-5.777544798045594	-.5414925325777776	-3.6342155188283076	-11.248361377868978	-7.64235082678681
1.5640991977240335	-.6180163753316339	-2.4465274211092307	0	-2.1271804783476846
10.648861059979588	0	1.2620321001004227	4.0400580345441295	.8546060440853748
.38026365111580074	-1.6838444447664294	0	.19692940432403327	3.073849784005171
2.0685576107959402	-1.992007747077721	0	3.851421412625501	.8235657717434106
2.9148568465236853	.9950874682353607	.9053147438441929	-.3350736452890417	-.9118914524152064
.6876623750982926	6.1141310968862665	.3578718508021711	7.271299291825401	-6.971572433295248
1.2227738417654637	.0008246878024339988	0	1.184419868354668	0
0	-1.9927336391133552	0	2.7601999581385916	-.3850871163297318
1.3643161739095029	0	0	6.094071340891029	.8358823599359986
7.8622949120407775	1.8392301590835984	0	9.085340660390775	-.3232704868159678
5.366885084850633	.9801397419412541	0	7.320392613270973	-1.2992920880987116
7.121865976180364	3.5033619732693295	4.521668619681267	-.11731658132912681	-1.50432733419023
3.368989295894706	3.3428688664154906	2.905089547323881	7.885671391823853	-2.386276126204488
4.697398584304444	1.7703137052903846	4.447129682121222	0	1.7846206819650428
-1.183507473835039	-2.4834415237068477	-.023594873274132233	.7076159406088545	-4.355584950910002
8.063385425178383	1.3524008479289016	0	-.3485625286119611	0
4.807305481011859	0	0	-1.7224335751226554	-.49408704401499987
11.150311484653063	.2602762628773347	4.735382389661924	1.1696062756834653	-6.836735837562818
11.52946909075126	5.118361550440559	4.7641334796620125	10.189185060420579	-3.3694378190317242
10.747739773746645	3.7158919269490545	3.614747726601892	15.03101620071732	-9.413356231455532
10.366982960978438	2.3400109019620294	-.6937051419654391	6.364686784493572	0
11.746572706073005	0	1.8845420150089145	9.04251367238774	0
11.60965239618329	0	-1.5235708226604123	6.4416795069105355	0
16.265146630652946	0	-2.4283759276541934	7.903181229492686	.85633679352407
15.146262471274197	0	-7.180638900700033	1.7861997240513867	0
15.46777306185882	0	-12.976899111307224	5.506114928058361	8.9822661400227
21.32902814227209	0	0	0	8.702687578873553
18.559784763793544	0	3.2119128542025184	8.981182726055373	2.717518860499009
15.937787933580406	3.6681248711903547	7.967456536683137	11.881659040089323	8.737128319093838
18.385780716225995	10.705038377220935	10.824453190089582	4.750510536101777	18.025070712898003
10.419178277203688	19.847833972088893	16.197188986493263	17.705185931957857	20.82240468105065
15.521499527151533	17.172084743749124	18.305966199840107	9.036949261390525	24.44323725975606
17.267415380020967	12.103584272677635	14.461687678594442	13.685995009418647	11.32555272208276
12.908256225118514	8.078896230394815	15.340638419711672	16.252875291989714	4.599804872922793
14.991677642394656	6.288979560657083	21.196804581074158	15.374814123406324	0
17.01810531677621	11.358665579952358	22.368667497109534	14.717787677075853	7.232785281769147
18.758573207804307	7.595749836567655	16.873628639967016	10.615812019644586	6.694596100313895
17.28754603674412	7.91632312799643	15.25865339165156	6.478738707462729	6.405437772537431
15.450180131021865	7.693608885984144	15.776381590221053	14.782704858071142	8.93893904307357
13.788932436833587	3.3179275807991413	17.44862626383599	14.778278779522473	0
13.149273015036037	2.3868262490622834	19.508538371459498	12.724945371708781	-8.10042318787654
6.5232381253910425	0	17.90720928836833	24.96371098868707	-13.953637018396421
7.727266383754487	0	8.358864815776332	28.939673110756015	0
11.138842196973243	-2.273812043174019	6.034130176811894	18.92727467236326	0
18.983868169071567	-1.9929591567158653	7.080899970948057	6.688704285004986	0
13.975914803961377	-3.7922010585828674	.7867901757589606	5.935275893133985	2.0296745186537146
7.004966274147416	4.052381007547803	-.4064345335891025	11.253045574727432	-2.081265547567581
0	0	-5.588240133717537	10.780462328235426	0
6.379361826076249	0	4.361028955232411	4.136973720799253	.4669348216371361
3.1486279542125075	0	.5429522212215381	0	0
8.136932694580878	-4.83012731442656	3.841224132074134	7.5519474248464995	-.03949473641562251
2.9088672024858466	-2.371823672857927	8.130129210865238	-.4871198642509986	4.781027258474717
1.039991386084083	0	5.31776513931174	0	-.2767808854065783
3.4785565014940856	-5.469555341563618	.9185137114817856	1.9032473282129923	-.030534542558395383
11.004003445943727	0	1.3565386290956722	-1.4972597840702464	-2.877606115588456
14.237727563882054	5.1216523342039	1.17198725422274	1.4153544738576511	-6.059772216940301
12.957218458137552	10.312657785818038	-5.419882713346384	9.418440338593584	9.582284742044914
10.855079816316062	10.822680390872168	-.9570098803690799	11.541597402965529	4.499095382700969
6.712317165301694	2.0475913809428326	-5.928841274412859	4.699509154113631	3.837151990718465
8.301039442267378	2.5888942503150814	0	2.227839848944206	2.6769620485834618
14.29949253544182	0	-6.71428730145847	5.185320483373694	.8648275662058722
13.095192405374839	-.3005954200850265	-.2479230738732663	0	-8.90337108264296
13.112814908200427	0	0	3.283324275939785	-5.369849587109173
13.498601355955625	0	0	0	-8.790088704613197
13.197130387104206	-2.452497528402547	-2.319232622242936	0	-13.478582141633767
8.618788264090298	-4.02490868445379	3.0155134461194466	2.3764509424177316	-18.229638131017783
11.71662543862095	-3.4128350700843053	3.4716879092203454	4.880977503934661	-22.20756325479319
15.978894146488246	0	2.407656272518108	.8045253000583309	-14.051765235454294
18.95481735285479	0	5.483884643220563	-1.2125459509389858	-16.621976949557144
15.202385558553573	0	3.7639766353273285	.9819879292202756	-16.204110686245834
17.210642961052542	0	6.6138997479893575	10.313144586045112	-9.137911415841158
13.71803750101737	4.368081825653148	9.862281652738812	4.4618726741719605	-8.048787839882461
15.584930405040597	5.767794472334668	11.793378688898065	10.50953480865144	2.834394414371567
11.934092919840264	3.708513844602465	5.405283666927503	12.365028290838847	0
13.722900193944811	5.008014928120472	4.3810959505110345	9.806956150296276	0
12.550284759603311	1.7472971281498295	.7626079883939265	12.549402890717698	0
11.325347007422458	.9483223357751144	4.022185004308227	17.250475277030294	4.236086256484218
13.900076924245864	0	.5005532847394529	7.1962869519662185	0
16.56415455175863	3.479841876263599	2.0408279858395906	6.737921689749452	.03691171258909448
11.966991043147248	0	4.974947849713689	4.79828404554732	0
17.33226051911214	0	0	10.815744698722241	2.773894233472103
15.49788670451587	0	3.7737345282175516	9.066733820500069	0
15.212980178349165	-.1279512979863482	4.7335545647235255	15.986973676046821	-6.850779308868001
14.524332771403458	-1.7730381155617787	0	11.05393326905328	-1.6672680441687913
13.508238673587272	-2.389647836054124	0	11.115503759631865	3.35857136796819
12.80853310207451	-2.9701926046312366	.9107769370637926	5.786295042701781	9.97027108268633
10.917858798165605	-4.22092930623737	8.105407065880218	6.233088614465299	8.476344440728214
6.160371346423879	-2.9226384417485503	9.124345234978252	-2.083171068501743	2.4929357520881776
5.739300653091315	1.918347709165142	9.570991594845273	3.3919317669446976	0
3.7597622080961877	4.366629701112989	9.095995863919246	5.513989611214388	2.143395034421185
-1.5153776954270335	5.293190560244225	9.073388549937016	0	.16476783272810636
0	7.199848070027842	5.107736392645139	0	3.4734340852332144
-7.585109284206979	1.2795112002475455	0	3.1993499383378783	-1.106614542920163
2.1995883367599434	-2.5469808707035235	-4.089429816845707	4.241797203242918	1.132156621412857
