x1	x2	x3	x4	x5
.6720688004564008	-1.084960940163496	-.35101253324900117	.04820907374298899	.5080065261329567
.14048101427530424	-1.0548990795996138	0	-.16508087039299557	-.18934079407548424
0	0	1.2855389475027599	0	.15603368072607088
.4073354401939598	0	1.3178422448746292	.19956714540680306	.33987890684286703
1.6973170405989095	-.3383324316056079	1.730499406433138	.44519569847270224	.8183698523954571
.7206821539190215	1.3550274423156123	.7245488278713111	.311746072082174	1.6148632248532915
0	-.08269992503390672	1.8411036860077108	1.3123170329240106	2.682338210890605
.12106183121018782	-.6949892341701197	.614300153928661	2.2261071273312916	.8286218612600125
.3633341615870545	-.11860585655915049	0	.45652459357449676	.5872211143983272
0	0	-.19925537020460388	0	2.718185737653159
.8793150047945874	-.5714877031592147	.05760062205866123	.5806243646166823	0
.20158386195071012	0	0	.6590255216425706	0
1.0795587531268884	-.27691463251289067	-.5799436336891606	.6720622987332779	0
.4630076149788086	.032479247717352916	0	-.06720639545302963	-1.6706717553467043
.22609167912685146	1.0162184988023237	-.12764283015470024	.8863336998564111	-.8149332203443198
1.4624516381180201	.812606194973645	.15736019507434684	.613414568678222	1.1872176235645244
.08854764909125046	.6091524772317238	.22201811957929304	.1916138822735537	.9375826302672151
-.5320387993872248	.28194444139593905	-.6491795847474016	-.08748712909752343	.6091537034345914
.7665024768871636	0	0	0	0
.40062383864139384	0	-.4861444426381446	0	0
.9291462393487834	.9455808767200664	-.0512543120045556	0	.45073679909332265
.717223721819022	.3320988044428	-.021369379267299815	.5643168012209806	-1.3626411394206706
0	1.3168749029144278	.9619636460499363	.3517512220254123	-.221991806102261
.5279430449132501	0	.00614150828640514	.09046092581875792	-.7311506103965484
0	.16758947361582954	-.49016334913846965	0	.020592278370036993
1.2073897773925562	2.7144372803956456	.5252265554542492	2.0998576409556535	.5498142624080242
2.0139140701484237	2.211052678207131	-.23404890836847736	2.2626266399334254	.11612152389715891
2.011212401114897	0	0	0	2.8731355225204935
3.081926176583385	0	.36410586595007344	0	.3188220514235575
3.908692279734274	1.8460738091600915	.8318434494612431	1.0375906798662375	-.2293677759647509
2.4150114616071074	.9779271556382079	.9788496766700785	.23405909919435175	-2.6831300754664604
2.401168943629828	-.5195098461298385	.6393131721368398	0	-1.218879154303514
.6136098117338544	.6959830755632284	-1.5162060744651744	.8055956088769379	1.428692249227735
.07744227563409845	0	-.02186317771164607	0	.7109247601944019
0	1.0931944057717513	.331699859526954	-.20435607774662154	.1541445654208103
1.0139100451130854	0	.5331757746194752	0	-1.325505204881247
0	0	0	1.1605243442783157	-.5295385766224333
.7631279356647966	0	.7006792780639803	0	-1.011024653293889
.7951657701543242	0	-.375463924008549	-.8792175910294617	-1.1062229345621053
.5832579525807641	1.3186222803587797	.3549991236762004	.1993676893858498	-2.009897420778034
0	.5816437090360116	-.4605857150357214	.921947667903357	.7457966764152186
0	0	-.5406762112644208	1.2831714641795124	0
.7863589778847334	0	-.5378898923211651	-1.033289275796479	.42565322471936207
.9387903663461338	.4830780683335602	.08691703160125631	.48076981449443335	.44404290661845347
0	.7156518568862795	0	-.2566270693242052	0
0	1.0056886757515089	.8109196391731331	.15648072451207756	-.19280098810882845
-.1452448926220865	1.4121910253786067	0	-.19086568053173802	-.003547286985592424
.19417121654002678	0	0	-.2868215088252731	-.12520885019961414
.01430292167555225	1.00894210149389	-1.5745409496194245	-.0675692193159953	.3896244450564982
-.35347744361313893	0	-1.5491180508540885	1.082726021609422	-1.1507994770981138
1.1182312460242556	0	-1.759854185387727	.9023091704724847	-.9106766562385951
1.2635488955886662	.8904169008516021	-1.274791095415639	1.1491693897786934	-1.2201897858350772
1.8548807463444899	1.4331920780676477	0	-.6697471973492178	-2.302748106678648
2.1713070160285457	1.5664996964458142	.4713041758991272	.7923296124287267	-2.934507317435207
2.08508719089758	2.3405134483573753	0	0	-.08015287872276292
2.943026638854078	3.592777405783078	-.7761498757253544	-.4610702421252728	0
3.5151790136694525	5.15063389126067	0	-2.170609518211041	.8308306551155111
1.7888925534188251	4.003456578266402	-1.0028572546228525	0	-.3826682219385512
3.390673934520351	3.2490404128256065	-1.4637978605472495	.571784259857053	2.002708436668531
.9512867370169693	3.5516587091762033	-.9947780850797272	2.0954332698430176	1.7581387338820182
2.447821714764455	2.0784528263393014	-1.4082839031335144	1.5491922259150495	0
2.2791956629728887	2.497366285183891	0	1.8229249198764492	-.6997554637733999
2.266527045451033	1.1799909104071673	0	2.1185650271996415	-1.3081673097979551
1.2503310649425048	2.5504451676728994	1.1706510495474949	1.0940935398032667	-1.5459012179798277
2.589298848769131	2.177585018275251	1.7265665316408914	-1.3303171929626147	-4.641332430294948
2.724399673475763	.33746026382336203	.7809894401567641	-.954915607406835	-1.9960290886417782
2.0378679576068244	-.197508720423466	0	.7448988827883718	-2.3909318083862554
2.9840697444786906	.7323898818494397	1.8566233729737582	-.06325565217728629	-5.010619050651588
2.6107497435891256	1.268499965385186	1.5383832910555684	.627693113382304	-2.709338998583478
2.6494840344636934	2.52121043691218	1.0146483178221368	2.163131707889676	-.00918736316107649
3.1729072652423955	1.945482905076748	-.6859277524983266	.6771128098592413	0
2.1130933675985726	1.6071708383953522	-.8265380107506339	1.7073845883938943	0
2.408607344072332	2.360490037864232	-1.1461530947218668	.9698108949625586	0
2.521108234002705	1.8780919479823983	-1.6510966528731474	1.5775285488526476	.8230612836087677
1.9234503498886486	1.8502486640819373	-1.5188277136963486	1.1743837575135219	1.8905407640052432
1.4622448012492064	2.2056806887955647	-.5109697061423346	1.4967535425291705	.6761282182345139
2.0585323467230583	2.2129414507182266	0	2.335920829683463	-.12019013318236452
1.2539675155480365	1.8118604871902004	-.896388767812411	4.145080733705848	-.2765969871910726
1.9453508271599744	1.294861083973619	-2.050200875121045	3.2268186779727017	.7853109567170009
1.961981353583437	1.0371474057043117	-3.045663319319524	2.6224404474119423	0
2.167996358758711	.3006224473475314	-2.337721163976605	2.439011220075808	-1.3435020546451049
2.8572504105960785	-.8609734232972435	-2.934271041216387	1.2134955436557693	-4.706273802170058
3.0652425426840786	-1.3284134919587114	-2.367269451690416	.4441636142566633	-4.870670354439381
2.655588474468636	-1.4357773130237528	-1.4589019948522672	0	-4.8015116744931685
1.6936997069505084	-1.296521655202965	-.9014602681518773	0	-6.529758706187436
3.434452021196061	0	0	.08077508616882426	-5.59104225315402
3.646298086870103	0	-.3556127521542394	-.4912493410337331	-3.4895338473863706
3.854145556048379	0	.39893678155098733	.15848815510256553	-3.978704015451162
2.1159357979875093	-1.0994739268475826	.902749092909358	1.2437067843122949	-2.606232841940543
2.3680973167639774	0	.032507944140722556	0	-.5868695435306357
.19477844313425016	.8578004820567874	-.03811069085048102	1.0088024556611677	1.839362860265542
-.5307046263640153	-1.2337735640287901	0	.48929904418734116	.1440076254934588
.7805578459429896	-.8179134422415193	.14626924308626107	-.7643202843287613	-1.0455923651528327
-.5431249930226363	.1429363185998404	.36253136907412353	.29365158490254845	-1.0122097613611827
.6427978769046657	0	.5358237253985675	-.43921995924735857	-.48194861549599255
.30883584713793866	0	-.7630862026049221	0	.21655517751106645
-.11101993204025087	-.42846351125730414	1.0758501653982506	.35255043725280133	0
0	.25212487700413827	-.3597632272715062	2.3482737531749547	-.5229363318863665
.07137870970283457	-.4241409302866458	-.29189605990674805	2.184929430572198	0
0	.5494125392363449	-.6197373738954892	.12218099249049053	.11327543603809637
0	.3425439859680675	-.6444530097638702	.782911001836151	.8586075636410997
-.9507909128936852	0	-1.7048695625073214	0	-.06200333851092401
-.19493376786019692	-.37557398491175514	-.6002959611746135	.5746596206728645	-.6853211980827161
-.06229748540000232	.3353285074840114	0	.5118353120178357	0
.21273118880276531	.05834566849281904	0	-.6631060769076251	.09999311034083082
.333058289196524	0	.1758849843463729	.0464906385607019	-.048473347627697755
1.0640873636115147	-.19821187102727655	.18975370048261408	-.6761383341104881	.9463919073930065
.34747498804393273	0	1.281566248035877	.7972570789494309	.5381078273549572
0	0	0	1.4823078363832534	.6907323074857492
-.29856262589624705	.37870900857827394	-.1529326909465573	1.604072354848091	-.08656072153301733
-.09925334917487416	-.3368803422282109	-.012930382795539319	-.10248574412778602	-.11666605887582382
.2307351621357394	.10626296985791933	.39591489192018614	-.08206923107746107	.25034224988132825
.5040721511582424	-.760209817543438	.4951611424134019	0	0
0	0	0	0	.8275519633283076
.9215777611096914	.22673278759331766	0	1.335325284118896	-.03322363081701221
.16308226496019432	.11750056186563029	-.16883973868380106	-.41716064826108235	0
.5471166913170695	.7683672188483074	0	-1.3644851637540134	-.00029759909053669875
0	-.36931782153403897	0	-1.892878062702943	-.8848385763060671
0	-.04717234892349359	0	-.28550716082061334	1.1507713799989734
1.0422106099671427	0	.1105705115711666	-1.7830612600204652	.8957317015471129
2.081134332897867	0	-2.432198083324874	1.6124703306073354	.15414246341797638
2.3923399266729994	-.579661403790064	-2.202321458508452	2.168859090667211	-.5613834117216688
3.361010261375502	0	-2.1154512990430137	2.2215515684971012	.34676672394182084
1.7500586710720727	-.6642508707549205	-1.829242300709769	.4565257664582303	-1.1869316261139669
2.178183882368593	.5673467055877208	.06342494824773484	1.4674479769270772	-.9582005615035349
1.235021030654149	-1.1689009890186588	0	1.9030104728293715	0
2.1877757165422205	-.1464495374750966	0	1.7380045281828707	-.5968732478852983
2.2985639457006712	1.490219150603679	.4419160944602515	2.9090921487919688	0
2.383194521414736	2.2313559558150264	-.02280934276112051	3.941845515459055	1.4445161667537891
2.738438938784089	1.1396267532537812	-1.4383834739902597	2.2078206952737593	3.5710377587132798
2.763717766369591	.9210154926325435	-1.7358461956933893	2.566443172346844	2.1743093650127556
3.2448126094126937	-.046810119899948655	-1.6756851144958607	.23940357976709303	2.6439542514034846
2.818398277974393	1.3841886844806213	0	.9211714735613041	3.129500988945991
2.4201241285690247	.6093120770357269	-.30951813680853624	1.7085665698642063	0
3.1863347893424456	1.4019493625928325	0	1.495071254038719	3.819123505456101
4.402189853912066	1.574344788607819	0	1.5195125883503555	4.572880369625116
4.385716911922053	2.604348839878686	0	.5016597493907925	2.9321093501291773
5.057421385125278	2.083816816404304	0	.4561756560697152	3.3760145227294687
6.693148958842448	.8258673261710454	.20310485344574325	-.44256719607358086	1.7572175211061059
5.765668089329869	-.5833867743553285	0	-.2512272657910789	0
6.132483049810934	-.4908832017590005	0	.3597570396888009	1.2638112559617758
4.790817681009674	-.6384604355585994	0	.40685717187348003	1.9797544369389481
5.114060039404611	-1.5852429618427104	0	.4817788155043835	0
4.755608491381115	-.6840639114999174	-.1934587418550764	0	1.796112541183648
5.794918267989551	-.23531766279767793	0	0	1.457446802287171
5.04939646537533	-.0029480456064970295	0	1.2204400037359275	2.483593714894972
4.210024349964278	-.6563249215336285	.08987754933795428	2.356018125250179	0
2.972561554073252	-1.3103256518656523	0	.30115398690634354	-2.902396326603065
3.4378671850376765	0	0	2.0761832288781084	-.7109162169504465
2.929479362604847	-.3084198999567975	.035575902803217346	-.8689830545596345	0
2.4110478310629833	-.24910436803037064	.6399235135493783	.44791428925504967	1.2579069916570715
3.5134568394436707	1.01756744977843	0	0	0
2.975699540156075	1.3623963758580548	0	1.6096357484494677	1.1546938776373132
3.165543488092269	1.3709942710450316	0	2.0094953273565297	.4570008323422861
2.009788341935958	0	-.8095481431253223	3.0653493699629943	0
2.1755160952848906	1.449439528179852	1.23692909233138	3.0959462661095487	-1.2378935268017104
1.408499213732608	.6433675449133779	-.3955493584551957	.7975260211457662	-.46522290127566035
3.607027286707532	0	-1.2594191160583499	1.6529751531216619	.14502068950172914
2.1048400849962094	0	-1.812138196304601	0	-.9649831422475743
4.366081832281513	0	-1.2554369758775326	.1910345268978323	0
3.8860391951860187	-.07168473948531862	-1.024993496558203	-.441540738739964	1.0240447753224293
2.8357435425868918	0	0	2.120293658769322	-1.4351008922139095
2.477008352073182	1.1745765772029826	-.9860810306656227	2.944759849995086	.22094832561852817
2.8993572600783746	.464780309713989	.4786658920533686	0	-.7659851855429007
2.632377503413748	.7338900897433366	0	2.552028964276649	-1.508356280926498
3.1433695922714513	0	0	.9202614345406573	-1.691865431311269
1.0014769677927031	1.5732364317861767	0	2.301225597743969	0
2.1852549078776367	1.413538218067122	-.2115351055129058	1.2672565148291668	-.08622222119378432
3.111535915647877	1.8358981585075391	0	.475660234291988	0
1.8205277348136644	2.735978760612697	.14786038646073005	1.3317828488306858	.8208679257357324
1.5030544038450948	2.195742892910828	0	1.8587763306141134	0
2.926563093176179	2.025974961475683	0	.16996612556924107	1.0390517348532082
2.3330271633875803	.10634847671490677	0	1.324912342151311	-1.375803668562459
3.1642188783762113	.3697520561549079	-.9153870362842171	-.3561423021904279	0
3.097693563650547	2.538350335903659	0	.25308173109904986	-1.1570232685464479
.4128436540052135	1.8215959708684868	-.9696265010240139	1.5237298638194732	-.2907853835480508
.30383242737792404	2.9099906040310604	0	1.3753587483909748	.5447056654008582
0	1.3612596696224115	.13812901954722479	0	-.19231217859190053
-1.1311251478950968	1.2847279395756381	1.094844940534154	-.5031479714887807	-1.0261412312796394
-.7657230219190563	-.836914785539724	0	-1.2052317870271831	-.6001326336885581
-2.0473125047411513	0	.31977448332776576	.01730313813304951	0
.045213905048960695	0	0	-.33177584201086374	.7554069368890323
-.2627806047212536	.1970246488074925	-.14710353760823452	0	-.2227785186249316
.8119281283945539	0	-.5201986322028355	-.9157864236589158	.9415198817239758
1.4617042291292544	.33836396094839233	-.8053652924578688	-.5217736404384412	-1.1099145988715124
.38039715245305505	0	-1.3701995689217454	.7196448943419614	-.9268245959943779
.844749648155148	-.3046217294566746	.06962393468422355	-.25884682866098574	0
1.671708918913293	0	0	0	.3845958588702798
1.2528837193563633	0	.7821006510162742	1.1628715238646263	0
-.0742420407964459	-.132492923056976	.8817443174359064	0	-.03261938987639368
0	.26778653961508364	-.4799917496870152	.7899900098620349	-.7616041184669615
1.3777101047114977	0	0	.548767315786912	0
1.1434709847845028	1.2104004344813586	.7914411199440499	.6818137706073633	0
-1.8036710641163933	1.2481780584731617	.053966397356729284	4.163809561052532	.36861155896772335
-1.8636213560578843	.11787908445577458	0	2.9354081749230776	-.2767372900280286
0	-.11759264561855293	0	0	.35932134208293665
.025594976977857724	-.11626456238179517	.06803140731712617	1.1128260881998324	.6850365897999315
-.7083287834690013	0	-.6216946484140785	-.5978867233273665	-.08348061667998566
-.049462921588605296	-.8667663256979561	-.3343680521861941	.29242149023260766	-.3167730724408806
0	.011085266839037877	-1.766067532169895	-.03885709534034132	0
.7882900196093254	.33879112863713295	0	0	-.017788005102286952
.7223741236028116	-.8192067411079345	.4508860929796502	-.04477009952830835	-1.1058699842768691
.8186127084045788	-1.1641393310810035	.14754330278814504	.4860665860172982	.5678370328914983
.11917885043399556	-.03820030048161688	0	.39392258349510734	0
.08420218545046995	-1.1153737421509975	.25730467301473403	.5736964300458333	0
.23487557492381855	.25627359216970697	.9699969165610938	-.6311129045627619	-.8882271056508716
-.20929934307778963	0	.9051740510243135	.6928420236361168	-.539153414871257
0	-.09595529273639967	.6933521549360244	.5645662695562518	.7873544868247238
.0903891622336471	-.494747980038549	0	-.15392743374573647	-.30106214157495464
1.471348617161752	0	.3614987213122171	.1603205382805129	.34256134668164
1.5396862019072022	0	0	.6403892268165323	0
1.3542559628108033	0	.34502642183930776	1.1148183934354323	.5145811772859672
-1.6490832527660246	1.0288340925614496	0	.35012268778751265	.4770023978328845
.777751570798355	.9344350306766329	0	0	0
0	0	-.5966448469143569	0	.6499522194670748
-.08078141522394239	-.502040718431164	-.8447285746843909	.5189674689685267	0
1.2981501383655725	.029282211813150966	0	-1.5655980658968656	-.7250096682592073
1.7766658570189908	-.2553363897751691	-.33199117751756274	-2.29541398578951	-1.3696721647987655
1.152091708915532	-.0734093573160454	-.6414263027586011	-.4066392740157855	-.2068567816364806
2.8926056945802814	-.5361642693608021	-.15243988022436353	-.30005176683981577	-.6377023377669946
2.275711405352299	-1.733116086346452	-.7944605987626763	0	.37399378032880926
3.08440604294229	-2.6188968088601015	0	-1.287476708247153	-.016341038766278293
1.8326614729059325	-1.7045604651699315	.5592764336164371	-.16935282161366583	-2.5175107344200747
.6809465438700276	-.10774362219424177	.059560543922061365	-.5190459249388462	1.2761186786408683
1.3544161389176237	0	.5990997601387583	-.013460499469688969	1.1825464198998166
.5939015688531334	.5146546140430502	.033913394625653986	-.6851262633370848	.07748700242863649
0	-.5076193093894115	0	.0421318285541708	-1.3331481349530205
-.22927066639951785	-.3748264291777171	0	.5776887606947618	-.35482663586681795
0	-.6996011900255807	-.9973521339791971	-.21680217357511294	-.2862115841077119
0	0	1.6503313868998897	0	-1.3896475319569004
-.9969934269751797	1.0756682263260957	1.1843443883392586	-.5985173172376708	.2814293444139509
-.7984569346898736	1.8685405412840657	1.8889693895032325	-1.9619200256995404	.6783890195238063
-.9780709497723459	2.2473988177063053	1.833853703381375	-1.5754035918428937	1.438353754694147
-.6580172864498646	-.5894733484248883	2.3079000030967443	-.2641430682339869	-1.814673432145189
0	-.40800738053975943	1.6744442213691422	0	.5977563939373473
0	-.5730713820030463	1.3607407383461791	0	1.7175322547996195
1.5491493434481762	-.7200934719064659	2.0030839946800105	.4050117399254074	.3587388697439236
1.472863604385925	-1.1507325802691686	1.5096568045804397	0	.7702055509802662
3.197058129885317	-.8811869703022178	1.2787283538629697	-.8400700569075965	2.5030419559619106
4.957928668801328	-3.92185877495149	2.4819465112606838	0	-1.1441682663852615
5.909693965578823	-3.3128293584158035	4.273958046213486	.28078882603345734	0
3.0486520935978443	-2.3609836989482242	3.2572052884756473	2.3665609383711503	0
0	0	3.232715545471674	.8980306339955684	-2.992617312388403
0	.2829528222829669	.7124874854173759	.7827063639328494	-2.3211564214690728
0	-1.0268617877563992	1.002004067701496	1.3922268459178073	-2.946908278656416
1.7225667528651187	-.6257399566069863	.5023950551902676	2.3847688127911564	.028203944934044267
-.7450891591067694	.36260774551065605	-.19115739344575308	-.1612279027194371	-.31829600522888235
0	-.6624553078744763	.6385117385011374	0	-.03392892715246247
.3249366290043161	0	-.05203882303572967	0	.4860188122208145
0	.39747295618256706	1.0260266537707803	.6814594173933186	-.579000569919187
.6861500309990207	-.007979572993238537	.5962960787974486	.2692014788221522	-.6331522739444736
0	0	0	-.33947432142204537	0
.8046001611893276	-.2609580014171767	.10611673690717122	.7739264217503159	-.5532260480796132
-.25738012654844933	-.40730316609258266	0	-.658805848151399	0
1.5561582556588052	.03272987788164472	0	1.393773856891351	2.0505868442999162
-.0570117376546416	-.2594615092061613	.270065331075038	.6034789340010455	.30657376834592026
-.44229697431813453	-.9278569201700891	.5391777859383977	.13521826922477098	1.0173988404687355
1.4697379939159518	0	0	.8237143501111582	1.3797630866902408
1.5773959990449646	-.3280368254512383	0	.8626309931759832	.7666471412142253
.4305350117809333	-2.7120618855847263	-1.0129016209510782	1.655882117621335	-.6247413078856214
.15919668519811814	-2.8169842158828344	-.7719263835567663	1.2014188022261894	-.12063204873078148
.9523731477307318	-2.35367149289454	1.3677386388576578	2.821168495010319	0
1.745800417971686	-1.5537850513574343	1.8194602250521064	1.1470027048083056	0
1.2160017810649462	-1.7487978407294016	1.2093359857914385	0	.8609840381667462
1.8334104500446355	-.5283905208100403	.787108181558003	-.9361881358843832	0
-.15661175096148933	-.37925779741934584	.12964117488827198	.3177278284184213	.5082763726853227
-.42308278753589823	-.21152997573898985	1.5961937669812762	-1.292009995705325	1.0856580083288128
-.28272770789117946	0	1.3311572384492447	-.3558392209435697	.19823789718297263
.2010634900471924	.65978586616334	.11932314594393534	.27477013953551105	.3672817536120183
.6793673925163324	-.8475958251674269	-.019955722701990593	-.5385459264628671	0
.9330386161016279	-.6794766234138788	.873941727429046	0	-.4027959158733385
1.7941167807571223	-1.1378010006376351	.7329706798317958	-.07230692669983979	-.2586480493626737
.8046139649138092	-1.0708958379884266	0	.3971159841210551	0
1.27284865156697	-.7313144024195259	-.23503692406629928	.09404280829830436	2.123793996931049
.6981305542542506	-.7043199815307606	-.024373643162890313	.07595864735153668	-.37291450902600604
-.4531749141616723	.03703743331850662	-.146382680741439	.46433196869383936	.39334957679853816
-.5935283636526768	-.10379550702316025	0	.24320551241271587	-1.2630196153702382
.7885273921739403	-.20103865566502827	0	.5596704416827409	0
.8889878864124894	.19364935576454959	.5283930914243485	1.457087224453414	-.08327652497248791
0	0	1.0041193784065707	.979582348946886	.05781667493821305
.8019572724092059	.8302254627736996	0	.8866036934638483	-.26145173206535977
.5668061164888493	.06886692113690504	-.3863734611334819	-.2637646067775984	-.257845505046786
1.14133234294487	0	-1.4826357393892016	0	-.43014491275705913
-.4614356480640064	0	1.1120166180912188	0	-.7077130688292471
.39163107800258246	.3533557411628574	.6483172721610073	.03537937992751189	0
.26439939529114465	0	.818509736111096	-.8508576737997997	0
1.150058908418654	-.622514989649274	.709038294895877	-.26354277106632085	-1.050249943735785
2.018927178230535	0	.9705868844068599	.8397170033031708	0
.3730068718404275	1.0130164532048613	-.8973320748116603	1.7550806799439762	.3063115029223554
0	-.003993801439955119	-1.0239988007414889	0	-1.8476854058532945
0	0	-.3078678724557693	.14013410149639077	-.37052736482361237
.7297869307645204	.7540150689294868	0	-.030325088898738972	.7258718184033123
1.1698061476168329	.42590432673136003	-.28240265153098354	-.10715530959732814	1.3970250848596741
2.1593907454012937	0	.3428672697982382	0	.3339187011653463
1.4302715102986694	1.0705176995155254	0	1.0587402167581077	-1.2783309374244762
2.2445924216374684	1.3774524362273053	.09419993892097456	.8580293370082468	-.8920940125572525
3.4857198967654015	.35462116048065817	0	0	.6369802506282273
4.913554390058748	0	-.4720378836827373	-.8718939434777231	.4805888639251112
5.160127051291661	0	0	0	0
2.633512381973453	1.046624422234501	.07170161691117896	1.310964808989669	.08276438901001615
2.2351294424745305	-.12006763031591244	.710905444846696	.7039361618372101	-1.619649114116441
1.1754151207585464	-.026839325213147427	.1245351398118239	3.9430408378083035	-.6566606007054023
2.0977175802595296	-.4271945626898613	-.6836639976420489	3.610917629354441	1.0289804257269777
2.069016950515934	0	.786963006111018	3.163062894689004	0
2.154433378232509	-.0973003428860682	.9130258406962478	4.77147656554049	.04935084850936028
2.9839143313375134	1.0668440271359598	.48951824466090554	3.8282940549154185	1.4916602991264991
3.843106890820745	1.5869285445963452	1.1322491080948456	1.421116078032388	.4166164907948805
3.5091987307180297	.40381356649799477	0	2.5057209611982074	0
3.5526743872456388	-.8258964889014276	0	1.9626203899279502	0
3.294738129301486	-.7854402392305674	0	3.8578568862573346	-2.4497040416298037
3.735786104721959	-1.6216699438709226	0	0	-2.9023805587415095
2.7484299846147486	-.34220904268942864	.49477457298894295	.7740136331288353	-.6495061980925186
2.1211058185273557	1.1660782473268985	-.26636267796192203	2.0560538796108347	-.8899634020395444
2.180496536293262	1.2066089577983092	-.4975555779313534	1.9873370522129452	-2.036030969678773
3.157973661255598	0	-.30219982563992737	1.811841963263261	-1.0390511770912665
1.7411311324347865	-.6956118264402615	-1.0653313332941867	3.64568648218912	-1.4311493382363896
3.2719954671809135	0	-1.0618334539729364	4.72975290659629	1.1876615392882979
2.459180652485867	.9022109151447171	0	2.709569341128564	1.2203821112082236
2.850958286108373	1.1090525444914798	-1.2497904202893433	4.644078985966792	1.6851513600907781
2.5390430230840355	1.3681005648474938	1.0510276964602707	3.1929335879753085	1.191028588876032
3.5822578947806325	.918622720329599	1.866645989254001	1.5041202025383693	2.241323679259403
3.3534314189825345	0	2.552230786539016	1.666396613491034	-.2754350141071021
3.6401775600359394	.10232245350659024	2.1792675003886	0	.07478329740115042
2.7830204284917675	1.1695250450570516	2.502614506610427	1.640489427510743	0
3.570186062353617	1.0372132683512536	2.5702258146224697	3.020847377158071	-.3120339517981977
2.370924881001623	.7899394445034826	1.3064875898494894	1.0916292989738021	.12645159577445092
3.205661722947333	1.4231375665080224	1.1358768605280292	2.0762196885752604	.4885893311172198
3.2329458068484356	.18187717365106854	1.008976926779528	1.4703696715753787	-2.1938349594165354
4.028428818102664	0	.3347716873453832	0	-1.6832554627738052
4.1644214580834085	0	-.15006858952505364	0	-1.2889906782067868
3.0153762813659943	.6655277438558631	1.10249809452052	1.3386955807146	-1.3976023572661878
3.335353172751594	1.919635804961974	.9250778564070794	2.2953775492953024	-.7524815277940531
2.841249147307814	.7955528450840402	.4635730486959265	1.371720412443571	-.7568049290141773
3.7546010072434535	.8877071191609416	.03947210890451314	0	-.6419351258109871
2.843465100327211	.40576524388893814	.48494010592695114	1.4800909016280104	.06838557135727408
2.860161314170511	.9842756471380221	.5478398765543162	.3088432202427287	0
2.2756351292647183	0	0	-1.0752252509656133	-.7050659820754708
1.8726256950408149	-.4783367344871152	.26644590034984345	-.9631612541255489	0
.8694937247496883	-.8153191854779737	.6274023242015585	.3409190898301367	-2.027640847247748
1.6571650671391598	.7270235063755273	0	1.501647669914803	-.830738465092284
2.16380806158943	0	-.42150673797369365	.21759543914584964	-.3246013027061603
3.092317772740557	1.957373417336792	-.8583979763206517	0	0
3.5795317883067783	1.7759205696114624	-.8448371735099337	1.3239441987903333	1.2917335644166568
2.765690775022817	.7623255243896184	.5625228809419445	2.212537590960437	0
1.9877354027802676	.7457710794363961	.2919639205075584	3.371257991952602	-.8195561046747566
1.9703469522082868	2.650478975023016	0	0	0
4.029544415539576	2.9629191962289805	.25587114278840556	0	1.8196384277904185
3.4435169016708986	3.382721598160545	1.3744126864821475	0	.5445564294729812
3.1569991670262816	2.4880700815935084	2.668989208438043	.40368947647185105	-1.9376444632927226
3.595853490648495	2.079047603139239	2.1739742165121276	-.21553594489508388	-2.3891480431046506
2.9110076227504718	1.0678834599286673	2.106705141562459	1.628570911373166	-2.0852845238016924
3.1428232137857415	1.5414867392608065	1.3711050183564177	.7627954400958712	-3.4491398337887103
1.7638946371797446	2.1759633753868677	1.312482385980602	.296920884327026	-2.040881763582728
2.3079471797240103	1.2834227811298835	1.2445984806214072	1.5249549312199804	-2.3757505738454
3.4431272514330304	1.0506268770162017	1.274435394734473	.3529852895760902	-2.151421547394625
2.6062385054728052	.6319599965880721	0	-.36882503408479533	-1.970550247521682
3.5714315325293295	1.3212556819468975	0	.6115773162874315	-.7282939894404785
2.1245252510146106	1.4591931094369135	0	2.479795578453101	-1.5465422051828648
3.4291854128994292	.8857867399909354	.28580270666408225	.38662784530242605	-2.50744271660838
1.7481983545706181	0	-.18942902301116374	1.3598550206487892	-2.481478551418025
2.677018066064413	.8623467175933479	.3459443346377126	.6526782253840898	-2.681173209425323
2.240030550997061	2.1170681886259564	.16953235226891544	2.2788839751107797	.29183631239431346
3.417728538506308	1.7911839119484085	.7492474599621828	1.2106695179376807	-1.6393183692887667
.8626017645107811	.6262138078137578	-.27250525465699027	.7922268679187546	-.7976137951064468
2.392427857994128	.2964495285452065	-.8615780427348775	0	.8941398714929335
2.9233318462100417	-.4536607807717824	-1.3580133808375576	1.6606237382805513	.9564668357021884
2.989786622641429	0	0	2.5289032497014183	-.38728713198792103
2.656831434152942	0	0	3.843364626514375	.036783382601464076
1.694948559775351	.32038260193910567	0	1.479726652364999	0
2.1593823561356356	1.0562114073082731	-.4747497511218686	2.074375305752176	.5881993939531427
2.524323743330173	0	-.11976676692955082	3.2340700680499217	-1.3945618107404392
2.7413969858368636	0	-1.546299201229505	3.9975400604922515	1.1376305401973625
1.6950065953959288	-1.0446381645642833	-1.7730900482662904	4.882601727974034	0
2.3609827903731615	0	-2.0465994774836576	4.523501306974839	0
2.4408122870767133	-.2929471119926761	-1.2630739709536118	3.063987501905349	0
1.2524772680280907	-.18549819897505232	-.923834035707013	.8253870244390997	.3594131963563316
2.6183314005033775	1.1674370633065705	-1.3017787127648481	2.1307836682050123	.9031677071429385
3.066359907535508	-.11645782870806978	-1.2390331862393476	1.6679202513407256	.8752131225492561
2.4955248723169223	-.1298110754693473	-1.2248813843132573	1.9608105600206558	.1764776047293568
4.262284679301562	-.6085596096056023	-1.5177615109821923	-.3057116473682509	0
3.9658923972698874	.0056449018130178	0	.7272989881260343	-.4594850441483534
3.7417072495334462	0	-1.1070388413478809	.9395198296848395	1.657718038261075
3.869920933185609	-.4069411377463261	-.03243302796493702	.9790243177129699	-.15380911458825025
3.9271831415006835	-.5563995380886846	-.11692933895254708	0	-1.5156386793626793
4.727931222680095	-.5245207292418584	0	-1.690015437380496	-.5514981126013846
4.256056540311188	0	0	0	-2.9494159569853204
4.22843703192963	-.09135268302203942	0	0	-2.3801075981549324
3.6597154970568697	.02252404022193301	.5415164792827534	1.1071201001306226	-.9897937448342367
4.3426916722037925	0	.41456314735092376	.5983646447643055	-.8468299569876665
3.5777079869083512	.4093508566266848	0	.04473219691054109	-.4456520093684093
3.4406354968082233	.5611352187759755	-.010961153120167155	.2579919064799288	.3411228659718111
2.7246144023695034	1.667446975900489	.5266185262710856	3.7453555725947147	2.081500308014353
2.5795400973422256	1.7430293216118051	.7076224712148333	3.241885257327255	3.947385731372627
3.0339444858994433	.32620373241890677	.07641736465237413	2.268706784311844	1.3534101330476387
1.3797273372805752	-.7917743096426136	-.1278685072226915	3.785828853387183	-.8237984367286154
0	-.6636914924693307	-1.078991660487213	1.5331758372826565	-1.605753588077432
-.20365780338808304	0	-1.3566511333545463	1.6357165768319533	-.34752700585744634
0	0	-1.8165938610631485	1.5733553994223577	.521592380461736
0	-.9100861850914123	-.8996411237481566	1.8855548694110205	-.7520049712568928
.5494683502169945	-.03605202608607237	2.8068491592934626	.6544765071025318	-1.8469702184479952
-.07631577889621899	-.350152671472477	2.367595403821743	1.2387335631484566	-.7197730655756525
-.2002499653193779	-1.168030617772589	2.066423554574326	.9379602880500533	1.4273333700269304
1.403818987443076	-1.5940794319115428	.5738995992162096	.8781260781287985	.5553673627763287
1.0819073559640962	-1.1443372026266714	2.10737684946247	0	-1.686436189960949
2.229972294372713	0	2.3507706517930953	0	-.06450268807338237
1.888303697158072	2.0766246448620804	2.6134826216795775	0	.6080005131080068
2.424197457125581	.13370801313360553	2.013423975204851	.6831253323788038	-.6701453262272479
3.218291402581189	-.5947492148057332	0	.9538588359040421	-2.056213951641287
3.024094871202935	1.0377101590347464	0	2.2577257529814765	-1.7945692620748497
2.6289729298698985	1.2797752315081	-.16917279273655111	1.7933016706516847	-1.3104139631112857
2.9315306659014095	.6343415051067893	-.9975466874828938	.27875465037191066	-.01452454664506364
2.2267797401138347	.6624784312708067	-1.182482973063601	1.2273628624985293	.41834842756290663
3.212960812087755	.4490589311749019	-1.527160625323212	.9382584316435135	0
2.9447315225314825	1.5938802558401568	-1.2084860362459477	-.3820237531816889	-.4255296367426047
4.2503877566163935	1.6471582085740681	-1.9738625674695474	-.31190980954210507	.1109288619448255
2.9388074116229825	1.8498638471840951	-2.109796256609425	-1.9663485871950566	.43791925871041293
5.465195736057655	1.8139522712177867	-1.815638802313817	-3.4428108680959872	.2287081723301244
4.3798342074105685	2.646429991783352	-1.48407136538927	-2.4459699753114554	0
4.328931273247521	1.8683476769161267	-1.2134786777763242	-2.9046439798842423	0
3.617346228633587	1.6067059969611772	-1.4641952159521483	-.9457782032349247	0
2.9830420669203956	1.8999105767188524	-2.0364690279455426	0	.5169011497583436
2.466715668070697	2.315534154176791	-1.791031171357823	-1.0364061357845622	-.4221396113880276
3.339418512678312	1.6679344233798654	-2.244843481290036	-.8377147797972072	.9208036996538547
1.7404013676589418	1.5439080292916967	-1.9882076753957376	0	-.3143496967992991
2.814055327962008	.637269770404704	-.6640427401947173	.005984483631344961	-.25850016665905673
3.2424491339923835	.7858983993902796	-1.1393638963699864	0	1.0646778166130009
3.225921664087829	-.30367623692512336	-2.155198240610055	1.5533154677058623	.45210153714778484
4.127648051809674	-.2541884038004839	-1.9767472758991793	.4979625929508489	0
2.564617912862094	.9824735899411925	-.17632788220720796	0	-.8926084187382453
2.4725208864034256	0	0	1.7669383669114471	0
2.7550115184554986	0	-1.1416215206308211	1.1589969779230644	-.4841394115876422
.9406323187280119	.31769686159914867	.80456455226447	.31038500340505126	0
.49014934100326535	.44073608805438647	.1565348882192114	2.3085825067189587	2.0636253675778478
3.0250790335548925	-.0548787302522295	0	2.1383574334549267	-.45199963506598273
3.0387675677512997	.23259151783949406	-.1559131664648512	2.3814489930041622	-.8848972886630315
3.348440525355852	0	.07003557505294322	.8179723584216536	1.230525676953793
3.5253560176227774	.9936239575854668	0	.9077919712061603	-.023228184263189844
4.082669890890569	0	-.23254365294381002	.5166195985856226	-1.3860864275787304
3.6816415961809907	-.7879104978217513	.02932906015490777	-1.2155993831060115	-2.6098747294332507
3.6162678679946936	-.8560461274304852	-.16257185021839043	1.1466750013514055	-1.9981996971439677
2.2983953813107356	-.36294612936608556	-.12239548332649905	.17176605909914724	-1.0404473998802874
2.2053629858764667	-1.503894940787421	-1.0210800777011921	.9161345225358964	.41656369847083863
3.1820366504617135	-.471922052789555	-1.2990280883877017	-.24918540738772266	0
3.500021656625355	.4923902872769126	.019560741729296456	0	.49486789377373175
2.1301376025965557	.21491149519743863	-1.2838374465532305	-.6792113776818489	.013171108078899985
4.216322433807728	-.20279739156305046	-1.9703635373523631	0	.20976764755752142
3.6940646828492096	.2969128860210846	-1.8647947414465735	-1.4224148426787764	-1.0505561626795799
5.073594510835406	-.8795245928615362	-.5302814816943251	-1.8394358394858858	-3.4717154991909234
4.510924546748967	-1.4074647046733442	0	-1.7445002503168263	-4.580362237418309
3.5781177483273257	-.9320937768021917	0	-1.0502396544870702	-4.786602951131625
2.6237647473151062	-.15728930432521915	-.5725744988243755	.49583386856479394	-1.2940602794328986
4.523240655180318	0	.11058852145095482	-1.409481973116234	.4757291106313247
4.064143718252077	1.3222491820081637	.015323803244145343	-1.1457513347020067	.8816637458513739
3.4879492122425777	1.092074256300676	-.17461666090487532	0	0
6.042749816869668	-2.1449492755443336	0	.051995409407480375	-1.3424645664394288
5.262238625109454	0	0	.3643939991118897	0
4.202841582528226	0	-.13639358756112646	1.9260515853933138	-.42319687745961815
5.046226643496524	.2677223136898778	1.1189586544155594	.867452767320039	-.04494773854869018
4.00734202718735	0	.5702045655750063	2.6734166249556806	-.7788055670883919
3.469783188415452	-.5232104896716236	0	.6271186049793676	-1.647153065953426
3.1873116881529504	0	-.8515348897108332	.28288820471877485	-.07581613329714848
4.137657858847005	.8635086978527575	-1.5855263045829102	1.061430648720694	0
3.668172348464279	0	-1.4584964809688277	.6430512381832054	-1.1362381472555212
4.60757320445071	0	-2.465069205642566	0	1.1266122493811561
4.304100145916607	-.2126179420597447	-2.456917729707926	0	-1.2812996921918063
2.8942456105966263	.3558241748521911	-2.2631078903521846	.7030872416325591	-.17931801931634667
2.6111368037692104	0	-3.760782222398171	.9775966538365348	0
3.3968344484458783	-.3058532210688855	-2.9000240719823203	1.5821053238561407	0
3.8535567815797798	0	-2.8175705086020346	.13770607954344277	0
3.7181571624275755	-.07715791767532965	-3.5365334392597942	1.8467356110198017	0
3.6470014309224585	-.274769848101672	-3.027315196184477	-.3590674343992638	0
4.19531291841549	-.858177795077723	-1.967319619578869	-.6633752259191521	-1.0594324691238615
2.6178216692228986	0	-.33118690804134393	.5400224557802331	-1.3726015737847024
3.646207389584453	1.2089587601303904	1.2918510194198856	.17907196053182745	-2.2136216188442868
3.7465486685265956	-.8803418106876642	0	-.4458422144158861	-4.269083758671854
2.3288626699678017	-.7687135603959409	0	-.6132103418110841	-4.016890466565379
3.1179724838718195	.01536230073835776	0	-.14864336137314482	-2.159824377817245
3.7262003867855507	-.4112009928506313	.12292381016812842	-.12349614639510731	-2.766404688142753
3.840209974862977	-.15567550976017952	.6334142826134039	.2401868146802002	-1.1093633089632826
3.424322804581717	-.12026877766253918	0	1.670555878585269	-2.0081836765241503
3.3798429905014777	-.005935080883925609	-1.1069483576912738	-.4928226884814829	-1.6211524316724035
4.152333405246291	-.7417575108678243	-2.07222364019326	0	0
3.5310354800441344	-.4375385075751985	-3.4902609579229087	-.9396276196244111	0
3.999646674822012	1.0134454889582003	-3.0060460672240374	-1.4401339776377815	.7811951425650084
4.191128023910788	1.6001662688919978	-2.674293640204426	-1.3236483687742764	.33479284550644406
5.420258513619776	1.1436625534340108	-.9944297762850705	-4.372041305351449	-1.0453416704434826
5.138990256494728	-.3119637242696168	-1.2881562926577887	-1.880348528937769	-3.2222514608164157
4.273103655212085	.26126955630552534	-1.0072548312393608	-1.5947008848791648	-1.9551882228205189
3.52172653118567	-.057643604489781536	.09630315497915087	-.33717437927355287	0
3.3454181794404065	-.31334876738523515	-1.896635422967538	-.19027584990838636	.1577619463449905
2.980857831265961	-1.238279209140317	-2.4862245221528276	.9050042250556456	-.29793608449306713
3.9460303903116927	-.5510546061217116	-1.5022675587655774	1.814163046361283	0
3.8340854724022684	0	-2.2670720504363007	.14857263444234714	-.9246886694924447
4.5821060463025205	-2.2595166981677623	-2.8284056369120822	1.7948464147110221	-.3388996851958561
4.864276581286601	-1.5292094494769943	-2.845548952262608	.018420659827742658	-1.5999956681595817
5.167519436848281	-.8961220004106034	-2.9639993991823417	-.2431971687625658	1.6237719487663904
4.808873475827719	.31253104151651934	-3.3369374022631213	-1.1805190946751707	2.808612799264887
5.59882603058066	1.0206313185322395	-2.4631218535821726	-1.8724476116869924	2.2141220916997395
4.727297536105322	.34628441626773687	-2.0799441271633996	0	2.1888256879775234
5.170518061633064	0	-2.090698777905566	0	1.7733410231068436
4.759471901513317	-.21130983725765418	-1.9519144727082938	-.23909221608735465	2.045838235613568
4.685055696143299	-.7909037873507618	-1.6984304352452078	.7534503317161712	0
4.089424382211465	.48866758580318886	-1.9665140020928573	-.22866692323159984	2.011438438395694
2.520423801952978	0	-1.9767700977595877	.3167756852751741	-1.1416851850444651
2.499540703027948	.22165127763455797	-1.4824718711588716	.931903486580426	0
3.529763349932825	0	.17062891970658067	1.2025209291625238	-1.1537579133786986
3.435098768383166	-.5498746976673956	0	.10159752696330038	-.8788828979267961
1.6325461587198025	-1.6985108336944852	.20090582012866093	.5669918833461838	-1.6477811152084272
3.057802578031732	-1.3109061543863865	.48991244638239356	.6870893666144926	-.989683846523868
.9572198215769264	.18632547983391395	.01186877104855473	4.163611313257556	0
.9453235977697074	1.104385512490667	.09627607669597588	2.7886015600618155	1.087480697976034
2.653120275082726	2.0423039085366566	1.8128434143145078	2.4518145099624853	.9213579021136459
3.468717499466443	1.0293720960225559	1.7947031237559221	0	.7118496672527606
3.1893527677167945	1.1335299308015159	1.1222587342814747	.23754354120254512	0
2.792859077592488	.6503738246850157	1.769810107380811	0	-.2694846807795361
3.049042809615737	-.15486627732668656	1.2910747125560464	1.5474230483607534	-.7310786492104265
7.169653060459031	.24720609982938085	-.12485597478385324	0	0
5.765988765285792	.8804772592829324	1.2780446945111468	0	.06074165386687287
4.3123618361189555	-.5298795865389279	-.1280246000639971	-.012975232107671774	-1.3014978314451273
4.620146115316	1.041917924170749	.5565812597550159	0	0
1.1889902261464171	.1025351087593726	1.2790893462729642	0	-1.217018416190056
3.9350332019116294	-1.1634617358673367	-1.071393078652103	.1657576077224937	.08959483730640627
3.3658265220086507	-1.6865957819707778	0	.30017885285755136	0
5.8959645901369635	-2.696903547218515	-.7778493511700225	.14668076513123057	-.05586329945280383
5.454791236281786	-1.8931402931760164	0	.8427203212651968	-.7718132057594588
5.149797350595023	0	1.0094219881818987	.8969115668193837	1.1821129635246876
4.568307770977248	0	1.2184933092107895	0	-.005437208942040361
4.544445760456395	0	1.4493540440977426	.6012238907599452	.3700371357744715
4.158969228421493	.4480408401873117	.8823350460639385	.5733449939308992	.6315209299353923
3.9345472344649877	1.607134385772929	1.9027695675623586	0	0
1.776876001290137	1.5613033311702225	1.3822148045883922	.6083256069886573	0
2.184112553566407	1.022587313409063	-.07567191793327926	3.3541055444949635	-.537707710110896
2.2473173541705727	1.246515507106698	-1.170485452784188	1.823336739365863	1.5856850944446306
3.2309029776600546	1.0516545061718254	-.12481897914667361	1.7306960242788851	.3847454154539323
4.400895690254893	1.91965350860203	2.140826567814193	-.8376755531713895	0
4.411676728792593	2.771865990229803	2.8455270474523626	0	.8122103697431231
5.215768825991095	3.6713317793203757	3.9167801682888372	-.3297494927614082	1.5064013853420197
4.310502583525384	3.3698038157384715	5.014221065505091	-.30445419353709435	0
3.367337578532375	4.197623084729525	5.411126302150086	.11520726443359014	2.1538675288736906
3.5418226562537543	3.493169251882345	5.585752882203862	1.2957600952943107	0
4.076403745489557	3.0944194514500722	5.737396030569872	-.3492124812861311	0
5.334509583160283	1.9530123723653068	3.312701007874191	-.12352542731216742	.8289933124511318
3.8654304493200184	.6761963228431576	2.0419838696961916	0	0
5.156585684377415	1.1523244197875604	1.1302176957728933	0	2.916795334093669
3.6815333130627668	1.5347549430667358	1.294054697927915	.19912262450017953	0
3.921279922415807	1.0865065650786714	1.3809767445312866	1.8377966349099992	0
3.8611384114595286	1.6754195480488168	1.0038409535868733	-.05255265099865869	.4805490745120345
3.8287683779439607	.7248118505308179	0	.5559688548055379	.11784996065855358
5.213287879174368	1.8749685357385137	0	0	-.5633027952167482
3.0755901837259514	.889932065174112	0	.18121012826411542	-.21625607744371994
3.201257487541735	1.3546503237539673	0	.7700519497654713	-.6653775101962295
2.0155935673174303	1.623820377825482	-.34563045125970127	2.4945215343498313	-.45104856837968277
1.4977839676640068	1.2000637726317676	-.07090086157979114	3.951066671803392	-.01525552844732625
1.3160274451500678	2.0111327603365208	.5261683718029118	1.7208011812074746	0
0	-.05163951557520585	.19180142136599104	.6856142289182372	0
-.4605566504772111	-.20762634830529828	0	.32030039325352444	0
.8347904724325937	-.07472704928223639	0	0	0
2.241725851076228	1.2419600069847292	0	.895067325650261	.243177720567854
3.3063327999363343	2.905667464484249	0	-.48770923698648466	-.17952563784502634
2.565135466809166	1.2997309029455313	0	0	-1.1749759266583617
3.0299599696826207	1.8376202519299834	-.120426113423279	0	-1.5127421565430823
2.6586128660826436	.6647086881886981	-.10060835327828288	2.5764388661925564	-2.9954236181988567
1.3749705830657775	1.0173145628850802	.19749890577281337	1.8987090313801787	-1.7616442774135503
1.235263074873095	1.2269894389617786	.3231123426243696	3.0850612247336224	-1.3600948886461754
2.414058643167374	1.0228998178488073	-1.117762657761332	3.1299928007061415	-1.7813743133987858
1.220728591097978	1.0104579330744625	-.48451023672037397	1.3349003311128436	.06860361301271267
-.13492513924920949	.36804698875531594	-.039992394436623085	.42596369119236577	-.05107489311982792
.8658945133171267	.925052879371326	.0558983941058172	-.06773991203616694	-.42380834379793014
1.4356449062789862	.8426638314512369	-1.149167328419539	-.39179797233179475	0
1.2312099814591253	-.07276395761500608	-.9722637324209251	1.4354272049909338	-.7853543162602976
2.71418162057014	.15089630373080776	.567551367687125	0	-.23214523903570428
1.2697795614530352	.023710241672033533	0	1.6228338585436102	0
3.9508373467510887	.11256334516170498	0	1.1973296715771153	.8876057875098738
4.474819126239734	.031218972661371275	.22249196684577632	.3738220351016203	0
4.0962128477144555	-.5527884778926802	0	1.9019269161550352	.028335505538870986
3.8906573049983524	0	.5158789001997179	2.225615318819178	1.197082010672604
4.515731512619038	0	-.7942799206086038	1.5583168715102844	2.4736751359630094
3.965517656780072	-.4320360525254346	-1.834478872129322	1.7508110768263079	4.013896212923986
4.488691876157266	0	-1.4923128019143381	1.331267720291756	4.3918681921560845
5.542516018860171	.5714245570550072	0	-.44177029119335626	3.59409431058017
5.312561567406217	-.9814642732821333	0	1.2739843184000708	1.414923120051117
4.538274382086183	-1.5463810077717286	0	3.3047536838132223	3.281066531778567
4.9198884207677365	-1.1318865512534528	0	1.9518848205554515	1.7160008022590543
4.770964617524561	-1.7007911221307281	.9264877750173035	0	.27595787619104506
6.089907351964661	-2.026799241822638	2.8740099125518372	0	-.25218304015193116
5.544651588561321	-1.0873242016041502	2.2499809362819567	0	-2.4311889052015165
5.915466932008924	-.9821412577908724	3.6888442924986062	1.690861057741419	-1.000465452943594
6.01481523135288	-1.4733541530149386	3.506749414231761	0	.1099281395107225
5.195023267394911	0	1.948794436662333	.7681955877768775	-.012106649253155938
5.966514317852058	-.5554409403821816	1.924030610816764	0	.9536798207486461
5.922953376602274	-.6769144774281863	2.2672217734021474	0	.869420628733623
5.666335101538916	0	2.7168729139858616	0	1.9734536513914558
4.908989220853362	0	3.291268183246547	1.0695279534394033	.2862727750955608
4.698639142249133	-.09501889034968841	3.715801249169566	2.1415697652695176	.9183485314095794
5.2287347129597	-.8886229702394212	3.228422631189169	1.6699693348788383	.27472849300855706
5.777211120120798	-.9035550434107775	4.428552443477927	1.535697762073236	-.829453533630061
5.697843674469027	0	4.664316002558372	.10801664322634741	.7706208661397962
5.686055243888241	0	2.69831764647917	.7520530471756403	1.881772487320051
5.541705485333033	0	3.169932854449842	.22426006318618125	.9523813646316948
5.352083883967152	0	2.7254410809618643	0	.35065231864164037
4.641553419225456	-.3978613919115833	4.461163846965837	1.9752789058326494	-1.581113875186327
5.18060976205753	-.2603439508507796	3.9836204946460234	1.4727412170446696	-.31497521221600444
5.5521676391189025	-.5517774401142432	4.265795536481376	1.2689798128890462	-1.6521178400413516
6.190546028095119	-1.6202275865922109	3.970682943653203	1.7259343787996857	-3.584653130763411
6.607143938358749	-2.5354412367909545	3.394753204056681	-.39315250394737633	-3.624862984503871
5.974975946002758	-2.4057563856809923	3.7711166502275404	1.2015115857079492	-2.6685617488133198
5.381884206965017	-.38422533663391645	4.766241541921517	-.2019463446827871	0
3.6506910445101766	0	5.208917376302647	2.274367788993238	2.101360237700981
3.601710723941305	0	4.16279100274228	4.45652454118572	.8194306555546096
2.0828574866296363	.25861883958733706	4.022819503536677	4.148190510268768	.5372850575756181
3.4641114540059506	0	5.118294354203228	5.1924631709120685	0
4.093000516090385	0	4.3128925897262755	4.298038113312529	1.1062171171438244
4.4935773425520935	0	3.986620344519508	3.875058772510387	0
4.142671711045995	-1.2116323311556905	4.116910183025739	2.7229401539439073	-2.739558485474112
3.707827083141798	-.3407325663529461	4.157385664249452	3.9482978356644027	.37145597017769716
4.946885320091951	-1.3390570413196985	3.809259573712474	2.4359087804489703	-.9364968260631097
5.819299535128386	-2.6412231792641023	2.592220089464567	1.2565528140330415	-.1586992614859239
5.372621760202317	-3.7188992675804244	3.05704374266744	2.871036384209088	0
4.2174672627125185	-2.356748810620532	2.0283127764259197	2.458110914349517	.9070244908362349
4.727864977194035	-2.361207597886997	2.2144507908282485	2.462554405001882	1.304644280356028
4.827458951728515	-1.012133151305858	2.0932173632131885	2.6335206240807674	1.9610096355029984
6.216244425760587	-.6402046452728827	2.138137446741036	1.0277202119950963	1.551826534791495
5.632797995759151	-2.9598178142929923	0	1.034895936603096	-.6751365475788143
5.685985402478805	-3.958467636090047	.7408759159582745	1.4095406155449672	-1.9609616313471168
5.713155951821881	-3.4107485273924554	.6570353310130058	.5297232946252384	-3.1408162476075416
6.006242671488344	-4.002961785764797	.0516780196461325	1.1380470428906617	-1.6474629791838122
6.358434422437865	-4.857481502749604	.43796908943258295	.9286494860984402	-1.1890554659688135
5.59032794764971	-3.7949442706352374	.26879556163256046	.49644667104444035	0
6.23250761035008	-4.544662312964013	1.1343371826521589	.23889846420737382	-3.2475826082230355
6.048996363966299	-5.137530158779414	2.3507035720363314	1.9248736110056675	-4.874567978650965
6.0901138549023335	-3.607891458941827	1.7240841341826147	4.0229800673925435	-4.696747619557539
6.243216630881495	-3.9101307929999134	1.761723003629739	1.447128535611887	-1.2157833869385293
7.143646517857521	-3.7033874588125935	.64300303597979	0	0
7.01094622950726	-3.275421290624424	0	.6420886255527423	0
5.989314483731157	-3.876124181984241	.2560833295899248	.9797344597871674	0
6.426714047735634	-3.445906509116536	1.202929369475908	.3689872729156754	2.1261498123384137
7.543911198220307	-2.4411831740751953	3.3859752503792038	0	1.7392208675775422
7.245915777252447	-3.517031128550605	2.767637899665906	2.1020409679677785	1.6218207889400558
8.736150819990048	-3.0737732906004975	3.2179435277195725	-.1898935678833505	4.085853020490506
8.781062720598918	-2.049391484402822	2.67020678027148	-1.5401849266231804	4.6699640456328835
8.234583737862685	-2.1525993831307733	3.2702178760932457	.20015963375194393	4.23441158180291
8.90563878036917	-3.0908106365602817	2.8827293728541665	.06855273471439696	3.0833172155629827
6.809093261502429	-3.5638625928814607	1.9156014472785818	0	4.520949841487444
9.094075976607575	-3.043177295261754	0	.17050097448585455	5.622774639507566
9.000455603089591	-2.678584874516484	0	-.1015750631541513	5.97017941115493
8.042639887260933	-4.037993596796805	0	0	5.525169574703565
8.594843323512446	-2.3932093511974406	0	0	4.2874653162644005
9.53804754285942	-3.096538438930657	0	-1.88727114373481	2.0540307467793153
8.289864362510487	0	2.632994801041514	-.7825407012768675	5.195983251467538
8.659040794269684	-.9384633181613229	2.8760278669752855	-2.2887858030413626	4.977055931771846
9.008766966667043	-1.020364173464264	2.551935866126416	-3.330925245976979	4.7516241315993435
8.49157632052074	-.04694047825293303	2.0613809448025613	-2.3965593183907727	5.372497018006213
8.89933507796842	.2057346492242438	-.16264982714051712	-3.1471518309219984	6.742470474957003
7.560841306273832	0	1.0297229210731973	-1.1481796268071414	4.800271062647087
6.946514955629613	0	1.805696422573225	-1.1983680143862756	3.53553245102418
6.626252753510004	0	1.1907008393768765	-2.1491631056509077	3.504412030547087
6.965458321927539	0	1.502874812262922	-2.2995062333282954	2.977685372925838
8.1290289209421	0	-.2404531943581521	-3.102767389549595	1.4877254034519707
4.861341332350994	0	-.6801460948621725	-2.4578008613529367	2.573405424715869
7.033694941962108	0	0	-4.183573957127589	1.9139143242200114
4.847200058702444	0	-.6914370230441159	0	1.6866167349130388
6.008769711276258	0	-.8708020731847521	-2.682578375442906	3.104849745990456
6.248620238683052	-.7175497532692499	-1.337959169093303	-2.657606312375208	1.8962046816458358
4.899977944268308	0	-1.1269908912903397	0	1.2920856214177001
4.012179096187281	.6841463954499669	-.250364957573087	0	.9107732245844451
4.293622051015308	-.37179311522327774	-.18811270888597745	0	.08467807666130767
3.8251342773036927	-1.0960620933190885	-1.1448232140160668	.8947391223599743	-.47911936148894957
3.947557773940424	-.8466333239957913	-1.8538334944437713	2.6490721420317325	0
4.544070650780452	-1.4393770710167353	-2.026120378538604	.4605934214065594	-.15597954047894388
3.5176402837503202	-2.8987294141136504	-2.2329847780088103	3.4877290575890734	-2.4040394553690407
3.623656946759363	-2.8018475843175334	-2.965264662628304	3.396919768106006	.42284437329294633
2.4328843277888064	-1.4763593075101766	-3.190392171150744	3.1277867179728274	-1.2345453742201962
2.0382625130948875	-1.7116225079302068	-4.173358886013778	4.2382591158497185	0
2.155737780593436	-1.8504998473517347	-3.415982265103733	4.18233597397131	-1.1063792998078275
2.613121055942397	-2.0100572774184444	-3.317338931587441	3.727520019800705	0
3.4964469384754544	0	-3.1429767739956707	1.3574305273690719	1.871470800373275
6.21778181161628	1.2697383575089425	-1.7733832964963645	0	.5145562244202245
4.276796301069002	.25651584153376844	-1.190279016655264	-.29012225062274255	0
4.051577617143625	0	-.3863662807950083	1.3322190343849354	-.217053430735905
3.7499965506113466	.08615279683071453	.9368867904943874	.13143323642287097	-1.8590438461883614
2.971862556770553	.47996147169183767	.885888514476115	1.2177616042879296	1.4506404984698409
3.1789005560782515	0	-.9127583998633689	.694676803679	.3024776883026197
4.424999712767206	0	0	0	1.772437178739693
5.039484692959633	.8817673366319264	0	.2067103443616018	2.371655240991596
4.116484248079752	1.2120612734952327	.41522256465274476	-.18521418067376333	0
4.225906279255113	-.04465731845580141	0	0	1.5476162706293763
5.286553332621464	0	.2059278729665207	0	.525543989008349
4.820014836296069	-.4299086702459945	-.39317279491104506	1.5754717245433367	1.7920168999161887
3.590561791688468	0	-.8883133880281037	1.2387121816440114	2.6682716810688105
3.6916536357621967	-.3679616696727327	-.5422361199869679	2.714082923708311	1.8604580794983883
5.150475422465127	-1.7393702119510386	-.8375617950405965	2.700680282434237	.8625720801174869
3.920854812543589	-1.8145316106225848	-1.7387403240051762	2.2374673395073574	1.488059333152337
4.342940355114798	-1.5640496405779472	-1.5412741836191357	2.2014692901472124	1.433219903015566
3.8409233900582844	-.3027210248653851	.0673838631457781	2.1694621743985536	1.160590045191308
3.72258804804609	0	0	1.4061554812066968	.9396088811881522
4.721914148309821	.21690629276114975	-.28628863610497574	.5251174507184391	1.8905134774287737
4.557383321929888	0	.867644328057149	0	.5093679916633712
5.1074571651808744	0	.22358569773237108	-2.692374098047079	0
4.987626922102724	-.25006004010902727	-1.4721010541072965	-.5444593535298304	0
3.192733274043495	-.2789374908248294	-.6975002409684149	1.85143529352462	-.6906413190316825
3.2583038886047446	.390280501820419	0	1.180038128587429	0
3.7218330755770954	-1.4969601010225484	0	.8789535939970179	-.5920480388642708
3.591349323764437	-2.7292293442085755	0	1.7638091461023848	-2.991446255818176
4.495229970944097	0	0	.11522229132557993	-.7982810625101369
4.600189742393733	.0823221936380865	2.058688787171465	-1.6053005353413354	-1.2418104795459515
4.628010232953161	.89751732124644	2.099144217701301	0	-.2710535837082915
5.54267372678524	.5410037124893193	2.661211621432717	0	.9188759253532068
5.904818521532119	0	2.197699922053799	.1164445993729799	1.0507890988610606
3.866767032284577	.20222000212298524	3.500570253196311	2.495136530338185	-.15561337016883084
4.835383457207422	0	5.848320292587294	2.987261978872613	0
3.387908112221547	0	5.138850777104936	1.0237502087004053	-.9567983326681593
3.5941816549298604	0	5.788013050955514	1.4428465061926807	-.11878688712301
4.615694212544196	0	4.901663077569223	.5220273923888419	-1.3297162604788846
5.397952467307945	.3854642459121512	4.280045539007502	0	.16201392521733407
4.106657427205979	.9915206748123299	4.104013337780583	.5507767687777595	.11693952595097955
4.761763316118371	.9626112189824059	3.643169754994341	1.2553712769043435	.3816451512126039
4.168740966127908	0	3.4521581132639385	1.5947960918900808	-.3649081294984745
4.972913373260792	-.3428574377347147	2.867130436030039	2.479242858595426	0
5.417128123694471	0	3.473821418727511	.024669180308607874	-.9029349669617585
3.2926321050598952	.6158114251941843	2.354983688497595	2.3162764984092874	.8676551035618828
3.506592567381426	1.0290877762013895	1.3763805396466218	1.4927024920064462	.6927331419116627
2.8373866461194517	.3250298936241506	2.2002819537072593	.11279110309828252	1.284790910283775
3.6353484911359275	1.3664954854376283	1.4342868732676421	2.05931602471166	1.1606869481298956
3.3234859924877056	.2195888465684448	1.7365471468619857	2.3888176812814383	.923822265113596
3.5290921487205194	.7096373269689998	2.577788629520159	1.0575861636196653	-1.2783663274107067
4.20722245005305	.6446384261949059	1.5229521793715959	2.054285989485545	-1.002134419321984
4.298307068912745	1.551712778462437	0	1.647170528974138	1.583570801814718
2.973345081993985	1.6067621431650798	-.31603582632686683	.6974030382706867	1.398677875252631
3.888980227331815	1.7958519595507219	.5197870222653226	.762551484525374	1.8885970476519862
4.3033606540423355	1.0083472476681874	1.1945161874360801	-.10591041009201682	.5058250148261298
3.9028930522602168	1.2172603659800507	1.5872105367208265	0	-.5110871006140509
2.786552706438875	0	-.12638496011386707	.8166026560089464	.0017976760070487763
.9839787232869264	-1.7533499373223842	.3301413104063703	-.2702452074431732	-.911368019354005
1.2431214110292914	-.5122642110789778	.16346694275889795	0	0
1.4970478743500646	-1.0016948738251052	.8112306742980998	0	-.22202767439857884
1.0217482627360686	.565304413076273	.17006339671321313	.6681249006569374	.6914314766249074
.9308453033039371	.5875328487034993	.1010442645308585	-.12244443295974189	.46023008460382236
1.7607012514288645	-.40174123436817266	0	-1.191993851866092	1.7526459845119706
0	-1.7232247360336665	-.5705263999400129	-.25597388710645363	-.17413785721482203
0	-.5534234335184695	-.4849192474702429	1.1283275775397137	-.5529887745578782
.321385259716828	-.5967611920426642	-.98964363823897	.1901510087183299	-.21113288942382452
-.3575861232843732	.8396582980269266	-.8037687890494719	-.3607307703006471	0
0	1.1969309642492967	-.42351631082180435	.895727192762372	0
0	-.13507649920085713	.14338816771033389	.30411987078181346	-.23046649607298067
.5588941438401922	.5983617045891073	.3428568004979424	-1.1152820345368333	0
0	.9881304866488398	.3560618310876719	-.7241525120652705	.3145410476322084
-.3230451625787823	1.2111367984994117	-.347725766060356	1.3434101005003325	.038163686125536334
.044643568694785876	.14176811983419801	-.9423981253373214	.03113959605894534	.6748811576588273
.8571756609629232	.5956645582630594	0	0	0
-.024034707571737646	0	.3194269084757812	1.1548944823313902	.530282233218621
-.057857961150587445	.321508758256938	-.6001568247841881	1.0318035877205964	0
.0035354962808710477	0	0	-.0631743178320417	-.27473248377721077
0	.42997522282967393	0	0	.55728709274672
1.2486277761837297	.023404990501092682	0	-1.1457716778943903	.3503775956307711
.29494999073072325	.37557483760671795	-.4897897639829951	-.8596917182597473	.34134176496512125
0	-.48339852777715103	.36389677935118514	0	-.05266963360987931
0	-.9436528147815145	-.4572527915488034	.04973123364470727	.3361116342510553
-.34313740821360783	.47111864046461116	.05188378219482095	-.036678886374925196	-.9125854551008451
-.8025725330962087	.994130842109275	0	.45410096146930023	-.34802287909320706
-.36800807316141554	0	0	.6579538483082483	-1.099176738373738
.12456078712476051	-.03320032461887947	-.8453649779950632	-1.1230748996658448	.7835624758707787
2.3266099884373883	.8122145174318128	.9084647950019256	-.7462403969751403	-.39823780344643633
0	2.57954666922482	-.24249125902910873	.639207909215457	1.800248602732234
-.34980602916387743	1.1721776051888342	-.428792394159367	-1.0453057873465583	0
.18170905812521831	.08099757583021308	-.14114622244387454	-.4119626900581349	0
.46718393474217756	0	-.0023318019305567095	.15340383159436904	.2969145532705725
.22169667430196047	.46143308669070277	-.5559741767663036	1.0990516165201791	.7118520187142574
-.9647749612949531	.8230445218458164	-.7142460506775711	.8244821537228064	-.2860420651483613
1.1411277359771022	.005639028624094183	-1.011063165757991	0	0
.5595116638146339	0	1.032898362553301	1.4527484545303602	0
.4100902132097357	.08909478691714406	0	1.1145856475616953	.08114982786353375
1.7755316209275076	1.0507692173832732	1.6802718927000266	-.418222112252848	-1.1402821181651566
2.821770962439511	1.1474164877969766	1.311664769398786	2.5115752557791424	-.33506659878629635
2.9674163684501176	.2107082071121214	.37443636940571345	3.843308249062797	-.10688871392483845
2.7497561589344284	.1351557585353351	.8522915763203913	3.3834796093779667	-.2517025719074716
3.2798014753383122	.7842534624307502	2.1784664339927255	3.1961407564308475	-.5626324293552943
3.6091416634846833	.3186133723410849	.9357306676430746	1.468910320115673	.11829129929546355
4.545120197102004	-.17518187083843056	.14317699104230008	-.21626203404130784	0
3.941198234805087	-.33791520750855	.10215429503292833	2.0933717833278216	-.3135588025619249
3.728839174082402	-2.1015730398727137	-.502701596723226	3.0345126569926055	-1.7264355616663583
3.3002861721404666	-.5115842204301443	.645439711490889	2.9815765015537865	-1.4463923539795995
4.512890151418545	0	0	1.7453688326192454	-.5616766277923617
3.3477016611001926	-.230868020023681	-.789926949430501	0	0
5.804891768901017	.17909790316241783	.19863461417976286	-2.8184802166701335	-2.0013815387292975
7.075215112996082	-.8763555845900253	-1.1141317507635187	-4.784231350637371	-1.0276038778541234
7.211765533433743	-1.1752217967648053	-1.169073517253381	-3.369549850243238	-.10159081199648701
7.275149808432174	-1.2385861276186398	-.586460890210055	-2.7911622952380974	-.23704835282372683
4.829661902558446	-1.15172114495674	-1.5291909237578845	-1.382760718060981	.1151798633304747
4.42048679816359	-1.5852541700348999	-2.27001091673763	0	-.11162769028521913
4.661539392396423	-.21599510333472838	-1.8153774717541606	.3321778928269739	1.3459376719452552
4.289724207525156	-.43898969666007814	-1.759273337874943	.3073042932867748	-.9564389092733894
3.6912446448986587	-.34738600371675865	-1.0872124801980299	1.4546567236594106	-1.7006872089277367
3.7756354184324668	.3246664982787819	-1.8136718035135966	-.5379452460998085	-1.059214280516667
3.2183051441534523	.5671789578265728	-1.6258582989180699	.653786165246039	.5748547415921023
1.8804759919099212	1.3324834846746723	-2.2582696343056505	2.2840253460132627	1.3386051466855244
1.6512721734622793	.8879402936137007	-2.1252474985979544	0	0
3.4720254171885894	0	0	-.46126480288355665	-1.5252533985943697
2.2476964006564635	.5513696986497432	-.3137172630461562	3.057778386126685	-.6216379034189037
0	1.6488974965763068	-.4114664522015048	3.649543349309722	0
1.7048655559072112	1.713357011186785	-1.998029989799792	3.264230417390898	2.593983719340318
1.443572873747028	.83841585526836	-1.7811719006621067	4.349079214077822	.40851520400374636
1.640504767744463	.2204143337517271	-.4008785406715467	6.2424535032535085	-1.2213115716568859
0	0	-1.074359664362946	5.347597189605713	-1.450947391463436
1.644763118307099	.7208094120011972	-1.0679271803147823	4.8367070989551815	-.4773419961429474
1.8371128348643089	.5051226980129296	-2.0810735119125754	2.5532180903991444	-.9060137536056687
1.3813842732120711	0	-1.7218177605923313	4.146129126637641	-1.0581744715605104
1.354773264539207	1.288663740713031	-.9906223193989917	4.908330589230244	.37682528303810836
1.7090476015146312	.4423417770259796	-1.8552832100806382	5.4932293759146145	-1.0331221657908851
1.018101614684014	0	-2.2197282330970833	5.078717309555223	-.2021339316646915
1.3494293689920727	-1.1891459377077553	-3.6937630581991607	3.681951893159206	-1.509111653460452
2.239089576210761	.16177259936969202	-3.213107504670942	2.405816823369075	0
3.8139117032683396	0	-1.648687756549796	0	.3060238102229947
3.6375877696488073	-.6240639206448422	-2.6757326498536	-.1914682306061879	-1.1499099887146946
4.093311560552827	-.14075185991845923	-2.236980557129235	-.059341984124962444	-1.2477401940611283
3.3801890592591257	-1.573322527159264	-2.9124551503184226	0	-3.2102597429988933
3.1371248597059713	-1.6189064932872308	-2.6312657560327146	1.0433398923299582	-4.329253263914692
4.311132749944116	-2.6115124573906	-2.9004181423721995	0	-5.352782436921298
2.7167449052734627	-2.1224086348042284	-2.4044412250195006	3.5762410043895168	-2.4631120126957247
2.7665211394425406	-1.2006257866761532	-2.6026926096762804	3.880633671397187	-.6408811646247239
3.163794708668123	0	-1.6176031166342852	1.4624438942483877	1.538398842893669
3.0389715732328058	.4542772044495799	-1.504329762831838	2.1228616306242314	.4416303891850633
4.212242762022806	0	-1.232349200788727	1.7663782321011567	.012246423631355245
3.248588930473918	-.48024531182105884	-1.295460590853424	-.4913582159525572	1.1658542744964326
4.153304607181866	0	-1.925427045539327	.6405244607432213	.5148720784382707
2.6554150850356986	1.0445304043206027	-1.6036559674903228	.39259339968515017	.9952447226814646
2.3401152157353695	1.0691710500870661	-1.527746326138591	3.6447403011793646	0
3.5186893309944005	0	-2.5092969044188025	0	.34459520847033054
3.274036116234416	.2224582697822378	-2.9106470054618727	-.6385846254817188	0
3.6620195922115615	-.3595274411679258	-2.785555962770288	.31722081092002846	-1.3151148122896432
3.0176346030106433	-.31709391243928636	-2.9568772779951695	.7554614490270513	0
3.6775967786606634	0	-2.8513101107620784	0	0
4.2161784873899535	-1.0739555824941487	-3.336640080474206	-1.5862103638038965	.14539019408945036
4.399847906420164	-1.8783024173384508	-4.869032043731024	.22189603173376393	0
3.4911462066969077	-1.7012108606170844	-4.98145040118666	0	0
3.8497223512573466	-2.761912341312768	-3.2518326769423815	-.7972186942287274	-3.7079710802193926
4.670537818571986	-2.415547523729873	-1.932907413362291	-.8538366933702942	-5.046571890455628
3.890837705671313	-2.0368322816438287	-1.6014511880106455	0	-4.02897871421901
3.1111072147927703	.15277698605172574	-.8733832211139388	1.711309004403752	-4.234092991805047
3.210825258294122	-.9074236173200149	-1.1384491473545795	.37355926167695447	-3.3358618840081435
3.3105978476402647	0	0	.601262453939968	-1.9687809902437396
4.784431405769139	0	0	-1.4198759869401678	0
4.467985926526726	.6057308552199603	-.6709272670133256	0	-.16022792901149907
3.6156282774767363	-.04095202552898025	-.07210980867642426	.577295258037291	-1.6905343479019574
1.463963471387769	.1439853615003544	-1.3932606838779902	2.3753217254967476	0
1.2868817162248416	.24324392664123085	-.03263756411758478	.6258248798561762	-.6734781096600864
.35370723837915924	-.12262724716374303	-.8401742296480095	.5733192311414549	0
1.1122040396953858	.910306026912575	.35780218458657165	.24865106434912326	-2.1184867886838443
1.0571486205408822	.46282735912921164	0	1.365465421157961	-2.3340870024119997
-.6105507745488779	-.43152769365038296	0	.06351720672720099	-.3996510007291668
.09887548879699024	1.3236874906934752	0	-.45515254865506616	0
-.4885409252587935	.579465147629762	0	1.8495053032561182	1.3207766584320555
-.016119738790848243	.5432870986387217	.7881751473960473	0	-1.743625747819885
0	.9757255803825414	0	-.43884954067582904	-.22785355192824863
1.265605968776128	.5420733727253739	-.6060285999919511	-2.261991020827022	.2959064412233845
.9400118236404161	.280233028456482	-1.6344699067724233	1.0307783017174934	-.4340471092712363
1.6707941764014829	1.2051025109531943	0	1.0928191218704613	-2.17465734666403
1.103149545534421	.43479883333679065	0	0	-.271739248358702
0	0	0	.8841683487213563	0
-.5014230588261013	0	.1899689834240771	.543908747792327	1.3561954379753025
-.04925277483445353	-.5846185209112632	-.8247146762694888	-.13123365726462222	-.0891047814225104
.3501733488302965	0	-.22442912116862188	.3803047162544531	0
.07805808442458684	0	.17744636138054865	.15148857343439243	.22056288570482002
1.666375225478312	-1.237417633354609	.7210090231791859	-.6398129108520324	-.5012166789193195
.25780011913230455	-.3774789575084574	1.9700185568709339	.6756200792447961	-1.1428597907679943
0	-1.2301354507632456	1.7929746931686221	0	0
0	-.43180018372136153	.2918481724276062	.1998567088169615	.22687156480566062
.3380541139564579	-.020895957529180553	0	.47052751399118525	.02137511547039727
.5989734934393599	.39696669314347205	.0193419958085016	.32542858824267096	-.7159701034208835
.06042027307775467	.3700321111718226	.8338503325710389	.6842524077359206	.04501503968360132
0	-.006129951739690331	.9854910790870591	.35398440773464507	0
1.737869535651333	0	.7266326928471467	0	-.6564010216823956
1.7509542813038093	0	-.2765965170591889	.9133502564804298	0
1.1497922996086725	-1.3228200726016355	-1.349692630764207	1.1269836415430416	0
1.432186482685379	-.7962480309208382	.26701839872052513	.023494809358184737	-.7475798244924738
1.6358602738539845	-1.2549767394856826	.37154364326380607	-.944197215219087	.4215928828625626
2.0921885142825083	-1.5590986058446046	.3526413876048934	0	.0680053837174989
1.4528697327511775	-1.2152943517918253	.23226586083850165	-.6845077657324483	2.053708296742816
1.0964285842609387	-.3288422125343059	0	.26058525666535726	.9356260189061277
1.4702417563814232	0	.6873294923176945	.16781615901647753	1.2866315693715589
1.3604223896605827	0	.4010153824735776	-.30322224114905233	1.6202552798465328
.9787561929311877	0	.8621768093242336	.26810422182962323	.22826012323386224
.47308454701342634	-.22011394257642153	0	.45821678832991375	0
-.784801926368931	-.06945326317935979	.3738708245929039	-.7648696057205291	-1.022914448024689
.9288757929014095	.9446911024107876	-.8427050673928124	-.13614024544287484	-.09556895176159869
.5193474745772619	.7812650086502868	-.9637304332880329	.9015939495346027	.7714454146119414
1.5323002689803908	.5268986643241305	-1.6943949649556003	-2.1508934567382574	0
2.0910604468504035	1.5722589563180398	-.7363588677081634	1.22402159498814	.45846250574700753
1.8740039378432407	0	-2.540118013247401	2.1384868237964825	-1.269192620149408
2.2667943908053556	2.094677536868943	0	3.0689902776262734	-.7210580536153078
1.9473024753382653	1.6423207242415914	-.5689090544620841	3.378728464622968	-1.5786169801111152
-.6621379820518003	2.629005187761671	.42361331267294206	4.948822236872195	-1.2912756973124573
0	2.744011938923202	2.033914099990845	4.870519878184615	-2.2911506415981844
1.6795355986821192	2.18568829475957	1.4141500310147677	2.584303802666825	0
1.6172803174047372	1.673364321293942	.7218802921704038	3.449970130941379	-2.4440427152777144
.9911787209987541	1.6801827889187215	0	5.4826878450072725	-.9899954119767231
1.6652781525965716	-.11192589996495095	-1.602619552661455	5.11682986059218	-1.0191117220579602
2.5209596536468526	0	-1.5389059155112226	6.142555660850684	-4.0340166783057745
.3630695302395516	-.16689384614002364	-1.8552619036880342	5.494797955834599	-1.2693043263097272
1.741126838450192	0	-1.3542209507186085	2.404553495354904	.19781772420214638
2.1755709186882135	-.991585547442522	-1.704917214612319	.5742330754421717	.39562047450458415
2.8663764027164857	0	-2.085918765434604	.4355578749816282	.8369131794717761
2.977198026067068	.17364436342496128	-1.646726688309143	0	-1.7258544119131567
2.777091670842037	1.240772925063082	0	0	-3.1355856910268987
2.0032020771951142	.6138643087920972	0	1.996402220022235	0
2.6836695074710017	1.6205097264186783	0	.45830673758043994	0
3.641096939194194	.8701200698344722	1.0790442655966839	-.4389403575377565	-1.3287758945795325
3.133154635662607	1.77672553987668	.9780650044413799	-.733887540983652	.2556880469971412
2.7337609203026254	1.6893929833364896	1.380744269670239	0	0
2.086155563719	3.438490595518027	1.1419238803442178	.9252047592109847	1.8414804691653672
2.9089395500822843	2.3822264366473784	0	.2939616005988819	.04253861847818596
2.872324157600159	2.1489067400365416	-.39225009240667097	.33205428008586013	0
2.9213897718756114	1.6024852225567912	-.6009808239215202	0	.08532175542453524
1.5800032319199806	1.2957834669217918	-.27915440180184453	2.520139363145222	-1.2321200129797008
2.5068009388578196	1.543793530564862	0	1.766936964376995	-.7694222494270685
2.018997151912461	1.9277618266663845	0	2.0874574343322405	0
1.6828938421738544	1.9418856065834695	.49653402813947733	2.406473956872066	0
2.57014431203115	2.2078469302196244	.38599756587970574	2.2933971645428604	2.496487740500288
2.945393529421163	.3353621073133559	0	1.2581178564126536	-.7777551177909945
1.5967180404858998	0	0	2.361605702746431	-3.5432765553174352
3.2044692909908443	1.8961207837785103	0	2.3668125055878417	0
1.6351494428925317	1.0041716064577235	-.20305820778716466	1.8225302462739843	-1.5121271880764124
3.437640378941678	1.758773239983245	.3849027734603664	2.3144053324990956	-1.3582425229994395
1.1032731461013068	.8504645713283397	.6334091459526245	3.262301946310731	0
0	0	-.6108762916733351	0	-1.3094782071660966
.09862211446294855	0	-.6963695832217399	-.5561213678138301	-.7540290454480566
.4598801385068459	-.4302214755690965	.8463169983021183	.44025220342687027	-1.0388032294242378
.5976613198101519	.4382788812310383	0	.7260913454167075	0
0	.20832769736463075	-.5262546070329631	.4264466122950758	-.958303287992359
-.2225304591485032	.6899601959548491	0	.02845572199770313	-.3185952916240886
.764837302138998	.9688632318525906	-1.1549476485536867	-.1656077974376254	0
.06435945980403188	1.0699358831520787	0	0	0
-1.317967663841276	1.1661532019555234	.1142033253446843	.8598227455371952	-.18815172623337936
-.16980106029551872	1.6397906111268374	-.011537799985041453	.7084692588138535	.5675267345898107
-3.4646781665005673	1.8698697740064074	1.4472534048373136	.16437283646919326	1.7871143476222082
-3.0745245195862223	-.5339018707847436	0	0	2.501142663042998
-2.7487548401751423	-.3723882997098375	0	0	0
-1.1552652512874861	.24769617571836913	-.49038202435788925	.8284692322641657	.6526966819007531
-.4903274242024823	.3936404409254355	.8489588207232412	-.6691224263073379	.2598524677595219
-.26944267753112844	-.08557724429007904	-.7925154830499133	1.269781465273895	.5257493562328349
0	-.39387992008177053	.528332265431094	0	0
0	.29680788270248903	0	0	-.268829967642235
.22531859624835546	-.3356667212375133	-.388571954745662	.46332097905865155	0
.9418572943457779	0	.5786968355828276	.8073589299703291	.8892600345401905
-.1656299760570446	-.36344832944679945	-.1642487125034252	1.4190024295344146	-.20564090741347751
-.573648513774589	1.011787362574761	0	0	0
.5566215981116942	.7934025754330445	-.06300809319577957	-.0932384381798681	-.09823616680878981
.5645710745060772	.22122048595695665	.4873187297177429	.28596496300267016	0
.38527434495236756	.6167549813753467	-.7229668327431986	.6347576799968121	.44721502420407
0	.9043526347973854	-.08129993069694072	.046314364362946586	-.5460036775968028
.21799209492988963	1.822478625664101	-.35669819986613616	.1190161928791375	.08343324261073248
0	.2597707531275489	0	-.0401307249881427	0
.1203477685329625	.49292813830693283	-.2811507657385377	0	.676665483775688
0	1.5145795004309976	1.1054339670261917	-1.5638372785887553	0
1.3828176263480114	1.0288069570738712	-.834659331191411	0	-.4032145520356295
2.372868695993438	0	1.0635347728033135	0	-3.6350976660180887
1.6916189915030848	0	-.23099010813930798	-1.7209738471302791	-1.3542778735911518
.9243978484194681	-.29473608680203905	0	.14456848134795108	-.3788266063902763
1.739040629583148	0	-.5306201725290791	.030051351755731426	0
-.21571231724324597	0	0	0	-1.6421997609939583
.3765363130034613	.9319267235956172	-.025046407439316618	0	.1278695781755792
0	.3630390086537154	-.1209201126476945	-.2592902817292652	-.19206951363521685
.2381435796704149	.7757195043142042	0	.18345061696376214	1.1078618470211306
.30165820152375106	.5909873439112551	.3968392996217348	-.20145209461655952	-2.7017003186003623
1.290091894648155	.8212382289902047	0	.7428869841210375	-2.979903884616721
2.2249214123300423	0	0	-.8260445621199615	-2.183826749086453
.9297209078403046	.23645517361931667	-.8965980795519908	1.6557418980120135	-.4293723330098496
.7209899298038619	0	-.7740701034546158	-.3878614448390974	-.7222730234737071
.046266607224305756	-.515795096297004	-.10446582471530738	0	-1.8153942348483127
.4384265470557292	-.32029866236730314	.022310477295091002	-.38692628699461773	.3069444560122723
-.8738029609540549	-.026830576362310843	0	.9594619233566817	.8746214182102112
-1.4361585651753743	.4604491282989439	.751155619905281	.7464360412146724	0
.4851407617175901	.8462146306739033	.1611659422237437	-1.4369032059729216	-.1323199807745211
.9238145183316	0	.07838306628107429	0	.09707385692023257
.27351026434542747	.4505410791895599	.8802824396708446	1.14596906461468	-.5089249216472245
0	.36432276175933526	.9368487471389979	0	.4434271967258073
0	0	0	0	0
.13796334211431974	-.3912703099005693	.4575819136757621	-.324833985785501	-.3936615456599983
.4735645296638751	-.5858458491633645	-1.0303862492866207	.4415291362412278	1.6419307669791356
.6003778681532205	.5285999985191152	0	.20237229183248495	-.239065616123851
.43922711343641674	.7743530412377997	-.9852418647938491	.958855993228972	0
-.5486147062543592	-.9582886897206365	0	-.11266238589797596	-.7646048590506421
1.1945935468797064	.2966579403101356	.052175417234966104	-1.3085747866681423	-.671626243132909
.8303211513739054	0	0	0	-2.166490796416584
0	1.3369197228387948	0	2.5039027424977633	0
1.190157101467205	.05423936532353879	-.8788983347432505	.40783771638026906	-2.863009883547935
.6822242551618767	.7296666586111726	0	0	-.3136920576024399
.46812864244034863	.18463411859866136	-.5448292297175863	0	-.7738801291247215
-.26651051535999803	-.1639796729352342	-.9834809414001431	0	-.17871673322233322
.5891029815983486	-.11529277302330537	0	.7367954997652593	.15070622207340612
.20877537103320976	.7491630771216388	-.39075891149616615	-.5184287690879861	.45629437718640253
-.03259430217499032	.1610990265232753	1.1495391508407269	.8856389022723977	0
0	-.4442440275849657	-.043367270571953095	-.48962788554659936	0
0	.7350211350036168	-.7700164727052872	.1629864548352823	-.4382274480800036
.6875799967955661	.9804015059641331	-.07552984449160152	0	-.6848073468010542
1.2934762707078593	.5478782410438284	.13700492998252686	0	-1.0094869735516678
.6173584139434689	1.844913352633067	-.05129794490307041	.587892944537552	0
0	1.6512803771123372	0	.5299934316655724	-.35532998295231666
0	.44916422794455313	-.7189980589375026	-.025914871477216828	.33975331028957384
.37553153724454985	.962382001175163	.798448686060852	-1.1780547586835124	-.8902792979708067
-.6553619909818841	-.17296295874629966	-.1182998236671459	-.18526594141013214	.24571557224047058
