x1	x2	x3	x4	x5
1.8127135106157484	-.18860644848087246	-1.289065212466534	-.971970047571153	-.9965883407186986
1.3753764578759247	.5848706063886551	1.0370450488540346	-.43424249205186327	-3.3998610389529325
4.247276948225112	1.6073615446587548	.4783253289094381	0	-1.4783585958247032
2.9973042902173437	.8628092813625409	-.3616056563812744	-.49774127361521125	.3252962351134199
1.7128827562532332	1.4864254364837899	-.05216941808529228	0	-.029626738041325207
2.7125611402973258	2.957340424422113	.3674027892260716	1.1252149954086659	1.7306155686920464
1.840617210209159	2.4405087818314244	-.24288311537101684	1.3139297856319674	0
2.433275241844086	3.233332109440202	0	0	0
2.6279726562317203	3.3144564380879253	.3657739022731785	.30808974320675325	1.4174592473585121
2.2250823920454117	1.9835215795218197	0	-.07732320738608114	-1.7035501861914288
3.04842318114059	1.3496380049216068	-.4576269995699523	0	-4.576801705728582
2.7492030331673543	2.3425614894575792	.8096475464414321	-.21490473890443623	-2.9764510945552627
3.1893618341946186	1.9500663221876315	.7515940827867176	.2261929248078438	-2.5489221918720957
3.222018822830488	2.6636958441886818	2.207279370527151	0	-2.8929972567644926
2.323254882881614	2.338525644939983	2.0760275576824663	1.163799833425306	-4.070541300930796
3.7188537448659726	2.9722616401804514	3.4064949395757687	-1.6917442567528902	-3.2354950718777866
4.298780316431613	2.6718854466056245	3.14555640802824	-1.5857119140423923	-4.556471275036662
2.6782458076684117	3.2890401483487577	2.8235467116860367	-3.148195386635291	0
3.3496653472427407	4.777979561396446	2.4795318651793905	-1.081535856635691	0
3.65697357163061	4.150136206307672	3.5957668376798093	-2.713036147751926	0
3.3691826642275964	3.780479427402045	2.74576288716855	-.9566293018257166	0
3.1208796682884796	4.502777716237302	3.0635022338248143	0	0
2.625073607414947	2.8791845653103367	2.8534595750287672	.22195212276055432	0
3.2669737444891274	2.6954189945792333	3.3850171887453326	-.9135786399672104	-4.023281620765998
3.6494058699673113	2.883891435279137	4.653917758960497	-2.294407294074839	-4.534994983009773
3.2532831665793	2.8315556845138636	3.906532337445575	-1.3627475873435242	-3.918840278412823
2.4184652017861246	3.2117187653787433	3.1790673046769955	-1.2000984937546	-4.311693756427171
2.5152132069207638	2.399018632230259	1.8581926289808837	.0741466910655382	-3.5140146351005423
2.0616863090179613	2.6777408286388176	2.2629499696866326	-1.1634722706910738	-2.761043397961811
2.507088511789589	3.2329223578344894	2.072094816796083	1.320623641597567	-2.5775250976317916
1.288376414842971	3.004044399938495	1.5464077804635505	2.8017005937554385	-2.9168047139519073
1.3715009649364718	4.761449191439013	1.8431235570945652	2.4390876137484754	1.2270759094774149
1.8408310480782146	5.7448407919573645	1.8093873227423636	1.2181192008354322	3.788561016979212
3.1901924769783143	7.131356440826533	.7366213712452845	-.3821464037263441	5.745269149821566
3.361594795972161	7.386248443044347	.4725183439076414	-1.5205505117485643	6.9433390350406174
2.91852897372762	6.908969184959155	1.450424944435463	-.6728799864286604	5.388944044008903
1.7273310361744185	6.9712779367387085	0	.20245303654245814	4.797688253980493
1.370161927343844	6.664468739905169	-.5330160610608288	2.024203467922573	5.22634172152242
1.320237988489251	6.818680287192646	.07869322571577986	.6300945969507206	4.906059352348912
.5143552979677609	5.513523382126297	0	0	0
.7937901684983157	4.070634567236185	0	.4680387670768851	2.390481819868993
-.32184743781007086	3.422769717651065	0	-.9056478823773539	2.5982730907145397
0	1.684621221136542	-1.2315450998892983	0	2.8281816604856043
.9599954677202674	1.6608174176924806	-1.7647766324556897	.43047265459671336	1.7593115536069854
.7849707748345593	1.8773574762190024	-1.8278476102691503	0	1.4004178280588675
.21768333206033547	.3620521355749784	-.38651261258031017	-.34444007336037497	-.657272516866408
.6772275031118251	0	.8402318437635254	-.30023876718675535	-.0326226635927285
.9949022081302237	-.6721106331687334	-.5609169605964496	-.14833162270009287	-.5013013405404667
1.3709381863465433	.06665163732439364	-.04560479533552306	-1.180711131333538	0
.7626107062826724	0	.01751290274411091	-.1434505574735423	0
.6828808022107866	1.1472245756389443	-.5408619421029374	-.2750615024800085	0
0	2.189654134821971	1.1747995919322387	0	-4.414531828781329
1.7268446553972108	2.0225079646122093	.743285118227302	0	-2.4783197203491287
1.328183387915555	2.474687584861595	-.7771706939992682	0	-1.785186331834724
1.1478091029524553	3.118127608186995	.017062144981850158	.39260006902231603	-1.8671658301835445
1.8904514298144086	2.952290468104705	.24949004032416522	1.2788649559682799	-2.027336157685722
.3426727611159739	2.005424406166019	.9933248830737704	1.1282469204428436	0
1.0252199019046513	3.5192895075933914	2.1468822842874475	.20749211085833488	-1.548672289180738
1.7107887642513218	1.2014782198662175	0	0	-.745738032295472
2.2455209770795204	2.9267380585770226	.6200817549275184	.8937787241839917	0
2.8999014696730248	2.8790780102911424	.23074894745057917	2.0584892566794553	-2.57932924130875
1.7767347697276916	1.9266667293451059	-.22915261694109107	1.4588909134888133	-2.370301000396773
.9389682107266601	2.489617128666313	.2606537964913429	2.3862479131028715	-2.2185147964958465
1.9902857121925828	3.4240829165643736	0	1.3599964085686023	-.16071576927675968
2.3698036397121975	3.315519256470846	0	.9210029403345883	.2589315982594277
2.9275133800198443	4.142435316240059	-.13632021838525846	-.721604923988502	.5198260750009086
2.0349779578396348	3.5415897363213764	0	-.23027018277185576	.6675376149553819
1.78055386047699	3.088348306204468	-.34465532962278966	.07649529397273311	-.2077085517783127
1.4727950617636016	1.0856210680066993	-.899813932842304	-1.2032274504304565	-1.0323129355610003
1.491757813391767	1.567467653179114	-1.6605322955940507	-1.1703611316363054	-.648761607347408
2.919784050429898	1.3100654029804555	-1.8784408395455698	0	-2.245598846883932
2.7668613481191224	2.538467436119943	-1.3125830726058914	.7833733308963541	-1.427917922768391
.8254842820597105	2.7149031157554453	0	-.899644058977713	-.4640208579172026
2.9306466479935187	3.6278076591584436	0	0	-.6468467764929285
2.3379453548437925	5.159743877404198	-.3237313072680026	-.3033245267353928	3.1366572061336244
3.236050262700362	3.8609687186064785	0	-2.4495736555312813	0
2.751766531805222	3.499692256642837	-.594984497434215	-.9036826836846824	1.4908521488622566
1.684558784049682	3.1611273009375345	-1.9769580360078292	2.9912264265833963	.6781285977932299
0	3.127392985063044	-1.6171808630241167	1.3276580577791486	1.3739988980131441
.9234116562000952	3.2019704512382345	-.887851618490999	1.8816657888628807	-2.923988986105011
0	3.7157985596453615	-.5559295189148347	2.3056065061426336	-1.3468467152580201
.9345866508240996	4.555587992905466	.969238839520964	1.837614433799543	-.7982870581306447
2.0043848157803543	4.428191891257347	-.12094967709873639	-.017809376715623104	-1.2395734164366787
1.4617924330818513	3.028284693370735	-1.162334377495817	1.0481093000904358	.7177940353110883
1.028425092774065	1.93971641970223	-2.370462262429282	.8704523591269323	-.8376162002617494
2.228066188092187	2.2269884468980337	-1.8629464422548956	.5195226641715472	-.6938519067113307
1.6094888042379987	1.211379381855335	-2.8842601160304775	.44095195712790686	-.22086865755252716
1.0835806653056819	1.7542614201194708	-1.6450846417822114	1.3496718106490613	0
1.7471959269949335	2.2187177154698516	-1.5628359081881789	1.5289777247835565	-.9093061395802446
2.8611501854716663	.45259725826611563	-3.014113867186628	1.4984863421203625	-2.53591932221434
1.4361205714695366	.8680135614387265	-1.8641844005919719	1.6437399008416427	-2.2746865529501417
.6202919902917501	1.2275019060633956	-1.2602639138449607	.12662468799679605	-1.0500595819964011
2.950464573493982	2.119141193776024	-1.7059284841751607	-.00455721415851873	-1.6571872065345856
1.9414341418386478	1.2281131976508175	-.5570119625297811	-.13619307005657277	-1.774482640612222
1.1105061874476059	.6286042633206517	.6362806355092893	-.9523735834724804	-.20836863497123426
.922266397185545	.8917962852991259	-.6420100332280833	-.19403911372918542	-2.1269517731928005
1.9725943339378773	1.170926187353714	-.8858985588225737	.3844787332315486	-2.511545835792283
2.224763328962393	2.2905574440813017	-1.2830127887224914	0	-.6588564359131481
2.055729012557913	2.7145898225703182	.13630122060134897	1.5321422854669793	-2.1667313057158815
1.416929877184401	2.012251605015357	.5134484304395416	2.6954041396921467	-2.167990461270929
1.381380977104877	1.664303785890432	0	1.3882212415820554	-1.7774964818171388
2.085735380452953	1.3925656765092977	.40292553183325086	1.3205919097517764	-1.3286174371370147
2.199956513141313	3.7435931863583587	1.2945668296531356	.022405581198053248	-.301965363739795
2.1505103110835444	3.5772255719375154	-.03420915796588382	-1.2899006663074621	0
4.1593659697911125	1.8483660065741454	1.729530800668747	-3.1045085239859356	-3.083609227235924
2.824807308175352	1.9761240968685962	.2752742283664662	0	-2.7975353327829615
2.262392631633226	2.898530469888242	.6761510273436125	0	-.3752034503502511
1.639317170960139	3.0213465931269456	-.3113077689700056	0	-.11942540992100262
2.521476240917779	3.199213279816851	0	1.4482375211814262	.7908153998965788
1.921344532736633	2.5217891924360165	-.8371721177206819	2.267586454227773	.5596386537935951
2.430355817586295	3.0485805243256907	0	2.8446066634268767	1.6972917102053
.8773546398503389	4.293167238526005	0	1.6913165377599015	.4829371499121594
1.4961510174855794	.9305155981847998	0	1.228210016170959	-1.5651524424687697
2.202537370928088	2.6378789966371565	.10479271966069154	1.187038255515695	-.4345428566462637
3.630176354302673	3.635311344338398	1.400037539415018	-1.7973875073408123	2.127785956115795
2.9145278113525688	2.5753048946437387	-.6877510996054335	-1.3411659773988225	-1.6189137818762616
2.515175151154478	2.251709161962704	-.7448690015001547	0	-.7167335587029602
2.426570795719838	1.6654833646469243	-.9368990846564282	1.1928066263312196	1.0461829978964439
1.1386239592885226	3.6800244489808733	0	.8279895648636001	0
2.1097049443955638	2.564228609956083	0	.19845998434805112	-.2676487320521904
2.0983259399175385	1.831943991719744	0	0	-.5220176321947366
.7889536571277501	.9370971002578751	-.31579714225694283	.6722846629445594	-.31494708436994445
1.0953226703855181	2.3149723741796144	-.3081020747796266	1.0449312178536199	-2.666342792303242
-.18220107176175016	1.043726841843152	0	-.7325100213159907	.020272914991794816
-.1447678500754137	.43827258444800865	.5972597061114875	-.47252054796110327	0
-.278554144148965	1.4011830830485086	.3970845847385394	.6418188805977608	-.2248047959950677
0	.7729796752525905	0	.04800415484749895	.5185058115678021
.522530452853258	0	.2575457675492005	.3814394634821543	-.6596464848628677
0	1.287336133375007	-.8538381652795743	.8840610999728988	-.9241041136258634
.6791349909505109	.08392169501318428	-.5908190667901407	.007654378886132546	-1.286658379695738
2.4168277511329945	0	-.7869775053843446	-.5608414816191614	1.6499113354406485
2.3668197038312693	0	0	0	-1.7934955937862194
.9894917228874032	1.853686712445966	0	-1.7180241302033363	-.04785151803905283
-.6976364865761365	.7264708965243729	-1.1660417086318389	-.4164765404740973	-1.480163259534072
.08477821718640166	.16483811596096903	-.7283511007575906	.587413988575934	-.4609882499332132
.6408574637093675	.37562948276881564	-.22208972816491512	.5600077404562509	.5034381100643237
1.693451384071118	1.9389548054820773	-1.3677251077093175	1.1055647294629538	1.16761118008229
0	-.6248647897783524	.23829627290466848	1.2189997942514643	-.9705416694187277
1.3983290065862937	-.8920898684676123	.3362642266534312	1.4414186432482567	.9142842430692149
1.8458883758843323	-.07420791528622675	1.1801793741868534	-.065443270104269	-1.2214982135032755
0	-.3712874883242692	-.21274545990251287	0	1.1482760924877073
1.057683568551811	.16012267842736153	.18798805689004228	.712535105606294	.28131849788857777
-.23741822541530766	-.6204680575232007	-.4692016886021224	.3770585492361578	.2223878694749269
-1.203154354009238	.39644621052339885	-.45495473315843354	1.8193466705735517	.15640687394331287
.47056873312061087	-.8843152657694155	-.8496834429864776	-.19020867276348177	0
.46275379896461166	0	-2.4769046909681602	-.06076265620515428	1.8296549238247783
-.13340696849219932	0	-2.5088630682321997	-.7510637697904069	2.7246218732737537
-.25748592274413906	-.7943992157570394	-1.4294509914179643	-1.6890159601834296	1.3096218464660687
0	0	-1.170526357616901	1.453638287199031	1.1763425465851265
.09535056366339412	-.9041709283754815	-.8874451294559083	-1.2809121095287654	-2.272683156844046
2.6961721968813723	.19812911266895575	0	-.8215993384059745	.05132473652208802
.7971513377994899	0	0	1.3865614666323958	-.8915252894982296
1.5822141900691227	-.0035157515655829807	-.4527114056922753	0	-.4364373863740102
.8354689980629533	.5898267960278583	.31858730948607605	-.20600716037363045	.12742431580857672
.7047002829256618	.8865876654294921	.47649971078998715	.32979849729939414	1.153402494948178
0	2.569747700908133	-.4209264523757761	-1.1093981203589673	2.2420339356655763
0	1.5654071559713003	0	-.3693766138856818	-.0022083384500206638
1.0744584719988097	.08083670657077346	.22715649251056663	.08263840590137828	-.5826477872182646
1.3660118341879437	-.5325446157394261	.11639581741014252	1.1529021786939406	-.36545549386714515
1.4856391916962266	-.7604181217978243	-.6089677380551963	-.3140811632853992	.39203416984099365
.19361532529576594	.35781250669154085	-.36356385647834366	.020816310692841844	-.3557863083480214
1.7315512126065846	.8799478788890545	0	-.8093786796115678	0
2.08208782618482	1.7032538043461658	-.8799004217636806	0	.5074996534408923
.9272026328432273	2.0320699502187978	.4386208605747352	.1992056491116443	0
3.1192557512310297	2.2511054351555466	1.1370087766108143	1.2480831335552907	-.6718660206303787
3.0019811119518396	.9172291213425443	0	-.13763822143396875	-.41912327064987553
2.6423152593348145	.9838161498194092	.2595975854340507	1.4318067396284822	-.15784928738521495
3.169139555664185	.9400763118928471	0	.13411502950333687	-.32178025507765295
2.9338705056598364	1.092331014563409	-.5649938064528879	1.5865796001584869	0
3.0211276180377005	2.1793730666293425	0	.24739643148541846	.9343498708079138
3.0410257715275204	2.33644279949978	0	.6407417625738712	-.5213920899113578
2.0575876583290924	1.859448210199953	.6673733618269039	1.614280253292715	.20525957245567916
2.9783287385360206	2.2088524551631834	1.1444177623346738	2.559025464089604	2.172941194209558
.2225056594956572	1.786213877942333	1.3455174448315277	3.6683971427804587	1.757094741594059
1.7419087416899202	1.9386961393733118	-.11276738455761487	2.377778577325409	.20333064627717867
.9881589854009669	2.2382382462028683	.42793359558880645	1.94133688235118	1.7310122026613097
1.6595300037120784	1.0704073361547217	-.28801277883492704	1.7133556808762243	.9258754203552497
1.0759351738389757	1.8144738769196818	-.06522250407601446	1.5524672040679164	0
2.7477579648948183	1.5659961574919117	-1.1765045260470655	0	.07976497519551959
2.8454290501182222	1.8172415415820842	-2.1369330439037006	.3287708916531006	-.13854069843510175
1.0931401058323826	.5226349826561189	-2.501501501837896	0	-.3524243450235375
1.642113400537513	0	-1.8058196214201891	1.5832731800033712	-1.625331664477266
2.46500080770089	1.4234172316088372	-1.3363477827854415	2.7259351289695513	-1.4949162714766848
2.4171616635301736	2.4111590744822475	-1.4321679291317029	-.5198971126439689	0
2.879675222630602	2.0830600400872754	-1.3524078867808706	.9551679199003074	-.958194274528767
2.44541508451308	2.277433833635359	.024638259096988024	.3279002830909328	0
2.1729227752861586	2.0861216180712154	.5439224204076711	.886608194953226	-.7014582739537548
.9898352299420213	1.429417574466238	-.28938987891252216	.9131481072783433	-1.1855875606380384
2.6310203588663787	1.7978706448443404	-1.1401625754258928	-.504155752782751	0
2.190799821903584	1.4447353345945888	.7212257592317204	-1.2448960901773256	-2.8836910096039508
1.586629773844834	1.1696002659008191	-.3044687910586396	2.136828606458257	-1.1035051139886807
1.643153238918471	.07412246656058263	-.6457944744553498	1.7903093046886147	-1.2772116615689508
1.4719255442694792	1.6956485736197016	.5760449138896999	.23068831282342617	-.43402498443903803
1.8478701805145858	1.4410291882258455	-.3223037234879934	0	-1.8812559309593402
1.9324262352138288	2.7144201677262547	-.03495671490179958	.15373769041577712	0
1.429858406427284	1.3628546822356746	0	-1.405632789632533	.6318108985467293
1.811588192254245	1.1388900081635838	0	-1.217056187773347	-1.4411425505119198
.8242441561904064	1.4180582938037125	-1.2065165054823557	0	-.8271795896618053
0	.6045046203122652	-.06041388078883281	0	-1.1279121305175779
.5394352464258245	2.2969227080487724	0	0	.8277544283474783
0	2.554662971221507	0	.7087855958687105	1.6912768085192817
.5891644996865448	1.3433780695821578	-.8113070429088778	.953415889312357	.9550156361127482
1.5409385117092749	.827648151847605	-.5544462867150557	-.723205129482303	-1.5114505140852175
.5481638062231444	.9737383058521303	0	1.028834833195252	-.9380370532555612
.25370853189771336	0	-.589714829698873	0	-.3532727621012534
-.017606059658791473	-.6550585204604726	-.2515079506867888	-.9549197742967389	.1006001217778918
-.32551886698002186	0	-.5664168256245447	1.5697135410717928	.2991602460029797
.5633297307360693	-.1700040163796217	-.8252374805127439	-.3043385246580984	0
.15009453792330435	-.159436270137018	-.31057527614994446	0	0
0	.6549378133619123	-1.0718057806389758	1.2698198827767229	-.6312795555139858
.4841982489135165	.73655077150018	-.4348140167116998	-.7996878715728988	-.01525944368487453
-.7306891495245416	0	-1.6565292099165632	-.35657306931736754	.5122526367115584
0	.7447853003785196	-2.017943602129379	.8892109917135216	-.12756449290895505
.2529760459401932	1.1770891513072126	-.6941245891629098	-.6410133594554726	-1.6853323729774334
2.715303784985492	1.7096484397161131	0	.32259325406690464	-2.006550052535787
1.378293519774586	1.4181706107301293	-1.021563465759309	3.2723549698371808	-.7548085712381891
3.111123150057727	0	-1.8242608481631721	1.5936212038685267	1.354629355038268
3.390765366750593	0	-2.062460628183905	.8051342666836871	-.05953510280146734
4.051624982149479	-.7761078791990248	0	.35428453609190935	-2.24827331749933
2.5979349890301675	0	-1.1988547048402747	4.267850496427015	-2.2400911343070273
1.218135833953824	1.4044355725468558	.2069853022204381	.49102452956996767	-2.6362292553537756
1.0347941460811199	.6034953733981858	.28929082472737944	-.4409631481014352	-2.268798199857801
3.8078998691074912	.10278100532256505	0	0	-.2705622130778909
2.3985303368174296	.5802888811392389	0	3.1794091260433683	-.36203507894724896
2.2364677559450366	.6638882461772109	0	3.64708066884482	0
2.485635384318752	.6474743259919562	.11830994836791772	2.2763438352944663	-.6868026600827886
3.7487613376191926	-.20410218832200955	-.8784893045053834	-.8213618636755958	0
2.5492255854165684	-.11407497469536557	-1.1256994125349684	.12671931230285854	0
2.677597521318031	.638218108296129	-2.7245492572163643	1.1486070215139728	1.4420881083308907
4.011718972891516	.8522287980032872	-1.8608490911424096	0	0
3.756069469527865	1.5336650540896097	-.6508727582725813	-1.138474153022175	1.7618437043094946
3.4213747127824266	1.4569494255638002	-1.138761487274	.8507427722730956	.32576197657510586
3.211744748474289	1.5285274763317773	-1.3199515188334883	1.5851810668826043	1.9137112383138273
3.022141051134824	1.1874331586200593	-.8003476042426038	1.3057029852186002	-.4649467610743717
3.37790955536739	.9907367618107379	.7912978462417997	0	-1.8005507044936127
2.5248994736843824	1.391166376502956	0	.48329321379860046	-1.4694744281707735
3.4581536397476187	-.26405650787576773	-1.3631056714604888	.11279950706695677	-3.4135616814024967
3.780657665193384	-.34545700321921585	0	.0197234520034002	-2.294016883270364
2.8959449935416095	-.2028856120321355	0	0	-3.010385430530684
4.454731477613922	.3041361668917829	.48777834691234584	-.7738331351529619	0
3.8801284134628893	1.726607300371025	3.5943981837489276	.980458697330594	-1.4259571729647686
2.655885991775788	2.4624513474723613	3.6251917391562056	1.5831536924742866	0
4.0594258852646465	3.6567480709310556	4.329682848765859	0	0
3.9863009806904475	2.816835344598881	2.1738469656320083	-3.2876012785441913	.6622249393970386
4.792522161686731	4.006613147145271	1.439292172766677	-1.3687063986950583	1.4960076358085714
2.248194276639162	2.6502655171424894	-.09129850526485245	0	0
2.3087525911066544	3.128144159350141	0	0	1.4552752209073991
1.1673848694704363	3.0764315100043924	-.6457421364362912	-.19586718164764225	.17761881171316546
2.7369139989537024	2.345506133280736	-2.126293903362584	.9003157677759488	-1.3605906628214848
1.8535358009529304	2.3310762088086068	-1.0784110865072678	-.9749586356235505	-.7722528656159552
0	1.2735474594169225	-.9267636011569345	.7136671486548387	-2.5092190438532453
0	2.7152089251106024	0	2.1632552078319636	-5.326310745451253
0	2.612708778290974	-.7883278595576537	1.9647172632785495	-4.640951975398714
0	3.2751875580924388	-.12867395499731452	0	-6.464158624580713
.2657606972681851	4.035585103202807	.38427689767179035	0	-3.9899595048894456
.6622392307556836	3.7191248628754563	0	0	-3.0368830184581856
0	3.2905392870186865	-.8608027343117457	0	-2.221388267228115
-.16691775749826654	2.164734947664136	.28753076448673953	1.5891332997126184	-2.9703831580088953
.19523864661026175	1.8673948767522535	.4164763172417248	0	-3.0691446125535244
0	1.5317743957907237	-.9973089907757557	0	-1.434888477151074
.2720608182933858	1.2993836423151752	-.8517127960667055	0	-1.0780163512116072
.8301277972453112	0	-.6518451720895715	-.28801742603187674	-.557003380597798
.1939783269986396	.7063113142485689	.3384147925472429	1.2899431256023015	.31191289049130844
.6337819736195744	.8023248092575432	0	-.19005913237439911	-1.4913109162437117
1.2050332274179982	1.2965797766135387	-.36646873500628474	-.48677723945109996	-.20764711072897163
-1.0160892153635792	.4745085441497293	-1.5501233265985974	-1.4271321273766897	0
0	.6225795201799202	-.7713456738091768	-1.3781896307416321	-1.428691511993665
-.5025158077329286	.5049415176005039	0	-1.4212482076975002	0
-.0686012645843755	.19857681277703787	-.3517608324644119	-1.6803062828876252	-.4387066236568391
0	0	.042283446531377444	.37173877530082394	0
0	-1.6113504453925158	.5772016976673657	-.19441062672791104	-1.1123348374915105
-.45493840993709567	0	.24700511822377225	-.8930240034932553	.6940908144214227
-.18606849362169997	0	0	.4987985490424662	.42150206618156016
1.4440619327380095	1.275518806039199	.38717900855090237	0	0
.029404752878244733	.6621752329027318	0	.7069116448891055	-.9792764405698557
.10142588637087513	1.091305930380004	0	0	-.2841403045260916
-.24963418824666603	.5995127388525893	-.09788043673883323	0	-.3889667071512287
0	.7137537081706523	-.1670199405452007	.40588788463520675	0
0	.9396991238697383	-.16526730085252833	.2394967179347781	0
-.4910770873726852	1.6065280670030413	-.10872573122896656	1.4273258923778986	0
-.7786350142453343	1.356893171552064	0	1.405766057063849	-.0920722492825937
.7782134234717674	1.657293285160254	0	2.605073574997157	-.02606676271976853
.5035455137773026	1.5358440497971402	0	1.3021314558701789	-.1703451872125209
1.5249530093050057	.6044971750574069	.6377020066732391	.6245608488384511	-.7040411347121646
.16968670407979425	0	0	1.1706328062014004	.015897616983053198
1.1496221627823136	-.6772359774413513	0	-.05141757126663635	-1.2742828112724347
1.640428477427725	-.24651853341861374	-.2511575308772085	-.8366157866598454	-.172510532242276
1.1122365116525406	.07772034028901997	.029184197010607205	-.28305970839679834	-.6157745818423137
0	.6898059242995727	0	.5508598927998306	-1.1753549316800491
.2763856550558305	.08704864194010424	-.6178229654450056	.06034085952652546	1.2464831799015668
.10826092547429637	-.18756960794879685	-.7163023424486855	.5401261908237136	0
.25472825533218224	0	-1.8349833490377958	1.0286340470260469	-.10141560370850777
.8952411727859525	0	-.9076827779064501	.6867496598373515	-.3826047686204082
.2338772273126054	.35926651324230563	.12827621123608976	0	-.5674222320082134
-1.1973277924166927	0	-.8245392276982572	.7413609123397946	0
0	.6572341388058575	-.4286204621792241	-.13906340799160732	1.0610058707817989
0	1.3657763033063757	.23180354647858314	1.0131900925892938	-.13719193154722364
.27297077919704615	.4494160486485581	-.0007501512742972283	.4875993124220008	.5739824466093202
-.15874817690080278	.1452689682493273	-.722172046276906	-.4797354959984128	-3.064350024976843
.5470920161054236	1.955979770368202	-.8526666437650572	1.6849054035181816	-3.452229027597861
2.761684626696888	1.8519827185410944	-1.2202366648355734	0	-2.212543009054445
1.8747548605245934	1.9348798006048165	-1.075273113229507	1.4185861118306216	-3.0345397423857943
.9869437731947017	.8526014745292271	-1.8820722091772688	.6436840350836075	-3.155875166871598
.5797315969314182	.5526093758531646	-3.529176640669412	2.0060633186573815	-2.171817534470031
0	1.7136300567451934	-1.6331746622775565	.7591868747246258	-.10523406852266015
.9840874627294697	1.9186525902607658	-1.8670299298289807	2.862242271634335	.22395680033290433
1.2898274870023623	2.278867038531619	-1.4236871353549376	1.043736878647487	.30464174866873617
1.453397780998265	3.813286353020356	-1.8977106383699578	.6727587723441906	0
2.5199454742609197	1.8327535378800448	-.948216625328599	.8195152505040673	-2.075060372073289
3.1941054845740973	3.0963555369674225	0	0	-.023123137821135675
3.495245827189614	2.3072373629818985	-.6675146486062695	-.34325594372495727	.14365172237575727
2.0802565678848968	1.4434947501913036	-1.0580136253876389	0	0
.18385451262436625	.9040569797816455	-.600100192011997	0	0
.7295304989714244	2.092540735089786	.3847888384940219	.5773025278278213	.5602966900466801
1.0543997121019648	3.821839215090371	.7594723389298617	0	-1.7458547455684608
2.6105037303310112	2.481525645294805	.93801319632847	0	-3.2419201429225093
2.154033250267669	2.3573873404623384	.447579994237275	-1.0763115590607575	-2.432212782282249
2.303180535120246	1.6107936069718756	-.08308338068655177	1.2975617056253814	-2.4366447097599013
2.3799661709580766	3.141453125711074	.7818587694532569	1.9012217809383694	-2.2950899028132783
.8893862258205797	2.6225222383233624	1.9444404526529655	1.2353523053951971	-1.8421642123319157
1.87955480572243	3.681572588706734	1.0751249377948837	-.13968283437798434	.5555352798864964
1.3306874684718366	3.642501863935319	-.05538476294534561	1.4893864842982678	0
1.1309716918592667	2.7029532087242814	-1.5207614731663972	.9033576097763486	0
1.213920746649185	3.0151690127249666	-.8153041140584361	1.378151672908782	-.6444145890692403
0	2.750385437567305	.2961428958294105	0	0
0	2.318801461655309	.22989161446501039	-.5302473996652041	-1.509707811748906
.9576465695195712	2.7325961175834994	0	0	-.010059488697531926
.8038632716890458	.5415380536529562	0	.2814382984402296	-1.9065861544685108
-.05662698687111778	.9465330143823868	-.874747224597813	1.0398548088883377	.5983362292053234
-.13989695063892102	0	-.1429881004985674	-.4289278027229081	-.9222931820339837
0	.31638360919188124	-.0711084114092822	-.7162746237981119	.40050749254604434
.03415632151195462	1.5777951633175495	-.5767614253997427	-.33247204838378935	.16221562847549878
.36560974633946036	1.7608241292391336	.40229333896788494	.1840012148493792	0
0	3.3071904042564477	-.6208095992195148	.8415411960430284	-.10405726947492216
1.0656104704960738	2.614460289021771	-1.1070276148235996	1.280147670335632	-.83502631042527
2.2466141876832997	2.6842489599146537	.9374001595658881	.2118122929376889	-1.394571278161272
1.379901934729851	2.870368515822544	-.5581579871148211	-.571844923386381	-.7124792567505802
2.1377316251795864	3.228158991199215	-1.4105124794012645	.9646084282251864	-.6711510769886935
1.0042294599134896	2.038348288953686	-2.007751191088312	1.5177089041872927	-.8352904613247296
0	3.2130605550561513	-1.7351584180163206	2.122184429853817	-.03846276509963492
.07106003012472362	1.9269914822317085	-2.9054383017601495	2.649634890792816	-.8018605406470493
0	3.6145439286861007	-1.4079404355304626	3.2598008206580746	-.50038599296922
.4801621271188994	1.7925458091939903	-3.476336945497392	2.8004613865238768	-1.06397546840366
1.4751304843274866	.12773729871963824	-2.5458719094178743	2.5514809930062277	-1.8657309866574532
1.6097815807923015	.07450394554047085	-2.8129125765392264	.2581197551143781	-1.8655537741136328
1.8218025979027435	1.0084009000418304	-1.9948309362800005	1.295850152478983	-1.3511542941378152
2.0089278537977355	.3897560912274819	-3.0312414419404816	2.6598437568016173	-2.0292861336524624
3.3475516100328644	0	-3.2988018366016463	0	-.2290179875105981
2.8532561735120927	1.240014083344941	-2.1445722969709013	.8964280983464996	-.605740967025882
2.397957508682474	2.4496805721578956	-.8547416026900707	.4876438664286695	.7553150321744586
2.277837059437136	2.026591165971489	-1.334559913476266	1.4239337263403282	-1.0654554338385944
2.206584488713469	1.1852245652830535	-1.9710947600194442	.9066451751572482	-1.2750603097953002
2.1259664023456644	2.1084152523694133	-.699152770574885	.07990389750759519	-.798450254885656
.3888809359532321	3.5166795739254697	-.06884744096601625	.29246396731152935	-1.4493965868556702
2.857792112773779	2.7205798973642654	.181145361843358	0	0
3.554479343194383	3.4270025565432025	-.8577953451303811	-1.81210348350732	-1.4626002522583286
2.7309010960225466	3.132680496238778	-1.30461840275085	.8031615489681554	.07232357018264633
2.290661835719372	2.8137950210531972	-1.6462000251345423	0	0
3.4855493028784483	2.9904766595159646	0	-.2725979746794346	0
3.934939771189449	2.147602934286902	-.36165971706679284	-2.011392636243859	-1.5329788375604285
2.501130296524166	1.705833366075418	0	-.4815168960723629	-.8352653524434095
3.4567609161454262	1.7361404838625358	0	.051341830100745625	-2.099019320971383
2.798663182968333	1.5094216578351338	.8116114853450753	.3060967220126104	-3.567403465068293
2.415197142535688	.8170261760180617	1.1291308319119748	0	-3.599505295534671
2.1439240363197514	0	0	.5908611125828813	-2.0698434913639057
2.1782431155476516	0	-.6088970990689603	1.9166601429865024	-2.3741740611131172
.6378547845795259	1.1113320050079931	-.7635045584496806	1.7691881071878344	-.5181540786069632
2.1567432286345025	.7081218192880907	-.5444598039223518	0	0
1.2529882538914154	0	.08832416101426412	-1.302336188008567	-1.1235470767238707
0	-.5495046956455942	.9228314382971581	1.4093682208309892	-.3302343256056509
.4575163804054015	.4246244358073499	0	-.9832734341610034	.9572329303289628
.04330370779439813	1.1200766457283104	.27064176478459756	-1.0248967651430794	0
1.2966381160578289	.9497816864394968	1.0531326347172567	1.0631755008839465	-1.2145027669825244
1.5812043038463044	1.0652777169356606	1.3954136172091207	-.7014775261367324	-1.266985212816193
1.6653635731251173	1.219585800085046	0	1.61835385653278	.7745261039416904
2.453001017953101	1.476438558758013	-.6234474167146322	.6596750309881072	0
1.2846001858162988	1.588943336213426	-2.141276465943794	.5085157117058761	0
2.273583592475706	1.89124524332665	-1.8223082405217292	.9122511801692984	-.8042098783452296
1.6318803970562827	2.001075683814388	-1.901801473522514	1.327274141681195	0
1.4583013598736998	1.3939181501951112	-2.546806865705616	1.8691801852928045	0
.759282871403608	3.666485283228912	-1.3967968309015917	2.13127105584552	0
1.4514356388374638	3.6163628579189315	-3.6339658237159562	3.0945335531203697	3.063764781607147
1.507255372421912	3.2750493214240897	-3.216414105166224	1.9998035473577367	4.2097491036684085
2.3697170749240817	1.213695195945983	-2.8328904800807297	0	-.07764615059066016
1.7376321867197655	0	-4.481370744944975	1.6453107438257117	1.0732445212189152
2.4219025024228342	0	-3.3166283863778485	.8108518712556665	.42788972336772735
3.2094081195717377	-.2142087190174516	-2.8430627387889245	.9024842101456386	.31091270546459987
1.6657851604983231	1.284508769185135	-2.220570348908953	2.698168199305732	0
1.6015915255250508	.46339198428818223	-1.3487824168256382	3.88568595335685	-.7869611646575896
1.4737042867583112	1.0957603124472484	-.18820088959182868	3.0083409874932854	-.03754343628550835
1.4099910776036588	1.187837506496307	-.5602339599098998	1.5649007395236751	.24461331556817428
1.7984772427647688	1.814913399703853	.37288051242212167	1.9799896523542873	0
.4105438199456047	1.23942496973183	0	-1.0947868300799726	-.01078695420915543
3.3032164721186534	1.9131132759638552	-1.5727474928709262	0	.5568954749884472
1.5252584239484497	1.0763572136442865	-3.186036573083116	1.3969602742475233	-.38654660002400043
1.285024965745696	3.2409481861739167	-3.305629437501975	1.4508102913891001	-.5443310191547825
1.2973944195575131	3.12692750206494	-3.6567377537391215	.5925187027263987	.23877678065696623
2.224099186708766	2.9416501991124835	-3.530737100443479	.18008709258461925	0
1.294278001235421	2.7640682537983645	-2.655102728528086	0	0
1.8771901959081496	2.0108246817748943	-3.5538084531839513	0	0
3.534527323942199	1.6162034879822653	-2.4487608673055847	-2.8860113452169087	-1.2999886265910081
2.7821313054911916	.9377137312199505	-3.0519758976118476	-.9851760400676816	-1.0282977912137596
2.2811870410661013	.5739997122899915	-.9892788587070152	.01332940044390421	-2.6573892435599475
.6453279738853378	.6633748783242	-.4546638643803968	.8186934135406306	.23184763145209236
-1.3620532522596906	-.17685015034174661	0	.45494146517423795	-.5455675583334509
0	0	0	-2.161975238083258	0
.5515781636377972	-.9588403457885963	-.7452538885901325	0	0
.8429235381241199	.08935264949909777	-.32181296554267463	.7187592126204614	.06933522296777495
.2624704786208263	2.606150174605185	-.47186411485390595	0	.2820405638408974
.22610696459751492	0	-1.0691797344995106	-.13823297862999087	-.1348948011237024
.11356376311282695	.4070645418888974	-.8167518223092125	-.8635139336672857	1.093103418699887
0	1.1647670230862912	-2.03083355678148	.7357574844283079	0
3.096776757356854	1.3591285748716215	-1.6234472115940548	0	.06818049467040399
1.4383231333860267	.6779730637499491	-1.0566028615639116	-2.0602684593288414	0
2.375260185262658	2.775580272587728	0	0	.9364548770801404
2.5644353849140527	2.327285831172421	-2.176815941411253	.5157940516616464	0
4.157246097449066	2.33104741977555	-1.9229898736822308	-1.3736869214299494	-1.3911179583842104
1.7913266016168916	2.242745948688709	-1.6955693903674982	.21647695638446496	-.5281619531615528
.7943478608462659	2.1224609855057794	-2.883527487404722	1.713781562717953	0
1.1774341012638114	1.5291293436029167	-3.486548876906702	2.9301124991938963	0
1.4697387733875367	1.5023198050453888	-2.9038498394912375	0	-2.922949736631457
2.8773520513214335	1.137448757396366	-2.0046488902433035	-.602297003779164	-3.050327707768833
1.462661035529761	1.446557917193333	-2.247440099461207	1.4269518556755638	-2.041238170626749
2.186284068045252	.8571107716025701	-1.9970375535492961	1.854375387147786	-2.7208759156965208
1.6132731785682963	.6453323625629894	-2.1738546204776754	3.5915446960548314	-1.9347581341696949
2.472803355157983	1.501732102633105	-1.769781525547098	.983741262455073	-.6675595917420788
2.398709931890322	2.058576437523136	-1.3302666567935226	.5531398984728341	-1.4343944373929087
2.743332773890236	1.714376996198348	-1.4061843298246146	0	.6871566396902922
3.5173337336993544	3.520612739944605	-1.2539534737049505	-.535906158362273	2.302085476806819
3.5190788349223308	3.1677556382705925	-2.301977448829543	.1920111843466772	2.4874680161061176
1.566464998277745	.17591252139199343	-1.548561127063984	.042505041842451685	-.9235176619464982
1.7497853516996478	-.1652361357538515	-.6363184894553877	.3421748407186656	-.3421565550769199
1.1415109876876524	0	0	.7140675107917533	-1.138052333498801
0	.43147700356453583	.4301259901078622	1.2789318189883676	-.6716595352166244
.1256963630593962	.5723301603623854	0	-.5194839045733437	1.2897716341501524
.7107360213275064	-.6110002428814805	.16727497426287866	-1.6214264933307785	.3875953169055599
-1.0289428867874695	0	0	0	.6930314692847643
.32237732230503	.2718547767999127	-.6810866696522768	1.367674768636002	.11456157789616844
-1.4189688963280103	.8289837038690568	-1.9181642460469903	0	.3502973888222198
.9588184203787821	.9281528952137591	0	.5180502768918969	.31766509831466433
0	.43363970861753703	0	-.2541407909669233	-.03447752161345641
0	-.588850012354045	-.3946370126530062	2.090335274221451	-.4926150318479878
.8936013729703194	0	-.47294372409888324	2.5966349303028573	-.1463087538490933
-.22379502876108925	0	-1.2239425715893264	.8018253763897254	.20913613843195
.5383399708372517	.18048791319012752	0	.05996999381251222	-.22248196337378986
.7050334815551439	0	0	.2999491049838287	0
.4971175420730366	1.1483653133893963	-.9217640444400851	-.6125370805835684	.15044392495364875
1.8689861650121202	.33404828773671735	-.3863759957518291	1.9794785337269616	-.6957841279712617
.5149433069495576	.17468104966571102	-.9358052698640624	1.9312210604587385	0
1.7329777545894118	.26284975652175235	-.4683854883359545	-.05662985586311192	-.44955992572503733
0	-.049677673742879534	-.7943914337703595	.7486650581867612	-.03236007492086129
.2979572613461664	-.28051166313484055	-1.0009429727873762	.4082269525395251	0
.7115397736874535	0	-.9024090047459549	.6599683384883577	-.555267482447463
.19486454663384717	.9666681949832965	.14584591882554376	.2548098272933332	0
.8659074456040586	.5049540826903057	0	-.12495450486934895	.12708099586823562
1.8801669927721425	.6167727894445408	.13929854065338876	.9074099306747171	1.5042301015438078
2.734344030399016	1.50909358322128	-.4032544309530656	-.7937943775748444	.17288375007469997
2.864658649598004	1.8725931365482753	0	2.0129491574608465	-.7185643126900692
2.43024367641559	1.7997689757766455	0	1.4472930831168784	.32425463303821567
.885332348794008	1.7681788348359473	.005493667565144883	1.8528366854978686	0
.34787745632468814	1.317063454741237	-.08797821334362273	1.750289950962126	-1.1511381155205616
-.3755350483134495	.4794341797619214	-1.0890543429931487	1.1600163072268883	-.06547736248518188
.24841929245820282	.5892403136211305	-1.672573468297163	-.8888870006320391	-.053760645708628374
-.34749489320317906	-.129998895721251	1.0935583773414668	-.030301209694767642	-.27049645217890395
-1.803933052033111	.5540244328564521	-.4160359710360983	-.039979326734056214	2.073740360973777
-1.6217798530107748	-.7563487108474796	.2201943536503081	-.33403695129081434	-.8857087372256749
.573677762600797	.5916978880368293	.43727656752038996	-.16530490268569578	-.7698051024064196
-.2530579626795899	.9315292226047049	-.4479323969216461	-.14027949115974014	.5885075346991674
.011821716295899676	2.7505359936797054	0	2.316702805434589	.08994766586094984
0	2.006177268739188	-1.243080861023477	1.7691985544111677	-.5996666988266302
0	0	-2.011771962589898	-.4974794599794534	1.56979216677694
-1.5016967690002523	-.13556659182517666	-1.234252555425535	0	-1.00554108416812
-.6783718083785808	1.0610249632512212	-.3946138554443148	.5188227528198986	.10725903207594784
.46879288567311983	.8272279674187308	-1.6553662526406374	0	-.5023095597868434
.5060826762118062	-.5275820853231155	-2.0640222459301882	-.23772930406596426	-.8895901892064075
0	0	-1.2867220680198932	0	.47273613627844224
.6612987973947452	0	-2.5166105950644595	-.11896087992156046	0
-.22269780790385885	-1.2241991768305927	-1.1139477971098424	.8188538900197713	0
2.405291652153341	-1.1075715386698621	-1.1697546724628487	-.9569132867389382	.23787307563494964
.3110746944725094	-.28475069744793635	-.4742002529586923	0	-.5461727821705623
.09098120709854857	0	-.0999345699914238	1.1084934250670408	.6241137716408776
.3042256767204548	0	1.777809492485099	-.16010440744574583	0
0	.5985768785796051	.6817114615355581	.35360586751237383	.13408629102432035
-.29258032707927645	.48858296574837656	.3388608410667473	.4933712830153217	.034362326531187204
.6914766037646223	-.732123106006375	0	1.442064255524737	.16538589016660254
2.2616919648093305	0	-.9172311259694808	1.655076888048101	1.0579556479002554
4.367772924727709	1.2280478375095165	.014763108146182258	.4081173051482301	.7643605403188833
3.843884581192582	.8584033363207886	.1148866857117311	.45034648618117146	.2937115699910832
4.007255425185814	.23504411815173645	-.16694668097576243	1.6671172176721019	.8952492562319387
3.9139950588306487	-.2417811416340975	1.0651955950875895	.7787446056111433	0
3.7496887962614296	0	.22590864913835185	0	0
4.828261576352396	.8692427137437367	0	-.7215928712913585	.8616980043787941
5.861691075271979	0	.22630213418467335	0	0
4.796244350307971	.7840090955729571	.912031891014208	-2.36434557129457	0
5.123647539909113	0	.6507097007222584	0	0
4.581845286802777	.6489652878630587	.33976805331053567	-.34627544517386233	.2553754716598966
4.994536527074699	.6613481853845535	.6669363981443829	0	.1824156541327561
3.6585727515492983	0	1.249891619904793	1.666369624424854	-.4493261139155247
3.4331524492940666	0	1.3204747888807948	1.6425373265647532	0
3.1670933917949027	0	.5016594081902849	3.8439056023826224	-1.7446552683715222
3.0109545747067297	0	.4247194876766196	1.6313919108349366	0
3.7463218125792146	.3947772649182277	.18723580658632316	0	.8471885962069128
3.2298088867559316	-.5955196667319742	.4289870878155048	-.1591587667290999	-1.013006861177416
3.4006651735655726	.8064142955601729	.8309187816884195	1.8975713978676705	-2.289644077130053
2.6075890155233497	.2961420700687106	0	4.012276024062168	-.4843006525778454
2.576718175594257	1.538775952426111	-2.0421417806541857	2.636245457927362	2.3116717970742013
2.62976364504066	.6145419549460539	-.988259921023942	2.2749106766222265	1.391064700202449
2.19180194521868	1.5304595164090737	-.7240529663232166	3.3757252010141685	.7298672059316323
1.2252699667449622	2.1218454827984132	0	3.0765073147545334	.8796609677740959
3.194117324405615	1.3951883054742225	.5619352482464848	2.2228491937797985	-1.2722513869452206
2.822953686358096	1.8271491356225085	.6319372518757147	1.273059680191198	-1.7925482960716121
1.2831092334674987	1.4277910357089183	2.387595932950786	-.4304593737665184	-2.860395566719057
1.5567243644223954	1.7694750896145484	.37495015369970597	1.9813548332252318	0
0	2.652719665155487	1.51323946503929	.8811594004983159	0
0	1.8190287056477565	0	1.9303801832438843	-1.3701254245351153
.640177549073103	2.5028641338244872	.664095273203474	.2202278736638974	-1.0728852017035144
0	3.2931635905535503	0	2.78004472819411	.27857532812688773
2.6431365649332594	2.0692446089972485	0	2.1376921669309055	0
2.071917251105207	2.4764651424790083	1.83550419382131	.09503293394758011	-3.2912596396831244
2.011280471183883	1.8581034858433991	1.4110064355612828	.587873080012993	-2.6776830596319723
2.9972497361446635	.7020911972065358	1.074131051104903	0	-4.882803034210623
2.575631546762078	1.2858522307640023	-.6498814915760778	-.3865798391227451	-3.0452066981907255
3.9531151902527575	1.6997811102400096	.26126282091058495	0	-2.9509737456682004
3.4390217523539497	1.3286495075587974	0	0	-2.262974070463806
3.8095305072083177	1.2859296586241158	-.4316329098002151	0	-1.5981363222889167
3.258075488760157	2.2944627906957726	-.5604048210412803	.41216871949298756	.669766209825355
2.788597984224338	2.0281527139138413	.28243524742371895	2.1524217392851424	0
3.4586641455696823	1.225699486498707	-.5627813321648188	.5804859962269848	.056494120747956456
3.7128588267006584	2.141207771536793	-.515413897548453	.7157429620494353	.6734483079153613
3.9735650954384782	.43495745538754627	-1.0805135217569348	0	-3.6416074149110957
1.8109442682164438	.33054651155484627	-.9094378796352163	1.610044341309894	-2.11109950536961
3.048852430795713	.09455197093702947	-2.7782968105797483	1.3982562943932917	-1.7764844739101746
2.8531867704108347	0	-.802988407218378	0	-3.7787668809277926
1.8869849287095855	.5632487815336028	-.31275669582025933	2.182081984518558	-2.5301362004570116
2.399697429145009	-.34854723051488484	-.2433799233348009	0	-2.4252208310444616
2.6327667615868786	.5021855393342997	.4669067169157609	0	.2620494514600171
1.9192251089782395	.6397491710137223	0	0	0
1.4141177624590888	1.6095426368511632	-.8825118746838309	.7952993004130309	-.12338549373912605
2.5789862073395433	2.618461010517425	0	1.2389665603784457	-.0850890633351079
1.2249608604569637	2.305003231175624	0	-.09858212227917518	.9269745812038197
.10938623323550267	1.236273560744114	-.9833482340637221	.7869212047557779	0
2.2756785693781096	2.1880519992840313	-1.676518288281086	0	0
3.0506691681230844	2.150401803327582	-.46352648370788524	1.8122262879917372	-2.325382224503656
1.37583363863793	3.086450248248903	1.1194312403919473	1.3060434792395887	-3.0949308472406862
2.046663334516334	1.689258171549049	-.01328764320109091	1.4910354311527458	-3.8971102442768344
.14157285834697442	2.981177567498121	-.34393722776741065	3.1342448935806613	-1.5144768659477275
1.4663618099608913	2.167181254695697	0	1.4784990228138244	-1.253980141781807
2.2787397299768797	2.5626725458323274	1.4349188105283652	1.1748933641084711	-2.4494144470096098
2.20891383448143	3.760879940526888	1.593048207637791	0	-3.0548961396796264
1.5469311808925417	3.5413299468511013	-.055411802971276514	1.7563677001680342	-.08745122671846836
.3861997496887921	2.14257486714062	-.061916813216315425	.2736467238512963	-1.2538394303638054
1.9148178489932914	2.409817139418426	0	0	1.5050586519217375
1.7004648835943463	1.98578500961512	-.30792501929446775	.29502401131302686	0
2.643994163373923	2.500246025653237	-1.2571919846754962	-.7265327796771255	0
1.6281828262599687	1.578760466440027	-1.2636343631835043	1.1044197050539533	0
2.357177655561282	1.490500540136887	-.4872797872954653	.7170325335636175	0
3.1687995196210834	1.614865158049916	-.6970185066422105	.36660377752494644	0
4.08878948457776	.17208288181318515	-1.6786958617966017	0	0
3.230543694383856	-.6257910072967842	-3.1463539172589226	.7875734183585197	0
1.789876303528906	1.064463515286872	-2.0484168664654696	1.9450300751442096	0
1.847854228905264	1.5781867499557842	-2.0875709274716776	2.510744165442875	0
1.893903258657076	2.4469774977780934	0	2.6666262437215154	1.788049196278274
2.2651528581930673	2.259549369984351	-.3789197345107843	.6049239034661287	0
2.4858286938068934	1.3689719555840982	-1.6520067526159714	0	.4970929031298526
1.759669831249354	.833967408293914	-2.7022882110739577	1.0501944309319884	.6142888919407785
2.345530820185418	1.7293128187218336	-2.096818347337737	.7914879999353797	.18923913141316828
3.036890881874001	1.4447600741948103	-.4038564392934329	-.18925006144502066	-.25109110531179424
3.148843785856723	0	-.5514974578153671	0	.2690522416996852
2.410032431527746	1.0740995851379553	.09683335086251703	0	0
3.134592280165649	.47900763301499616	-.9098342290993563	.4921711901449097	.13379821272833936
2.7630205855740853	.3190640198846427	.9958520896991552	1.0772534254331956	-1.4794155081042577
3.2504875457257603	.03163472984846233	1.309671471316693	1.512205578357697	1.3338262323223224
2.7657407834170975	0	1.483649689507557	2.477741093621194	1.1330333203180203
1.7395607227253964	.6395090507240422	3.368294046816217	1.1078368132820295	1.1818159420453591
.9565712469157845	0	3.377356640543274	0	.7715145143322742
1.1503951082671398	-.7109176537846784	2.759529981116102	1.243976372703964	-.3671853177324752
.3616659153326159	-1.7174799594338526	2.1573374594809636	-.28863200918784826	.8375104150107868
-.4686407703989756	.2995846369595582	0	-.8727342758581313	1.3787534443755853
.2220096374909334	-.5038931790862115	-1.1320266959134	.760805938057809	-.10430178686342736
-.5439763069625047	-1.2256768972649223	0	.3810757982132663	-1.6212463081412483
.7029135181794064	0	-1.13008006742501	.2546357756126093	1.2577967479633239
3.0257521501754296	.12123377467530877	-.6844573524817121	1.031314183574426	2.21272310099767
.0769924219551622	-.783907910607797	.08088877547647211	1.3373737977590006	0
0	-.03660993714746036	-.8514512147622578	-.10697944009121936	-.5087964108316599
0	.37670131055301914	-.04146100656692048	.2514478037215003	.4629279346119922
.45709284836993314	-1.087726607674405	.6497377697163872	.23476637991621246	.14319845753336918
.39981883026946086	.2501429026804641	1.2111543835382574	.06290872342306128	.9137415008563319
.5496306833807085	.6964287083206953	.07431539306433599	.48479794317782154	.6485236364059075
1.5628249804838645	0	-.02557801433994933	0	0
1.3194078007097318	-.15814946855535206	0	1.2905143446580571	-.051070642438448804
2.291171956247775	-.3189371046945151	-.14530293929941604	.89751506400447	-.7746473633075519
2.661765800538382	0	-1.0545931616695086	.3539760807442689	.4824477262629587
2.908827893245648	.7024254313428118	-.5592083738569859	-.45950608929180425	-.4853375076155437
1.4932804157860222	1.7379508855799302	.612520016872942	1.7209354696907238	.9182977188951484
1.9461967973923684	1.2369118701892197	0	-.9404924334266609	0
3.688629328021907	.9459075776355438	.17849956239301026	1.539834668040658	.4081321590622814
4.582690840815786	1.8585357314405724	0	.17470933753887763	2.2637626989958117
3.239594237333127	0	-.3030508843529506	.5085820132765371	.2650355458559568
3.926763560721154	.10119614836879037	.2819299549975047	.7822266431035876	-1.2193933597666693
1.5951907144014477	.6476175073517285	.6126225707366044	2.8641161559892114	-2.5236933695836807
2.6150256629551847	0	-.15349665140888197	3.8320546881855524	-1.9723752784016528
1.596538291683531	-.9202015076488878	.3486253462970534	2.1406446701812407	-2.6145224694126314
3.93834872365271	.8589220132570937	-.837019499744982	2.271195998026941	.18982517987404085
3.7707532170640414	.5295813297167267	0	-.05877949493135365	0
4.2381015297447915	1.9352680605658306	0	-1.163560932284263	0
3.948678119996669	1.3867773187545358	-1.4104087307476587	0	-.22921371335680726
3.245544458700693	-.45604554763537863	-1.1427800061770084	-1.0152604860502157	-3.3239588528610295
2.553043744963261	.8402779757747048	-1.0528779066699478	0	-1.4299723259821222
3.1976427841370114	1.3518475136388786	-.8721525181272338	1.2890362508516549	.12688592508746355
2.745000513616624	1.2804761098355604	-1.796898554993814	.5024414896645422	1.7324252258619766
2.344927728690271	1.125082102295983	-2.8211417526953007	.7056917205839577	-.9139385180436372
3.8213264851353568	0	-.8860295400845455	.6014231479817609	-2.580837820725161
4.497032986349976	0	0	0	-5.073795992162804
2.567958112370693	0	-1.0162850512502162	2.3681689363196337	0
3.2394595355180122	.0406380597586225	-.10118790144989237	2.376326266534427	-1.6308214931200422
3.1131999649346813	0	-.36423093244909616	.3535213170235264	-3.491819268153137
2.973303828455972	1.360563290353562	-1.6673190197138121	.47941693673092484	0
2.6013290593719813	0	-2.537930590453492	2.0590569364334654	-3.956637267457603
3.014236980995583	-.20149909418623144	-3.884198306668885	1.7931170540635328	-3.01452547223558
3.087908219668901	.5707115271507868	-1.8259453619110824	0	-1.0879478559745848
2.7403053525801417	1.0164003697821984	-2.399232901003847	0	-.5513215413630326
3.245832455168827	1.4126970421085399	-1.7017202702022087	.2464046647711138	.5696752501982606
2.594965564989646	-.703351510809441	-2.736991123524343	.43683353733281594	.7607889602369857
1.9576720757632167	0	-.8314395245537619	0	-.8094547694923724
1.362261602371783	2.461290718853823	0	-.011961223864300763	.9399307195211661
.7271265474357254	1.548638323840207	0	0	1.9106514356076774
0	.5902226401970477	-.39065645753330164	0	.9079432101302339
.4559509308822142	.6672001290801	.4431544631612928	0	-.4190606795698079
0	-.31782369797651355	0	-.3896874785713673	.32400689650401754
.9580555286070483	.3187649216492317	0	-.4289013363021838	0
.051087399836836106	-.6560553655635573	.6594966704329602	-.09985174680443576	-.683083143588878
.8292059341246627	-.6258464551847007	.3252580487241147	-.08215480761721872	.6633794197339131
1.093647000156083	0	.6063631889662005	.4593904923558835	.5967127122397569
.7026232301468947	-.48052086769396174	-.1350343136468851	-.1532649819658714	-.6640216897180833
0	-.6934877751406672	0	.8521621013904466	.2973263563317958
.7254790320427378	-1.0059608173879395	.44418657123223204	0	-.31815580797262444
.24438322985619462	-.6296359986192274	-.8071570319936238	.7539054160077202	.9705956072586108
-.6144812645855325	0	-.603809456614432	.3783690406735838	-.4084812295326979
.5109095552789416	.8033902796915824	-.7115898642030948	0	2.2273325453888875
1.002641324823937	0	-1.1771896409093119	0	-.4528952231631669
.808040430701237	-.8332123070048425	-.9075267463997587	.2648073436438062	-1.4633908169641812
0	-.06176320106619987	-1.4820857456859107	.49837066881108905	.3337378743010002
-.5117225066592357	0	-.6660086437560309	-.6330392865387935	.11947144502608958
2.584193551350113	1.276411982866637	1.6817337502184444	-5.141348958230494	-3.172515987984193
3.6509736678514813	3.032062891138622	.7643470286125487	-3.694313630408982	-.8591788029267349
3.5602217340098634	3.7519940668480856	0	-2.5460007666919533	0
2.1531084101838864	3.2445978475050348	.6471546231603791	-1.2416415816371336	-.7052152662791107
2.289281004997035	3.221233612535544	-1.3738975261436372	1.6289379014626817	.6760705378824519
1.2884666517901644	3.0634228236914485	-1.3175695929608597	.7847626095795895	0
2.324021963203707	.7778776423877944	-2.2706981362087455	0	-2.708637018120288
2.5373706730560683	1.16946834417286	-1.9773023497630948	0	0
2.2693103934708363	.5596982367508222	-1.627733035849506	0	0
2.628508353736777	.33642109790449615	-1.0794972555419124	.9850237942890424	.10471706370217049
1.0939534228277035	1.5147334590186983	-.3361445563475359	1.4760280041275677	-1.694734270100883
1.5247272466991921	1.7840009589647634	-1.3036914161538564	2.5678668367769997	-.16123411499270984
2.722070504700735	.9838760167196444	-1.8755199396458957	.213604540843777	-1.3829903771825058
2.9943624819027654	-.2602664648579941	0	1.4574611876467343	-2.1699693422737374
2.7687028818768344	.34535631089237684	-.7076705688223035	2.805735235302098	0
2.5797005461162827	.7098472489300224	-.689812048757831	-.6715360962012662	1.0686030670357523
3.753620455246699	0	-.6118199238087648	.9147348941320963	-1.5239319873128199
2.6396602342289754	0	0	2.6482553612426836	-1.8886967970753394
4.464693807024966	.8212159834596432	0	1.1932427481007797	-.4390437849644998
2.9821403240835327	1.759782872860634	0	1.9581842125006979	1.2142622315761666
2.4679072417727808	2.1210641540100186	0	1.6222847360583406	.005172983615968962
2.4930426364609093	2.270353932372219	0	2.3871609670698466	.10871696885029047
.05139074346275621	2.926808319082605	.5027804381944881	4.17221529758928	-.9210394646447054
.6162961654389931	1.1341514790473897	.9902920128123764	0	-.26277964782777463
1.3710240450528957	.6380873973592575	0	-1.056987887436052	0
1.9060326659130655	1.4017939311600816	.7011715652084082	.8847961211536626	.022778656408463244
.9567631517322066	2.056779540721009	.5023011762867848	0	0
.8823614943239062	1.7814747765040786	-.34252912331993496	.8937963138703708	-.3633504937419022
.7768484428982084	.06494726614375838	-1.289149328799257	-.8297193448392566	-1.328492567905173
0	-.5953279399614959	-3.144778153679677	-.14617570875976094	0
-.9621156304512912	-.3378076334717081	-2.7383943242755744	1.4724978142572511	-.21175996377757333
-.7051017820340578	.18663401887884068	.5171602170962574	-.5321787270986942	-.7529032965276444
-.24966136814102913	0	-.40777588316827207	-1.5373390092827814	1.2991040696987175
2.1192111933383195	0	-1.3927002309476637	0	.12118189117382583
0	.5034078153788571	0	-.9831639637807232	-.6347247952221408
-1.9110616630886141	.9539635805922638	-.17999158581481772	.5955203311876651	0
-1.8423353843514767	0	-2.383973504183115	.511578173207611	1.0181636569993224
-1.4740839184928727	1.5864322257236136	-2.0157947963564107	0	0
0	1.2929841491194356	-1.1943613905338184	-.9059520894716334	-.7653402001308122
0	1.8235494150254183	-.660675832307648	.7775640254563998	-1.1242247821785663
0	.9692095532031645	-2.04537449336057	.7114379181033591	-2.6421281554276876
.15383116352183335	0	-2.7021969083059996	1.6685857214052908	-1.0343418554519752
1.5725882837277958	-1.601287330208568	-3.147594266296931	0	-3.128643088881611
2.1553548499101165	-2.3734395215841855	-4.042377661277547	1.5120523309788036	-4.62737574360272
2.2477503491210866	-3.2099411006260468	-6.19641760451288	2.1548269238268443	-3.870417976429446
2.6701371322738896	-2.6274804137717163	-5.92887994709823	-.5162447782636876	-2.8899739532802204
3.0391384312510965	-1.7139430799624837	-5.163793908515921	-.4962745623013654	0
2.4491508653453513	.4678262832168171	-4.0401782244275894	-1.3790046200411399	-.26481932827380383
3.2973166801969414	-.038012420116958455	-4.549277989967908	0	-.057214781465821596
2.69733179190745	.4550505201593431	-4.517974889115296	0	0
3.9007552862995407	0	-3.7975712340288394	-1.1608060897592147	-.5107185430907073
4.306968918830593	0	-3.320707706700508	-1.2291499847890415	-.695068818855858
5.062127330545012	-.5217086098089726	-2.6447762028211437	-2.60277066698733	-2.708384698407738
3.45277078797014	-.644400071382253	-3.18438609247672	-1.3421247946824548	-3.189595394485373
3.1134921483196227	0	-3.5821344158884654	0	-2.478396719263262
2.8791546514787534	-.04383554377113934	-3.4701353312123513	-.35149204271041445	-2.34523063691261
2.765842219035877	0	-3.411338454870503	-.8527262795067283	-2.357583419188221
3.490699782815062	0	-3.664228592720015	-.8964362607132786	-1.8686614420589165
3.762668179534854	-.5194656391878528	-4.90143609926952	-1.1852045437508523	0
3.6478472114870364	-.6168964975568064	-2.7876790073554134	-.400410580676589	-.35002325727087197
4.381890944044128	0	-1.9925534906790545	0	-1.4366220068257354
3.166385047045272	.3632625356711507	-3.6423125097414557	0	-.5046785006007333
2.8418466359440524	0	-4.0847193928255034	0	0
3.701817804905041	-.2535883821165365	-2.6998745214892965	-1.3930766925641493	-.7260538444139111
3.3138281316974116	0	-2.9958490209646675	0	0
4.015671015300979	-.0795161451105964	-2.5202237598750536	0	-.14394151646490588
3.428186814880521	0	-3.392696541033865	0	-.13274977598974355
2.746864659964811	0	-3.127495571210292	0	-.9248459087882758
3.0855941206059367	0	-2.9245500196489522	0	.18262111903499212
4.415595973021338	-.40640509532359914	-2.5515846046187387	0	-2.131126594084806
2.9938069574621147	0	-2.4635417923447473	.372701638867565	-2.5551084391245102
3.777877609837349	0	-1.4578084930994317	.0031946697082796405	-2.183599341889956
2.87195040514672	-.09334374084007385	-2.217659674392522	0	-3.0238610059533153
0	0	-.8414297764276175	.7500015720085735	-4.43620582045326
1.1085009292827166	0	0	.3080998640906848	-2.5520787551673543
-.9668435258060234	.512256376134878	.14918118574002873	.9853551719098724	.20540445326329768
-.6059655147363072	.2270052453486283	0	0	-.8900277017904024
.578748904771665	.6730125672510345	-1.098838103952855	-.3887843227176061	-.08552218927201188
2.273304921462345	2.375318230201745	-.2637806172296616	0	-2.4496362194918815
2.4415231133643727	2.825267112117208	0	.8309811903269981	-1.9444100209601838
0	2.188354507833219	0	5.274448807870959	-3.4587230282017467
.3405085878156378	2.177213331458833	-.002585145108500303	4.331875073091121	-3.739300182399415
1.2294481015705634	3.4304320740657164	0	4.168805209199268	-2.6562955305136917
0	2.9611432863480474	-.43606213827878193	4.057521439484843	-2.533983230659956
0	3.1071051811016974	-1.30362285544199	4.1734783054557	-2.2906079242800144
.27770084080692115	3.3493224775025388	-.8196129722377333	3.322143358969168	-2.303185556469548
0	2.1976799837362178	-.8226816076566609	3.1693342753723517	-2.5787196054900425
.5947695892240557	3.0220561170845914	-1.237863345571618	3.505414749837175	-3.28916809178144
-.018429369564253673	3.5288446232872017	0	2.2601867577677868	-2.2499682770727096
0	3.1795738807485563	0	1.6261574156524423	-2.3152833609334715
0	1.4151552147476503	0	1.7184491794713832	-1.5772776178385586
0	2.026297101890947	0	0	0
2.5042069837850933	2.26155039871993	-.7539468171942691	-.3416368775754761	0
1.4411620516142083	2.2214448559507574	.08605449290608838	1.2050047195751685	-.01993460373934408
1.7740071051914674	1.077606059379621	1.0871673109237934	1.4770407215256653	-.11385316962198228
0	1.7004231265901952	-.9035984896856274	1.5666362961700464	-1.8846504997510491
1.550418661835056	3.2415180152791296	-1.1316683883693124	1.3213767649471633	-3.334542150212303
1.3480012329145339	2.3954293219744636	-2.5758055015410846	0	-2.6053903041706827
3.026262041086131	2.270671859443911	-1.808968284954879	0	-3.2952145087021214
2.046150166662896	1.1107322615224087	-1.759848875397245	.9279408042787511	-4.391993237215657
1.0967275641494123	1.6306285183787166	.3659445177318508	2.7569344372334936	-3.8865888221934624
0	2.489413618063331	.5192073095576667	2.723828505028189	-4.638210050951698
.5415962587284279	2.732661659864556	-.07706698015630883	3.478404086549498	-2.2462250550373155
-1.6174432257908877	2.652252042453352	-.2718835889940067	1.626609945605899	-2.0301695303138994
1.3271924065072946	4.453464890749642	0	2.431576765330994	0
.47727352082498203	3.158488815713507	0	4.236224107992887	0
.3823994569635491	3.2564470404339683	1.0318509947347514	4.052255954415709	-1.4946849590034657
.15034396008503986	4.39624102790711	1.5110014780802048	4.092209471497523	0
.9614492106761211	4.228342416497148	1.7259873201871463	3.39372240617268	-1.5943698350591975
1.0998057973310762	4.712228790475177	3.0625702983100824	4.841287356917066	.03854177021232397
1.4039726221837623	4.469686583755712	3.363726791877565	4.748054362141566	0
.4647431623756144	5.3127831909303715	4.356173417200623	5.363390391824035	0
0	4.636163433990717	4.029182367838385	6.021715476367096	0
-.780510350818294	4.302688603860597	3.518580707080175	7.29493906638993	-1.1917304497751855
1.79867176190521	4.187690330819166	2.0760380145127137	3.0592225601702987	-.6959648895586508
1.1064856660226838	3.10864622012008	1.3777615383609625	2.112628496505962	-2.3000935059584
2.5947656384456925	3.9210997682303326	1.5200143505369508	-.49350163110661094	-2.1239408375557187
2.5530220708423346	3.1087388126827786	1.9682492726865093	.3669819335959723	-.8615479217830725
1.5592052998134192	3.991097995363309	2.1500262763335023	2.3712338830130575	0
1.9599046083937717	4.383840623694176	2.4585149921273515	1.0671767767544567	-1.1094335552412518
2.1457539406607298	2.553398710070298	0	0	0
.2708199309913449	1.0524831767308405	-.8195787874060221	2.3948886225340393	-1.2396893398829611
.013869797273068779	1.9436271071340272	-1.5960438624019027	1.342552145859916	-.6563047358606404
1.1591952685210214	1.6452692512549916	-3.0192504011420622	1.3783311266224099	0
2.3583317419169494	.1432135105809646	-2.3246074154030683	-1.106362708708632	.05409498721758019
2.2532978781447315	0	-1.1078919324293695	-1.0629873075787033	-.25091211590764523
1.28164241165086	0	-.6991535509538127	-1.345964274022081	-1.0593242266873708
1.323942806586437	.3570710779012832	-1.112031755810172	-.8450757469359401	-.5354818684662547
1.9463482263402274	0	-1.8469581478495312	-.9108357010255411	.1019456646364769
3.4962071603984857	0	-1.4529568587895643	-1.0448430345252802	-.3009242275893694
1.7553762718242316	0	-1.1569269234048716	0	2.071372986783687
2.041917733314316	.6150199548060449	-2.9938326461687366	1.4781614750924215	-1.0243153000321277
1.378260543711448	1.926830536058288	-2.5506106990353428	2.0060685613576714	0
.5845625887600757	2.0543952841691575	-3.360403266130543	4.564107508746335	.3962180867048406
.32691156918771236	1.4107477448559402	-3.377748545015444	3.3572734195759786	1.7721738687645643
1.221919995287048	0	-4.408525488577994	4.650879826243304	.059881199098266336
1.4212920663415467	0	-5.080391319911653	2.802834629698124	0
1.7963684394716113	.6188461154446194	-5.594737889549435	.9596084953408501	0
3.0924373592240886	.0540938392087931	-4.938084776749705	-.5063670482749534	0
2.1828641929571013	2.2542920042856496	-3.4962420009430772	0	-1.7589996287231893
1.3944737960735052	2.1180462883382303	-3.2185549865832352	1.1975985909749531	.31673984267723876
1.3292489236202731	1.8264831946841684	-2.041838452946602	1.973620458119484	-.7227330841838573
1.6887585071231868	.8723622848825643	-1.9896361132573706	1.794589032779471	-2.0638038956795666
1.5959423385003002	.7371723658961049	-.28464041313074345	2.409427649598813	-2.639444493591734
2.041405096731255	.42812860953191495	-.20323579865866265	0	-3.4130147922234277
2.1865031063065326	1.9686708628907927	2.1224956750070367	0	-5.483509953602924
3.795139916351428	1.3129047257133237	3.0351851973629116	0	-5.401153191851152
3.3681127342354507	1.9740284896654625	4.070419729611921	0	-5.773833925716999
3.0327903498675144	.6085158379722005	3.1091587129454044	1.1928455250679129	-4.83898229134252
3.072199704668211	0	3.1338012733555445	.8599356764978978	-6.020234916609115
1.8328176651722563	-.02488841221115312	2.9444147910409284	4.208882280302432	-4.539896325349826
2.8768388446390025	.5485223072014153	2.8233518818677745	2.6627319994230803	-3.58996297887267
1.9584695635043616	.6710743941524571	1.9897000218737335	3.1069870742502905	-3.7365850496923665
2.5730649527182052	.7367623345969946	2.1139776964742176	2.330912401689935	-2.7719476971060106
4.136173705113603	1.2390262242855805	3.045466495092563	2.068226374540127	-2.3020945889154727
2.61769177640955	0	2.8234294863556313	1.3236800132264859	-2.408623750359234
2.5470133852108874	.6816216640590378	1.8208832923693992	2.8948594467305897	-1.79578403638157
2.548958378057644	1.005357535746037	1.6562775558049831	.9193509012133567	-1.6836870129354997
2.3373815502271373	.8154982756845868	1.9984274827400292	2.3534480594634153	-2.2587022577292153
2.7818908770118287	1.1138163334871654	-.2966208055458118	2.5522916689837465	-.41043017446230223
2.5211336059706855	1.4458905078049826	.3801311989968477	2.275460253249294	-.17725081332143278
1.7679749237030484	.6809146253498263	0	2.660183244034031	0
2.0357715865912356	1.5031644617113864	.5326015036472815	3.667291770042588	.21606462614064315
2.3981374901421852	1.1316736910654401	.09843257395663763	2.6335105010677635	.12633788742203877
3.3510963751598895	1.0794282567569422	.2509880152485186	1.348118484195257	-1.7402533137957097
1.5086082458730212	0	.6297892890440966	3.063270179855696	-2.8826578745312537
2.00454286579156	.6414245510233572	0	2.025648123488482	-2.0058501563120545
1.8814334635172036	.6228760864194229	.45568601924464974	2.45433762449126	-1.9296179771614352
1.6129922051965115	1.3163002231719503	-.806478231831296	2.650152382522181	.574587265728669
2.2224051485619802	.43483207989975453	0	1.6285474582105506	-.16876083123692054
3.0390315650613444	.715645073971876	.29076149308990046	2.1110396146908403	-.7941533252728992
2.5195846569404416	.5862090133807337	-1.1734539306004794	1.423912232748349	0
2.0856618847106465	2.053557970634831	.5475229959676359	1.4597116002841024	-.2560738332037429
2.1008547107018676	1.3945568213090211	1.3281433915423229	2.539877594268901	.06868456736238529
1.7957761297559576	1.2266457560051587	.8016488965822606	2.048330427816855	0
.9243293387692557	1.9043908759429544	.9913440839372711	2.804688019953764	-.8184224012768624
.09299216447942826	1.7465135530369231	-.11939892686760517	1.0325273774787636	.587738302452993
.8715510993147333	2.913506276096103	.7476138973021049	.9236014520590656	0
1.9207180531034407	1.2534545854040013	.047142109455249555	-1.0771739306337464	-.2886328209034945
1.5277105955168957	1.2499986146380864	.06861413310055878	1.4051643151084914	-1.0449338156731476
1.7532981310651095	2.0497364532684497	-.3809049328896913	2.816928563627713	0
.67621259053468	2.163127026235179	-.9398157953981601	2.269217880094662	.9733728975585926
2.0456087755781898	1.6777518703405176	.04192349864767083	1.6881790906095537	0
.8822958957612901	2.8182976197870087	0	3.2139791105040443	1.15990171720751
2.3726143987872788	2.3302916525428703	.5417817969492116	.2676803402772406	-.2879907793637441
1.9072539202884085	2.6037847070094537	.6285450445362571	.9556754155768822	-.18398041346310898
1.8768955638441802	2.1991524098430735	1.0011099139528967	2.6100390990533273	-1.6752243341355366
1.3435733918230817	.7019856376927126	.0905593911369349	3.479258184851932	-1.6605803182592629
1.2869115574378696	1.7483045696192043	.020833610403152653	3.021623337008868	-.7763399034993324
2.0430866995175045	1.5361459420134236	0	.9421212796608095	-.6797830795395041
1.4999590016670459	1.3767835603437562	0	3.122375979087234	-2.987906312621715
1.8203548363672626	1.068736413091711	.0543531703590836	2.388389572314304	-2.0953720008411363
1.3699334351603432	0	-.6644774632814408	0	0
1.6592293834664946	.9731287704738841	1.0112187560540113	0	0
1.0387185771512752	1.769154210901085	-1.0550680024787846	1.5910916240233142	.05697108715457416
.3262211712069648	1.7423357037643332	-.6438635289939585	.6488603960072598	.08501584589804573
-1.1918017980180937	2.644656643476178	0	-.17418843779159154	0
-1.7264132071344416	2.173565477228537	.08781461047723535	.6470290362376614	-.7889244710271361
.35356209592948834	1.5786015779276994	-.13570138924118755	-.08154312090544974	.43721233472289656
0	1.519817332140054	-1.1118949374803258	0	0
.21147936122446084	.5375289351037922	-.11940485952526325	.6942968515123369	.5234777523184719
1.7783397690857847	-.34445676797150143	-.7840647548974741	-.12580463675004672	.17825838058957155
.285857849389996	-.3713840798388416	-.5821995413088166	-.6211703231706274	0
.854242271543838	-.4679011325056612	0	-.4195516866283624	-.6765881130073716
0	.46209758615207847	0	.3645172501151727	0
.954504817701989	.5854094223719873	-.11250448693102622	0	-.6265984568266021
-1.6119307717914984	2.1051513125478265	-2.0292617702249864	0	4.226827966565895
-.17648334481495442	1.5824780800624914	-.8448068934134865	0	1.2547803479295543
0	0	-1.798423935634772	1.4031166301389526	0
-.11960467694587162	0	-2.895505091357252	-.3423336842640177	0
.0698970445194255	.5951828377636678	-.6068652836400119	.22049663355647164	-1.1159193195475066
-.23155075767868083	0	0	.6752576662378867	-1.5211005457995816
-1.1901098680087585	.6650540211116506	.2735213624748729	.5675276404271506	-.08986907813115597
-.9371337685832808	-.10337021707497085	-.8881861119938333	-.5328408206709677	-1.2501651283927318
.003024604846262907	1.307104007116867	.7450213306502609	.9416623061210261	.15210431433250113
.5246907034592952	1.161451278173155	1.4621010458536858	0	-1.1697006736687758
1.0087647998300486	1.1590221910965128	.05052429872365982	.377459354341399	.73370810027312
0	.5286089990272784	.8186840713331647	1.4647245540035254	-1.2176680954723518
.23408785650759115	1.1891208317862372	-.5575529925235405	1.7879403328387926	-.7081284983726562
0	.8653766273829947	.057206811496205046	.7436828081105296	-.19183099605055642
.8283858509389651	.15644754427582508	.40231637978076257	.7800872125559347	-.12416658294131826
-.02820929644421788	.28426867984589577	0	.15211046214332236	0
0	.9798717257852141	-.8473375366101824	.9629561038433305	-.3499451416368606
0	0	-1.4930417614806106	2.700473176902441	1.2649715262457766
.25578603763968916	0	-.041132487693523734	-.8029126183809984	-1.9654331139296308
-.21144119528311922	0	0	1.037666128372156	-.672727116843169
.30500437929419333	0	1.288079133953439	.9868250002813547	0
1.8144707710635242	.6259948618843073	1.2911826130025184	-.8314534966705038	-1.749665525874046
.6750440300845846	-.22060961633626952	0	-.018110938689177125	.25569786076708806
.3457767170008106	-.17354001378592523	-.35191204434921863	.5073857192243156	-.2607256834945654
1.2552193458235634	-.8123009745299481	-.5622449516776837	0	.011068939165404745
.9970241718116095	.7324620869881469	-.1779118478762728	-.010797014752371492	-.3078698165214483
1.4175148375771431	1.1541004857086206	-1.4920707211845812	-.7612169656547632	0
0	.9924337853960186	-1.4995445360247808	1.5126579900761215	-.3450144056766976
.5835622220533732	.5237521057459376	-.45651717015627524	0	-.7424266351304256
1.5070166062012607	.08843530410868661	-1.3966834283971907	.9433161016711198	-1.6617719792089252
2.385527888239943	.4626957248485094	-1.9533701388416254	0	0
2.6918665517495977	-.21352957252647514	-2.867003099991497	.5428980021312597	0
1.646733060161671	0	-1.4661108129856641	.3913299538875219	0
0	-.5885948581099357	-.46031771274877026	-.05641768331930597	-2.01361474712191
-.3604794981894015	0	.5953460393373021	-.9887499225011284	1.917821076632106
-.4407199863453679	.5150775632808114	.07346098085898164	.16433420625344142	0
-.36035427524231195	-.062110872255585134	1.1424619589628113	-.4542044179742358	.36133862774257647
.12803411268655773	.3462620945419148	.4598824367555408	0	-.6132880926538793
2.086885944877765	.8971467928285253	0	.7566963055190356	0
3.0563140961632715	1.3673900867391489	1.54249203464361	1.084871102609994	-.9832250328445291
1.3993686151036058	2.3258636755994315	2.0897025806730194	2.681027716996751	-2.110659164713479
2.718269938087486	2.07438635092981	.0028658913772011685	3.1804182119290534	1.9157230677703814
3.0627531850158687	2.6886303426284153	.24363424364607517	2.4467419224375715	2.9170585771388735
2.2334288554553052	1.748859646892875	2.1760923270267725	4.571485194110818	.6356030034667148
2.4732041305729004	2.149236195946523	2.298202721907059	5.314234682689437	.3496978072500566
2.1887728536073077	2.7199126755893217	1.786609869091028	3.2936692854681446	.9241436831575744
2.368249802324825	1.4014313911025682	.3732874729330623	2.186828335211452	.08162804277071023
2.752845386664784	1.8296127973423197	2.0462858307663807	2.665069597720784	-.8211609037605305
2.935698945421481	-.26979158611450693	.512718543222795	.6280527967345583	-.8748131541508661
2.6618538666883578	.19023172031549973	1.384933028043003	2.9081672461460997	-1.2755306715299204
3.537789221291219	.5811149724809368	.1689821661341314	0	-.17369117058810601
2.672433011555834	0	.01208070065550644	-.20619541111210332	-1.0765968813069136
3.015708339436685	0	0	0	-.34791786453958434
4.031472004423425	0	-1.1109958898363514	0	-1.1321108614056468
2.9328282062293187	1.2715200176408388	-.2400119849504464	0	0
3.3410570047611716	2.3548221314264195	-1.342310705104154	-.051271526496401126	0
2.727719805280427	0	0	2.593239209603019	-1.2969674410094816
2.90388384950299	-.7745141082500284	-.1770730278517842	2.825064748080608	-.7091860302680257
3.4977644209348164	1.678079209623976	-.07526807247074757	1.5970817135766344	1.7610479840712838
5.189177774228395	0	0	-.77795847655678	0
4.686248459246049	0	0	0	.8495095605622696
4.497158434047805	0	0	0	-1.3551441248122327
4.449266413935298	0	0	0	-1.7254587592140331
5.204374562572408	0	0	-1.1847002576608845	-2.120030842963655
4.506900480568855	0	-1.5491436630519018	0	1.2652222895939436
3.9133409305877715	0	-.7177193940025259	.6997396519556883	-.3783965333881922
2.463513721764206	0	0	.016215384222675544	-2.4630216923421697
3.198398366281661	0	-.0691463084584123	2.166106605215871	-3.3271267856533986
3.3277285321136847	0	0	2.2623002311193603	0
4.558893917428534	2.0716706523024953	.6268066695780552	-.9998130306912991	-.06370364753757188
1.1301632598787241	.6350982130799221	-1.0495373596875124	2.226730386484122	.18595431750890656
2.3013755279657575	1.0804214509219299	-1.3669414519366794	.9231120936062586	0
3.2332709874065206	1.279900377431613	.8361342834848728	-.2845163555171181	-2.181562636156152
5.135236034263703	1.4640812111957673	.3761958168811261	-2.1941444706851283	-2.15718960326602
4.498899922106321	1.8191699556060998	-.9762276328150445	-1.9140805370064615	0
3.3611024139531525	2.4972162875275172	-.7781412267834135	-.842461061911688	.6418890190972298
2.634735808175622	1.8361749304650077	-.745634297918447	.3294912097507211	-.42375448355316764
2.373459616872674	1.141377932218822	-2.962278539057655	1.8506310587884174	0
1.3100880522704228	1.103846458822878	-2.2463564943414775	1.3848781159494845	-.1577727152874148
2.046787064644265	0	-2.256622773287657	1.1297348354899661	-.6619545172368304
2.0491436764837063	1.7620824566744577	-1.9442057190171287	0	-2.076815536246452
2.6332988471753493	.5481513641425724	-1.1768439141552969	-2.5603257415922056	-3.885084583202477
3.425791572315874	1.990030753221893	-.9295732185567965	-1.7419775236578339	-2.091394457374383
2.495523897077887	1.0984034584884794	-.971939997888437	.03829961478626237	-2.865468009072968
2.347723214876257	.40896554593180184	0	0	-4.466819822780295
2.2435025190066673	.9983984508117801	-.300839803688062	.5696855559673334	-2.2180681934514066
2.9257348318109933	.14489938862151824	-.8928653849360269	.7340749971946328	-2.055044883503304
2.3357703049115974	.8636884178305688	.42602193251153286	-.38470299449222506	-1.434749204029543
1.5834425303729658	2.500406091920518	-.14200522264890297	.26125110743833224	-.021804968681351122
2.573381901973516	1.7482463480832238	0	0	.23741908849460852
3.308897590962987	2.3516671164168987	0	.13040472654230936	-.29842182936191175
2.280980514946777	2.72659874312098	.048811905601544116	1.8929840022098499	-.8776540235010271
2.3416897292954926	2.1467429447251667	-.3578729096434131	0	.45193892517404877
.6408653518929744	2.6313827057736	1.0494432464336056	1.8944679353082554	-2.414300312865736
1.2990161904978188	2.660845030090284	1.3783323475457716	3.8436337076928515	-1.7774896248834136
.9758132283918436	2.488320281641413	1.9653556377722494	1.5549938164549868	-.07342802807677062
3.5097908060312912	3.2349145483117003	3.0391236210257753	-2.884818237603021	1.1499614536017766
3.2545839501866767	4.321886095838303	1.0335917269498511	0	1.930479517133367
3.382520708510555	4.672685724292889	2.158331077358552	0	1.8072443463452776
2.2442897305623064	4.493371454920029	2.526472144364082	.6970616823391698	0
2.6553654357427656	4.294577848138691	-.20780898181151936	0	3.2890069813319895
3.318795190771281	4.0265398499925205	0	0	1.749135507220012
3.6944251475923147	3.788895409972088	-.09982132585054593	0	0
2.153004478093795	2.3940488356637326	-.7711223684067607	-.08254560985715365	0
1.834814662464129	3.3507294633950555	0	1.1473872182389047	.3380951204282122
2.0180126359333013	3.033858889093457	0	0	-1.050640069390934
1.9001794473664844	3.3096361658025333	0	.6644319314627344	1.0420178798215058
1.7505311268144435	3.4016416873499558	0	0	0
1.3130716636215944	2.4305681543824345	0	2.3004661090218157	0
.9806836365301896	.6625991457205003	0	1.3030808466554817	-1.341133523547498
.2382332091387341	-.15066625287868432	-.8794755100470922	.13350597349257232	-.9763925823067754
0	-.03199383733492489	0	-1.3200363638347203	.4980778115230272
.07131348954746897	0	.25069427446854387	-2.2431937786622056	-2.1213417776479497
-.9007849765332168	-.056696187288920674	0	0	-1.0719585883235947
1.05995164032841	.37210365948741103	.46738306934778295	.45215478535143855	0
-.3312240696526898	2.4238203061902883	-.963107057563705	.18998109462036766	.08081707460848003
1.3336576534500875	1.888510254537171	-.6965570800885968	-.3418446579154303	.16958306211351382
2.213855895365859	-.1193712255136824	-1.72827460151096	0	-.467716139441677
2.444098428071465	1.260747957806464	-1.575868572453548	.5678637518758767	-1.431145878766642
2.335833774639066	1.7003001546702963	-2.9719397294842818	2.251417679328137	0
1.2939579566666288	.25555838990717644	-2.107291062998959	2.989795610636628	-.5843325851197299
.7872483192935471	.9857661459294708	-.9999641517045084	1.580627250430128	-.7681407062586009
1.4580508289346525	0	-.584889835378893	3.469138575033085	-1.4091382255917113
2.586533103589848	1.9276575349871838	1.131256024079358	2.0799514520208264	-1.8583752976622385
1.4989101885336853	1.7953582213374828	0	1.7109054230515919	0
2.582416086995724	2.283888948811835	.8919715853604796	.5041780753705247	-.6825973843321536
1.2704891265652707	1.6493337348673691	-.21059623223586166	.35878189799881055	-.27435277037416583
1.515375958836855	1.655788692134694	-2.4312884504948955	1.2263711390979417	-.21763488262396494
2.331939924097723	1.2641346332190164	-.8815662060506229	2.577544812000669	-1.3618909053003723
1.714668410295603	0	-1.0433713398004842	2.255931933958491	-2.325138472381433
1.3318497931628275	-.1328464916494571	.1075315666529999	0	-.736815889278647
2.956707494313022	.6238810455774151	-1.7164925767952435	0	-.641079230101364
1.5342042629265038	.68071371925544	-1.9631138560079604	.25380129307693367	-.3640890387681741
4.060614770336328	.887474220435368	-2.002067214301399	-.9183553142320203	0
3.5198812030520763	.7409290215136898	-1.8585380143316221	0	0
4.2013656884278365	.39328921133991307	-2.6278729854808454	-.4542968977654842	0
3.528088192662202	.8447558860613087	-2.0642173820206793	.790407129511778	0
4.346512273184665	1.2803968185943486	-1.0289764232290544	-1.2741949008697624	0
4.600342004561934	1.4581687378163535	-.5751398553515334	-1.0712755410053263	0
3.559038948330432	.9785967850785834	0	-.16740942050165158	0
4.669073868432153	-.2577308016032996	-.1919235991378622	0	-1.2864442213539355
4.545223314125174	0	0	-.21628057356755565	-3.513871728155725
3.8465667257605687	.43931633906419454	0	.048414844063621565	-.8904485039247159
4.007986123914428	2.461107062812222	2.2342899217464667	.2615095061681274	-.016301624178082008
3.570309524244378	3.256799753514284	3.1484451601139996	.11641275298920874	.4489243860653669
3.8346982310458673	5.660244417062213	4.186245986940315	.04880521546816352	2.1050380412333
3.934108537057284	4.03015815506951	2.751202351795614	-2.1145579550195457	1.161206915404636
2.6056461386369723	3.1757002453060057	3.423478988159746	1.360530760094807	.2524505075546168
2.2194877205918195	3.1603443739690578	1.2731518608184618	0	.7500391620829792
3.9928031924438905	2.513228151225303	.1816714249505918	0	-.15218751600698732
3.5573224873848845	3.242335914864092	0	-.32478086643569387	1.004857127184199
