x1	x2	x3	x4	x5
0	1.565775660928393	-2.9006576928487755	-.365070919233983	-4.9562025322184695
4.166822100117177	4.919122272193498	0	-1.0407974703221852	-4.405792027657737
4.330271496989416	5.1432037989390835	-5.719896683522309	-3.2875610636776056	-2.5731973912280823
7.142403650789028	0	-5.291683873575681	0	-3.28667604221278
5.1341001201920164	0	-1.9510842685394607	1.7812226234405655	.31060188949974304
7.409946047503642	0	-3.16589342110916	8.667257323868702	7.879617965581529
6.649851195529283	.12855053736217698	-5.2047620963192065	3.8818103454442463	-2.7868799003212077
11.596283627250578	6.785273069918462	-5.686126140673609	13.352413928572375	1.3372985165565368
10.660038919334543	4.2341235007935545	-3.2708561838748365	8.258729543645558	.6124679169772835
11.663531743094715	2.8723688281935895	-2.7317903816707507	0	0
14.34555746616779	0	-10.875410942533133	8.246541073999575	-2.2838995538400204
11.160447158612303	0	-10.714701910849435	4.897059436636212	3.029308347612942
18.193493756577336	-.9401599316705775	-11.03623539152822	-4.495857538371476	2.6794216470891854
13.06289755043499	-6.911660216222192	-13.557843129032806	0	-5.108571874693059
14.561923309350934	-3.3955398665509224	-12.26523918886594	1.5526415056821832	-.8283198902230507
9.81854958410435	.42057793887257855	-10.230451331478502	13.879754604243562	0
7.314033874010872	-.08583782673880082	-10.777945972990107	12.575621546396379	-2.8374795329510425
10.472294983117466	1.6912531733446856	-2.976798153386155	7.614588572848176	-1.4165671574798497
10.286591231530442	-2.279908482741987	-1.3624478889244824	9.214559401337212	-2.2615468339789873
14.367836716434383	-.3123917984917929	0	10.552552906463362	-5.316041790589221
16.345445781596442	0	0	6.269542107896584	1.6333872288688365
12.670891006595326	.0007991326847635039	5.680803157765413	7.996489396396497	-7.558438644456518
14.514513347703351	0	6.540738616822614	5.784402986844652	-12.937761916500463
10.533415057456786	0	3.108741624726654	.22922841457143384	-5.987944944142355
11.486002276331917	-1.3640166695012736	-4.382280574519353	.20874740219640486	-4.540546208710255
13.430273300259309	0	0	9.210617097243357	-6.669560508941108
14.526941732590144	.5640067706422272	0	9.667489278645439	.6104433336911645
15.589176684464297	2.311404693265416	1.1836539700554896	7.430625876781565	0
14.814470658221392	.3948956896809449	-.716052595716377	6.932379919066824	-.7506261146377663
10.038200384944195	.9155923815215067	0	7.801386200625625	1.3587957938341702
7.417410273741798	0	0	0	4.07574794259959
9.324143436693822	0	3.2018908547677847	4.919305397206532	3.052249356039865
7.8068026365816126	4.227739869329214	4.4258051477065505	9.58872805466784	1.9871570293992966
0	2.058487753744182	0	6.1226195859479935	1.8973009377680055
2.7002262955818197	-1.7017081738318356	-.49096401163719605	-.3321994856932655	-.2821619420084506
0	1.1340767062572854	-1.8818702565057226	0	0
0	-.6326253756086816	-.08093237960856237	-.5025072902757312	2.3256634366345224
7.486526740300922	0	-4.351302001815748	4.160134430206602	6.108551650648767
0	-.34590894241126036	-7.733486185148312	9.0209833551091	-4.101602341008205
2.601911268996904	2.9655344837660533	-4.534042195105627	11.403245762647863	-7.64952806012882
1.6056664168874542	1.1501150815437269	-2.7111447580944277	3.2877712172477627	0
5.478609694665368	4.908999501147321	-4.36816243560051	1.4027815042889946	-12.373062074741759
1.6625864363366354	6.266509809789774	-8.889791226486462	6.981919627330793	-4.141620963794766
2.3612628163405063	11.029204632065884	-4.240388915704475	14.559413345199703	-8.71285976476399
5.756883776340569	9.103686061044952	-8.87982483262088	9.204344976272647	-5.446556993459039
4.097291346576934	5.734696862953667	-8.462137762190173	8.924520108674997	-5.981330207371289
7.506754587755481	7.350668727789842	-9.937238712173222	11.350735799993856	-.29822802116789504
6.802297044614547	9.497750854098367	-11.712000962805115	12.33838573656455	.7972823168276147
5.942234161953901	2.1460227395167895	-1.7486372647420607	2.192698753712394	-1.0751364071159224
5.478922124539822	-.20508905074856204	0	-.6862225837820599	.47375979182446476
0	-1.6585658885736425	-5.075443252661256	-.880689147570608	0
7.196061636386934	0	-2.4753671831202317	7.986668631227962	-12.838261615254611
8.881912167648366	7.530139235979021	9.300784157880065	3.3398743382614384	-12.550478049770684
9.539524249299502	10.918681267305601	5.657879285400249	3.0977165843390413	-8.066489666437214
8.04434344308372	5.5009695157048695	0	3.087999564928348	-8.092840773944143
10.873862685128405	4.918823338860376	4.381941235474302	3.4852900256999684	-16.319614809189513
4.235115797790511	0	0	1.2585598521874781	-9.829738633121446
5.808364904568113	6.463310678024372	-4.200123976559051	3.9640965256845315	0
5.46898387371765	4.838923066277807	0	6.285632726699326	0
9.829313400740222	5.448717816515183	0	10.924931844894036	-4.920063926392796
11.060684412303562	7.116540354755908	0	13.12016282529484	-1.7413383042123542
12.27218654442483	6.429667310423874	2.9000122375304604	2.864861148128294	5.639499840188272
7.9176164105980495	11.833956258269067	5.591879831427686	1.7137792759246477	0
8.891039031688075	9.577029604125732	3.482738221090546	7.3563311835926575	7.303950283203507
7.2684458056155705	6.579550358374254	-1.707026329289619	10.222332662880575	-.24581154294254537
4.794595371334145	10.417516029934838	-3.1956381486703287	11.197364572367219	-1.687471221958961
-.46168675937964876	7.533523990775489	-6.629499545561161	9.808065531409975	0
5.599438817626815	9.701698648883067	-7.942253228727114	12.561851912403155	2.368811085408131
10.439642999754858	0	-13.36297723341764	10.50807942502035	-2.6066275912085572
12.102139549843198	-1.74721625899606	-17.735439322530986	8.257067438638323	-3.220204029058853
5.548277029192627	5.8160921099765	-12.845126855314941	7.968083756393318	3.337008314614803
9.511496902124703	3.579423719402616	-9.387102571287242	4.202024590457723	-2.635461591041121
11.288611686761126	4.587638657635262	-8.527780711424253	2.828493461579858	-2.8833277949677307
7.5508231972508515	8.784307806664462	-5.420511235452514	7.532987505950786	-.542306819282917
10.16941977328511	8.949669415649048	-11.790019501631463	4.660043415304129	1.1557673726397022
7.948091700641458	6.106573380233978	-13.931595326439417	7.185237046491104	.8846616150833729
7.643570169184748	8.754776269760033	-6.071258215665525	3.94619060370373	-7.079648463808681
10.401085410771687	4.768218797048484	-1.4051140448284285	5.544470819097224	-10.118806017169941
7.280096706772424	6.842873440556398	-5.072510642482431	4.2365947190140565	-3.459283044722526
10.198455897435077	6.191864838215822	-1.6704504312921198	5.213202422753297	-4.403825736210463
9.139591391468734	6.825583128693129	.28649279374260406	2.8260909314241043	-1.9414691483846878
8.099208531719407	7.069265960765262	-2.3874646243524715	5.208808273481528	6.637191929484981
7.576754957484374	7.766507900276339	.42546942532065346	2.761135621238955	0
12.874523846321317	7.5451776809840165	-5.280263213152116	7.017989181022006	8.370840392154197
16.655588981408783	6.936369217003492	-9.652144484056695	-1.18072932469072	12.235774494325163
8.007472328319729	4.3375225849205865	-8.544662654403302	-2.6360879756038322	3.656988551742702
9.614653000806616	3.106039856796442	-6.471924408264346	8.786309501920606	0
13.678644095527314	6.125327830937496	0	3.726541864530227	-7.947745965623322
11.547416123559788	3.328252209633246	-.10571937762410111	3.082191304957307	-5.895905938823214
10.954017810979128	5.682321801899902	0	7.546212000795187	-3.743004718983175
11.256969520006715	5.324310061046488	0	7.818774305982741	0
12.900274177005214	3.5592731458584597	2.0120199587668934	8.209480091245991	0
14.949988078895894	6.671449152628338	3.763255291555481	7.1654607444213365	2.044108524215139
10.123145240730471	7.097978022602387	0	3.3849642930667	0
14.599777809989734	6.252924672432767	-1.2802586718243747	0	-2.085399216965934
10.89728964937643	6.283628112609639	0	2.044313644445874	-3.297890592288839
8.793000842111148	4.979202693237063	-4.782883065681809	5.541531598160072	2.9981930862879116
10.874192636557671	4.601528030963946	.07187307397415385	-2.9430341991175313	-2.2986553570625805
12.132804836189823	4.358905305985015	2.367313581503468	6.414651079871276	-8.938899274852796
11.372049205312253	5.892586715356173	4.050662147807132	2.7189572135381517	-.8433496592333225
8.12277343762032	6.071184232617775	2.3708716688943356	9.733897878984962	-3.9379744935658247
10.226792591176224	2.9170357752785545	-.5924515609343912	0	.003174729168696655
1.1554630094183655	0	3.42536107924625	0	.1173991256850131
2.6254188962658818	.814469382354411	4.981657277193834	2.8277050877410015	.16232514258368
5.000237044649566	2.0863166943596525	6.305200225905864	0	2.3213635830534547
1.8224112734661926	-1.0442466160287285	-2.2509944698006876	3.845565106270287	0
3.1225484741735334	0	-4.716368718328397	-1.0393956436630927	-.7528322078629043
0	-.15062955616354282	-.006919131819757812	2.633662920764936	-.42308714545361625
4.0532755445511155	2.8800500841730536	-.8584912694309523	-.9752319247469078	.8133452484482155
-.32372024881459255	2.1914155331558867	.9684019700651065	-2.140731468891924	.7853346919866595
4.8515844166050766	6.192885920966456	.5469847109579636	0	-2.6634541481355156
6.908471851154194	4.213366692998361	0	4.156950402739392	-5.556937283195716
6.2494710601905705	4.750519846619992	-.15059003276063404	-1.132619411316986	-2.879282167746623
3.658157235921826	6.58155371351062	-1.6018550242074632	9.937215384053694	-9.214788904480875
13.72566147312677	5.130207529545504	-3.105558700000236	6.338470330750232	0
10.498710077507866	6.311741730095014	-7.983800244381743	1.132637894146972	-1.5323400665871256
9.47361464500842	9.639697270600394	0	.04748459088165746	-4.842493019822637
6.851740053025045	10.47826470913214	-7.0954983655440635	-1.8632961330889262	-2.277637528055827
14.081491595187238	8.600973164252467	-9.890288942738822	.17188434208436387	0
9.804949520205769	5.4344014808167955	-11.276932384330381	3.7046553684786927	.12542833808278875
7.07616608315886	6.525646629976962	-10.413251621827147	7.810656073064769	0
7.025006747998632	4.293029080472785	-7.778991501987118	11.798865835510664	0
4.275514307708633	3.8940462246165577	-6.683485703537194	21.38940310870782	0
6.988279809098188	3.955892123536658	-5.7088668790893795	20.943385652457742	0
10.751652812489302	0	-2.3166240727873664	17.190473635640636	-.4883747704480097
11.661006840371861	1.769183911547908	-2.781824787519314	0	-1.4935009239113277
10.381323263335474	3.6117281493660456	0	.24932249912678875	-8.22711671778731
12.45641167524543	1.2241845658471906	-4.640994637072408	7.084834842163115	0
13.013764321632065	2.865281133429333	-4.5565522980656485	3.0827314985392342	1.0952112548983248
18.426161039990603	0	-5.580346796843082	.558795740067018	0
20.917742776412926	-.5489458029020906	1.9761975013102695	-4.442310082688515	-1.9519695220219808
21.495884456452263	0	.03094779526859992	-2.6724874153841345	0
21.435862829252248	0	-.014226749399050833	-3.2262497415336493	.4067034966861315
21.960525076951484	0	0	-11.065946300098584	5.510692364919076
21.59752460141395	0	-2.814806253844648	-9.90035557475594	0
25.371782669923977	0	0	-15.915565304146817	-4.374421967971022
22.369301967892742	1.1052796152198714	0	-10.825005182821714	-3.8125089020823744
20.545947331617036	-.5477478996795497	0	-1.7745620358335201	-2.140139866151338
20.696106186527206	0	0	0	.2549953608232467
21.358175065882843	.5066871584416275	-2.43340739245876	0	0
12.319547428959476	.30624036182299597	-2.3064664060667184	8.791390734851193	.9233840465614974
10.38496270956859	3.8546946704419445	-2.0684189671563518	11.776268968986756	0
7.1521208305493875	2.2819333586824753	-3.0874813659198983	11.96320652585985	0
9.613145653040135	0	0	8.230590968766538	-5.06287667406699
13.077469653116363	0	0	7.142439915719341	0
13.23991870549935	3.6810299951914214	3.023600572023269	8.308981108842659	0
9.633663315594568	5.127590126995461	4.440650485010559	13.218667066481668	4.571156414689236
14.469366395151276	.12322590347659773	4.899151441812284	11.061064771993644	-7.93715455565483
13.846052880121004	-.47071088866752997	0	6.5234620405451205	-.04299056375781918
16.860316219030974	-1.2258288821200694	0	7.014934957019114	0
17.932271497631174	-3.919889475503714	0	0	-1.898954820868458
18.473425687287996	-3.6677863795180747	3.1294842123948152	-.1231007283389518	0
11.981826472094397	-2.721354602517165	2.6784804598560146	8.449850111305421	2.962168328255871
9.297229264798398	-1.9163706449726237	0	8.727595730661749	-2.2811827684009067
9.875488792809405	-.7221114214966047	0	8.714578457311433	-1.2176284935518946
11.186487582002131	-1.4669979964121804	0	4.921178850592822	.9821493931334428
9.567222399856966	.44026796730015905	2.167635268601969	14.608808472484471	-.2730770231962338
12.332867519445252	-.7281594417539706	0	12.492341483400727	-.5205886586937047
12.147361039260694	0	-1.0325182030076716	14.306226240586469	3.9097399909347352
16.105131154581375	.07966556991244034	-5.324554592807109	9.600157751791395	7.8036689535154
14.73628283742141	0	-1.9430474934630486	9.572444308267968	6.553747737390398
16.663477231915756	-1.8664601510954084	-1.9193813031293199	5.632867086310468	-.6348352755346096
21.81153604374633	-6.66836658315442	-3.3832957520123967	7.525357143765065	-14.534768447991514
8.049556306431906	-2.374845168942237	-5.3645031462902155	17.153958155423915	-4.590230353542917
11.904876617268313	0	-13.542492034703484	10.530062041779596	-.8295657412255879
7.216621246921247	1.983948604281288	-8.689873441711114	8.489052272980638	-7.241210736084264
9.865748452442192	.3240056294790359	-6.562749613229677	9.611881091110416	-2.92992404191311
9.656668022996245	.48688328887989707	-4.80898608895621	7.618114735230504	0
7.689000005947671	0	-3.123293929048218	2.6280305534632182	-1.1515514356973378
12.745411042503662	1.3133010249467967	-2.2549167183681798	-.21394472676708198	0
18.270114677134618	.9735773603836353	-2.770054684655616	0	.430711127030603
22.38771072761599	-.39595715021441014	-.5763422679617964	-4.224413210222575	.1826254102592625
20.88905263701001	0	0	.4025005583064156	2.546126593510997
16.968620449363055	0	0	1.206576559081289	0
13.194511856874199	5.699201217762153	5.6103129403220136	0	0
9.732813703214582	8.570575630428465	11.843434057852575	7.002328900548356	0
17.046416407948108	5.788319662039865	18.594144336446618	-1.1464764558145886	-7.225392883594694
19.96094399297044	7.095687559896214	18.94691987475879	1.3471789484437855	-3.784969527179666
19.540877978556363	5.530928238639806	21.647412658336815	1.1056931124197948	-7.901086237456145
19.242758052140744	3.2326236441059146	24.052119177977467	4.702120843124135	-11.396439421638998
16.607997683160583	3.238742589304272	21.591976952245332	12.96581077374001	-7.163465936903451
15.936287908699207	4.109550567282568	22.40305134962737	9.450829729873366	-10.5141310220126
13.456424013594143	-3.354581994953766	15.493491412296766	14.916734202747458	-12.450078612163606
13.546990733647364	-3.8303701123635627	13.595777870136885	16.147771375098248	-4.081154607608471
15.35910800536174	0	19.66564291384691	14.706576703469663	-2.3688057869336454
10.800010197218377	1.6125013644370705	18.25104877153892	21.777940201995055	-2.0153998508520967
12.829738840093638	0	16.76473761031816	15.637210462124818	.6230570053444855
18.332887625208926	-.3711817921976573	11.992250198472991	13.953186242324136	6.511271539987106
19.342128886020888	0	12.008884545283287	15.073210312490161	7.024090318560132
21.963857952591415	0	11.17183670991168	9.094096003388719	.287717496813952
20.49389329142346	.8436216691261333	16.34017660956993	4.544842919932108	-4.075363999493196
22.6265115689876	0	11.016714125183627	3.2067696290831016	0
24.00730150387609	-4.07405190060531	9.319966554837611	0	4.656914314551182
16.22354952751738	.19153900486947623	4.229607212054096	7.235695790009019	0
15.141241547822247	-1.1061384066902662	2.940964941540844	11.086740267403737	4.823604241421203
16.362994306919187	-2.013677107473251	2.0404910207976146	12.156159833956352	5.857517581943841
15.545857881890383	-4.428731587381106	.7753998545924374	11.437852454566153	1.804502205170339
17.613053527558954	-4.374098633498134	.5196034442233222	7.379882566587077	7.155106199396513
19.462819037323236	-4.882031579298293	0	5.873690797287264	8.086069668976176
14.25309171824372	-3.369055522104397	3.7111482106245544	18.970477640893463	1.6531484549473014
20.23248966139174	0	8.183798640559607	11.699838095471373	-1.6582438252199312
13.421828421125593	1.2382627489479079	6.646241846045385	12.715755753830745	7.41415410087549
11.869782106085912	-.7610099226804209	5.530027790297599	10.59149819366219	-4.866176350270317
11.584407114805028	.14980302045852412	9.141878704886038	17.8920685844596	-1.0867267890392918
8.645899577651317	-.7890457105163902	11.377452117977482	18.399726087196772	0
11.413809795143417	-1.856647542253609	11.072499150671648	12.040394786893776	-12.603406545346168
11.13899989620129	.9387161637724135	9.938552567855295	10.90649815654441	-5.617379021090919
11.368229046393028	5.138739275440415	11.648610560552475	15.127452975099493	.4386317444071487
10.054594931207566	2.559051137030994	11.988044402251022	15.74225953937497	4.223266783065618
11.974404047210765	4.532423562694339	14.788562543183305	13.423062337712757	1.7976221336777023
10.79258132664437	4.912964477580896	13.570764544142314	22.4823134780325	2.9962709800766536
11.559394713264169	.8210472111129667	12.51137915398264	19.691901106077864	1.3421629845608694
9.112505073569437	0	11.852039339386993	24.619240372348088	0
13.903240078734962	.05428262624572944	11.973129893554868	16.648176516372303	0
11.942778996421486	0	12.563868801406038	10.909213701215613	7.522273665041366
13.59965076489521	-.38122638042424717	12.980134897191071	23.959395931242863	2.8147919581970733
11.840070592881604	1.1269698015899303	7.412327088437936	24.092929528085758	9.918510217970049
10.193350649692713	.9543964258753908	9.241466788679798	29.02586679964139	3.476319627554078
7.773995179669935	1.4712813976050823	9.88957578908781	36.13759304179172	0
4.858998855748143	0	9.855082348960941	41.422523559587965	0
7.287338150182679	-9.509181476549216	10.91843312614846	35.96706075771073	0
6.785297466531957	-4.204220891137871	12.249877822191984	33.52255841119214	0
11.772936841131896	-4.512871256361711	12.241830522328552	32.67080591339941	0
8.649360365125167	-5.071205343272346	10.946696656071628	37.41563117599852	0
12.280089235545192	-4.654451082360577	15.821625938073565	29.80615909387722	0
11.785040923857661	-5.516095953439292	14.273015601112684	23.960628594073917	0
10.916957879727603	-5.393499914135939	16.84524723926169	28.21301244110997	0
15.891413841073922	-1.9611901712257485	16.586825601356104	25.86200613364755	0
12.409746037137705	-1.166704449367932	15.588637827500905	21.81568226018281	3.5503697318027987
11.736469944991082	3.4394526879888905	15.597782746413188	19.50453381732479	6.796311093722007
10.345640883474076	5.699500104403588	15.110079804025029	22.067974427278042	7.743377489795973
18.257112932672428	0	12.473880022620179	21.91456874422445	8.003927049896117
13.975270965877286	-.9724164257369082	8.596131654324854	25.07275535141231	5.724620980048071
13.500023287599255	-4.280958237022724	14.861407456005487	22.269324672625313	-3.3211818777952975
12.0565161666507	-5.465906365067548	11.026164631098764	24.531838994732304	-3.2857194280847866
8.636685098267838	-5.214141311946387	9.904602083512868	28.003671265257903	.4296052096852072
13.690079534964493	-5.910547903747604	14.000382562437666	25.51149821005094	2.142103469675784
11.615806777977099	-6.980401980113726	11.868087998006692	25.609849264746785	-1.9867377298934528
11.003384533579663	-3.4927211236921556	9.336480666051031	28.752215850453723	-.3965097105075106
9.379279751796116	-5.445162004354937	7.5227842546003165	24.724873421190416	0
6.597518409565702	-2.889489198090221	8.913499952273279	26.890894401200754	0
10.926637006703839	-3.7409178325844774	10.841230914936716	23.766669274586153	0
9.368924111379517	0	11.611603280721644	28.542468284955795	5.409994325090811
12.023576408013913	0	10.344467465920786	22.48668703432915	3.8353665166093753
11.537110603373073	.2650505772910797	6.404479972529372	23.599220872055053	11.278638733164657
10.861019905033828	0	9.2869004505191	25.14716739817847	12.163057809923858
14.968949493755277	2.5429142169965027	6.638524399143188	21.731872237601728	16.147721204146887
7.848307748346016	1.972089154462123	11.055988941960342	21.322691731781234	17.59188844937981
13.96105631096372	-1.5131656558589504	8.340991481084652	25.773088570485754	9.361636822982051
16.698763695154515	0	8.188067310745945	17.801188065254376	12.90081060676939
20.14219696956812	-12.92138209257736	0	15.327246316729923	-2.736274463452
16.249317162203177	-9.94901085386267	0	15.975623126239057	0
19.447427445166593	-9.213636872880706	8.995445333450629	14.49487451920188	-3.987592961448724
18.127269112180766	-8.287583667104977	4.814270548248747	15.141069434992755	9.079252371325572
15.35672227944379	-5.026332890194765	5.868971523612157	14.273895662659289	8.574195553235116
15.932107371247545	-2.5065641643007384	9.829989858307446	23.010644877668604	9.385624677306605
13.927558082020774	-2.394384277188533	10.643478599444645	18.69966827867673	6.3477471102842795
13.385128618471803	0	9.326741555258728	19.104835890401265	7.137040053244025
16.709830301576005	0	6.538502721958949	16.11871900036226	6.2522180056985155
13.798907181015656	-3.431924402648672	3.787298380310591	19.65173380292273	0
10.307839619545021	-5.594084604526225	1.8770074098718212	24.36310156121156	0
6.760074436497205	-8.678304894172213	.6743050826744229	23.51655317497479	0
6.9345069340356735	-4.645966970251784	7.118706627469364	25.581291188426523	0
10.90252950017143	0	10.588129987201055	17.24074974821788	0
12.365346170483615	0	4.961215805033028	16.44516733098346	9.425561611994077
16.13370289219664	0	6.633008516787896	15.599697225820282	7.1204060001003135
17.220354851743544	2.1829357874779958	1.7678384665554185	13.989487841935121	11.207471593376976
14.668662889079112	0	0	14.361352184731905	11.42277041189806
17.0661158517637	5.713752042686271	0	10.701959801366751	19.000128973932778
20.618940729617016	-1.389228039722628	.5431476153110716	1.4570046946858943	4.430023529104805
13.425189187020134	-3.182899554626978	-3.8201811221489392	-1.6426490409390422	0
12.505082788454274	-9.3599590340707	0	12.114496123782244	-10.7819151834541
10.23211411536156	0	8.577471802761155	9.976692493849926	-10.106580832521434
14.64663597620192	-3.611540968502445	8.086180244431354	13.131467385962369	-8.227243992969086
15.443361566144294	-5.028449927952804	9.124418907195473	18.548563183048625	-14.795275791632376
12.266886625261993	-7.562900975784674	7.409766184467301	21.055669468077305	-18.042855181365375
14.411690650157343	-4.6807455707679715	8.57271637856496	15.696188002203813	-13.097107021209883
15.45367739095639	-.9827528229743558	6.2629423603857495	10.850288052570175	0
16.06514341829454	-1.6086016589806678	5.829228734444865	4.860860445962399	-.2500305556600787
15.886994178456911	3.3850705859282	7.362668086677072	6.22625451163744	2.2179303178169505
17.60146335227058	-.8471568395689499	3.3315696668439863	2.84503648635401	-2.8629269663888
18.616415048446363	2.932478749811774	1.8612473758112182	1.0510119552679633	2.4348517227984345
15.433897309622607	2.352788652786462	2.379011925893864	8.999255900573921	1.8797334481436956
16.581521592554612	2.6306364750794087	1.2260596772349652	0	3.0424194640405737
18.737678549200634	-1.0749679307619466	-.6329822223764928	2.7056663244471144	-7.014017757540113
12.617509307535096	0	-5.755727341491046	5.9641738694403825	.5651189986201923
13.93087732280986	0	-5.24580617692986	8.927718549255864	0
14.298974213816622	-.5724797265938546	-2.587189739484872	12.111610069785447	-.012387400426117967
9.69300178828553	-1.313761170479192	-2.856698922725869	10.862624970345625	0
7.430894111807058	-2.6424657010214663	0	14.172088758112507	-4.330729837479141
15.171308350097679	-3.9131449750149647	-1.0039075782300244	10.811066424839732	-1.1176647440147371
9.03278398697039	-3.250121145982458	0	10.062153552873639	-1.3094612296900103
10.110248900394838	-1.7136545729332782	-.3409577189508153	6.625136894277951	0
14.424385864452574	0	0	0	-3.948583752251079
19.164569564064994	-3.2304179745971306	-3.1906917978077245	-4.143671949528518	.5041231082139626
16.45918863879673	-4.499200973023877	0	0	0
15.763925308046694	.4460953924566645	4.6483996797108915	2.058155139726023	-4.267589705011667
17.250933421433636	1.1163481775299282	8.620288417484137	6.4088282599107265	-4.1083291770854355
11.071263517752755	0	8.25889972729	10.31338035127735	-3.8722640614923938
15.161492061429852	-1.653166592531883	6.1205001661099345	7.187556280513032	0
11.786774237324996	2.3778199558121393	7.352481223278428	15.489509572882179	1.7223647161181512
13.799075695734889	0	2.7879181749714954	13.12035485849779	-3.5709165503705202
16.082066489335876	0	4.8443151667057425	12.827467298368958	.7417566956622175
16.42995198132594	0	2.5596198209103522	8.503947250826911	2.7891718365294906
18.367362749715603	-1.3881009119369023	4.334931539388558	7.911650635561262	6.161175182818944
16.84145171471429	-2.461879785107014	0	5.967829227940381	-.8764484418437712
16.461097927570705	-4.157002537437918	-2.17779313039051	10.667330355230682	0
14.320341531423093	-4.414151509428413	-3.814505454888664	11.490437814242204	0
12.073764750914256	0	0	14.873550358800289	-.9663655604559133
12.364435947458839	-1.9510630808330398	-.13676233213285538	7.378699903768262	-1.2475285921468768
16.46503661604875	0	-.5606256730649376	10.068240205799874	-3.190660653500434
16.828377519876256	-3.1358544073832237	1.2996520471253254	5.02093517079406	-.9290586484355479
15.478503826990123	-.6678361275672164	-2.7138247967146243	9.6138455576365	2.953734889573119
14.771100584863772	2.927320910055436	0	6.752795185092933	-2.5862556357853226
13.691440778628284	-1.5823052446705859	2.1882302013519994	9.362557530386775	-5.121017262879473
20.44398486859524	0	6.501496843692681	0	-3.760926438107894
20.339570015186528	0	7.087133978757985	0	-7.004907682804998
18.969614470899806	0	4.4929445519032445	0	-7.1113322831667025
20.622466958953083	5.033151742205448	5.603458746029881	-3.51728793155835	0
22.638788500332623	.4499630484152237	0	-4.300996043107677	6.54624358779092
21.367103310468764	0	2.3570020945232226	-2.4274473809798094	-.42309706813736303
21.279344394915007	.001434739770667659	1.4164348712632	-1.2936896769749209	0
16.505642851584437	-5.729997109492242	-3.3556000850256646	8.202050561863077	-3.1484952878780614
15.789279458206298	-8.531657272296082	-1.4470971552614138	14.112734124200498	-5.924463894558745
15.520468753149233	-10.413312008932136	-3.0302496129332566	21.834417540735135	-4.05603095000483
16.372627442259788	-6.467725028525997	1.8203475912593707	12.580481233889008	0
21.972231691921714	-2.5180530505160332	6.479867104778678	6.873961223246315	2.68757119577357
21.1713083102363	-3.4359997326537624	11.937082290932024	5.197805876655201	-6.436863032738948
21.139378148697787	0	10.069286612118937	8.693555684054953	1.3640201292216783
17.912600143433203	0	8.92074482766477	11.13184612694371	8.181573531211736
17.373938949229085	0	8.086291179312754	7.18895718585096	0
16.291624171513874	0	8.218606123605296	6.564597494382705	0
19.898041160476357	-1.1956663758686987	4.706096028089092	0	11.21675238944392
23.001601514302696	3.2467958774701313	6.799616346201651	0	13.233080192703248
23.840448511384466	6.571262288516729	10.013661259552563	0	14.53070289198661
23.86185259672117	6.876989042627984	5.592942311264691	-2.449113015740077	19.770238242298543
22.347295141004437	5.92324290483671	3.0527404996966365	0	17.1687474334886
20.514423785018767	5.649919513979381	-.20662291002563138	-1.3918952819915582	11.90434840028178
17.161368366148988	-2.7380655253740875	-.9133952869090676	5.786532528684512	6.754704909059708
15.04566171992826	-.8950580339266667	4.353136055965503	10.784774670804621	1.6070016731643029
11.50980067358194	4.03926574846848	9.277167299304429	13.60016558680203	0
13.351258123531858	4.52896259845509	10.675279679049975	14.088498965795154	0
9.580330455504617	6.154193135979886	11.789617888734494	15.836488059858436	0
14.90377421338091	5.925747689480449	12.404924937645095	1.775617148765366	6.860307913814088
19.780032191878778	4.079406148320997	7.561893973642762	1.7982230872619234	2.3075144362553086
10.173078477208056	5.116155652240592	6.661963333658132	9.46363061067194	3.445547548125089
14.229636887378332	4.709676568217362	-3.0751743517319765	2.207495697780823	1.5154052310360084
18.30504408388324	0	-8.218404856443115	0	7.755422503718685
24.16115561372032	-.7557300203540894	-4.623876271273373	-2.474427133095726	-1.8031092699903708
22.924435424689257	-2.639787221759121	-4.239451440892112	-7.784961032577641	4.939263150995293
18.430884341403928	-3.375378726702399	-7.129109332401227	-.18863219875865456	.7439364297598967
18.78607425809008	-5.892471008356089	-4.812662719445759	0	2.8044468026125164
18.506662346479473	-1.1080886136734993	-3.022343672887169	-7.276441035110905	0
19.543858966167594	-3.6697811369319027	-11.307011638117253	0	17.68650007978827
17.75042118471713	-10.073705376343124	-13.608856909534762	-.0698486523680566	13.155349484678144
13.391950293997809	-13.355094552324529	-15.737953197666808	6.802445449905806	10.35251004753243
13.607399164175378	-17.89749796565141	-16.045000864546857	5.6289493238124235	0
16.97796442970566	-11.77195243682007	-9.96914256899236	1.9066207816443836	9.124183195932709
18.671306750508084	-7.413713295079257	-9.491035506458509	3.1566946617865552	14.263051207516252
24.355543569059645	-2.64810842165153	-11.029451803686605	-.28746834444658864	10.904469192799436
23.874115146728016	-4.02486671298014	-4.609004767231228	-1.3747635589889842	7.644241725048473
25.793284911247827	-6.476437958110989	0	.800509288290117	0
16.829778962800628	-6.641222131244898	0	1.0535763034719001	-9.61411357624124
19.84490474444066	-8.531904510508038	0	6.69968694910982	-8.873638098136896
22.720331445723165	-5.453715285278317	.26437841143690965	4.471532545438257	-3.374245975420309
17.19495254678582	-3.3300390479418813	2.1308830529207006	8.963687972311657	2.7531906668938633
23.240281582734823	-3.150018958896065	5.747234164639895	5.676540823535731	3.931563939373395
22.794081124117	0	7.491602141936951	0	10.431108328137338
18.913702695486702	1.1309211799064904	5.637100461652403	7.498463623621854	8.278954545526279
13.408761959973456	-1.4605011259986391	0	11.720419700960676	.11614272645046331
12.589142730774292	0	0	4.684659885842191	0
17.99730733901564	-.030739148504349223	-.8716193658656153	-1.7449947652121793	1.1388839278684944
17.564490386796976	-1.6058460434603228	2.098399783362676	3.486228963844141	0
14.568764819875186	0	0	6.296562476300215	0
13.976092253157663	0	2.3582607241895035	11.65134898465135	-.9592713034904214
12.924640853787023	0	.7835712545201169	15.950902056039455	-2.5187200332131496
14.928211181464675	0	0	7.815876201998607	-.20466738593663913
15.038423840362569	0	1.0126553070144082	6.405549531555363	-1.7863207762589055
12.128244578943244	0	0	9.106530497363247	-.8718593527255116
11.587810541817323	-4.27940572331163	-6.484094630261508	11.699920078905418	-.5654168288833382
10.69592315888951	-3.855529067672154	-6.793668872029715	15.64945943756589	0
12.374120914125463	3.941187304820777	-1.0746214152338986	9.62744574610765	0
15.182450219207063	0	.49440874052961803	6.640458921709132	0
16.44352427549135	.5442096322944923	0	3.269300874949479	-.5230607227275472
16.017982011985886	0	0	3.039398516262642	1.4555624339583044
15.564273425636713	.5190231674050846	.19806363766012314	8.56207511898982	0
8.5982441596874	0	-.25485969310460166	13.516678124526958	-1.43710771657603
11.864299953220137	.3068976264903716	0	14.551922418130024	-6.863737648607387
7.294729626547527	-1.4427065719804026	0	12.500112551826456	-8.824941846063101
15.013086097051488	-5.178745173804508	-6.171363140599184	7.30727130073372	-8.417729824794005
12.171324165001156	-1.6944146077222828	-5.988945411477913	6.718874852208533	.1354212409443708
8.953896471324915	2.9674997934202114	3.5155957283018435	6.2975063853371624	-2.8718770958951905
7.84022773084224	2.686135223177861	2.4831963135900774	6.718004066983232	-2.6077787030891804
3.8052360100418103	0	0	10.731020957807342	.10996104460691236
0	3.3036046976725735	5.050914041039233	6.81366877213914	-2.2288828385225052
1.254842484036471	3.952775113283437	1.5444262717489916	1.2559055894341506	-1.6637843825411989
0	-4.178196628094909	4.773294678359802	0	-6.780407003261214
-1.0616669314237055	.060697412200280354	0	-.9573244355193583	-.8023306178477774
1.7246802467606899	0	-2.1092984414032094	5.58341710301806	-1.0212755295380023
4.985914720395678	0	-.38708818299480063	-1.6000316252243114	-1.3996111483502787
4.7177953384381635	2.524599227474742	2.823681414702556	.17460511105223298	1.5209191712896852
5.338513239553484	2.7478030454358002	.17537643293986432	6.423208152165814	2.7074001578438613
3.0460451881098276	-1.062784617456296	0	2.1898806531845896	.40711501510549764
-1.9566002741102329	-1.1073139745874567	0	.7691520455936834	0
2.044912434590543	0	-2.398677933503283	9.635833298910645	1.7838404484639019
7.74738902167777	1.665036867668456	-1.8015703683907336	6.616429178200837	0
9.253633416738959	6.811687596952481	.2848098940907029	5.808446413490427	0
7.644940244416411	8.010083716802125	-3.252083331750756	9.546470547274303	-1.925423492929848
14.59432849485211	5.547019874804133	0	5.108004536620596	0
13.203481550959006	4.62607115845741	-1.0739463514060907	0	-4.441398723323358
13.31167026449957	4.506948424581907	0	0	4.522308538988654
17.435654847884248	6.840904619479069	-2.04163947345394	2.663976719100394	-1.5149234075911147
13.737502517884153	10.083298866282435	0	6.50198888916506	4.966671256784359
17.1600824176976	9.708562615957067	-4.359901928073189	-2.1389983488794133	5.395074190839315
15.851365659330458	8.526638271148597	-7.289248498088331	0	2.873496597163329
6.776507664334654	9.668591580376223	-4.935535536402005	11.0306081838104	0
11.125815844850916	7.240652347369112	-3.330511564582362	.41025642964854736	0
16.438048456135547	0	-2.4221020896701297	5.515208451660557	-11.029232276025649
15.641071740106561	2.269543019527792	-.6523585503223037	4.837998564042691	-6.962590472876396
14.563485594378639	.24947645148572173	-9.629832722917655	4.93351121991186	-2.7735161113045055
15.431791333570064	1.61761810223744	-7.941750793311613	0	.2955304565254173
11.55389818289748	.4960254261487843	-9.570437240097185	3.5825990092291256	-7.94456344676604
12.194769321055125	2.7644840582527817	-7.941747080247443	0	-.25323865208299123
14.916278598417634	5.1970876302758136	-7.478522946150795	2.617067524623301	-4.761342438602212
9.344099907939713	5.558037566213702	-3.9944164380306284	2.488899116972514	0
15.270621165813816	7.729724151479314	-6.0103466578971245	-4.050757911900105	3.3274465340421497
10.022915495040438	8.873373623532194	-11.051305352568674	7.446082252269645	0
9.486174967921649	1.9745817998473354	-10.848587016990756	9.727242142254317	-6.621691795156049
7.340196258451387	1.0683734655344967	-8.265975229000187	8.436283156496403	-3.3764634450642577
9.107770002355707	6.539130829446815	-4.539915838145363	11.397696456756316	-8.314601145271679
10.136779476857573	4.35392427849898	-4.358900965580966	6.6125794886443545	-3.7464084523322416
12.067090786390175	4.79579949001955	-.9242515249421154	2.943090198771137	-5.72497338724396
9.121284049332662	7.504160191332439	0	8.788020366979422	.143183467015207
10.088908950866157	9.980499856229859	0	5.4210222910287635	0
7.278111656840598	7.0607633100346865	0	9.765504138497265	-3.9467921914466824
9.847307826585142	3.7289540059995168	-2.5900599479793667	11.324266255968034	-2.265780564426801
10.380135228267484	2.5697280155862767	3.086173724848777	11.0520176082045	-8.177429313950263
6.3084230237214385	2.9222660807081353	0	13.45811861533574	-9.335631304339314
12.548910424133632	4.479185371659629	-.09246637000875368	8.35092238056395	2.848675626896563
8.671659184379363	5.709446018946924	-4.325727118263812	13.509956475996532	-.06472130931749542
12.85748637813387	7.439375996708401	-3.870646423897125	2.793262167579028	3.5620394447495713
15.5086417926277	3.263275688048498	-1.6262140778513594	0	-3.8825994526241434
14.564083923411642	-1.150976935549049	-1.7726398897529276	-1.001708888467042	-8.309560796578012
16.743657541449252	0	0	0	-7.709159807886147
7.260825030881312	.9598981000759105	0	7.532563552470095	-11.464042352233497
4.299997093521279	2.8773945335001767	1.397996129939436	-.7472576372649444	-1.1989997861596067
3.803880207366062	.42541844441663845	-2.876436498430637	3.002352406728079	-1.6289412889601305
-.3063661463356129	0	0	-2.874122420116195	-3.058490935304262
7.957325496969106	2.9680842412494095	-2.7929213527432726	0	-1.796818032605764
16.91607506472942	.7858314477510622	-6.393192933480339	0	1.3669543967817395
13.732322215848823	3.92648614772161	-5.636468563645401	-1.0556935909362777	.12681039243173076
14.67267012559495	0	-5.506647255809152	1.1892545140699557	-2.601633298152543
13.195631904334608	0	.21603087265199972	1.4228002436915093	-6.457014409237688
13.759783760995504	0	0	4.9301010635637414	-4.557220159997446
10.691084681902446	-6.092959082963116	0	11.273695183831036	-3.7790616055484096
13.821435376627036	.41070780700601683	-2.979749739548966	10.335876124610285	0
11.842347589509764	0	-3.247720626563015	7.888026443585642	-1.9027760204825945
15.860727699576772	1.7105701682830032	0	4.411371123017799	-.5360564819154503
14.554399711891454	-3.004790864215653	-1.728383835952707	2.594646101081387	-3.203333738660613
16.613474696186344	0	0	1.4588878175042925	-2.178948499251165
16.736346628179547	-3.950711930220845	-4.454319776314936	-.30797383747763574	.4353750767174045
19.175649948668912	-2.4107221941962864	-7.070529281314348	-.5509276153809166	4.6416857185324885
17.735599975988688	0	-8.478490328261952	5.575619869537743	9.024311603689844
20.21768124926357	1.4876319084461618	-6.7779662369847	5.794266970232385	13.646068113986642
18.417924118387077	-.37684167410554364	-11.130001293287606	2.9131911159990347	11.97739883692999
17.70923283881507	-1.8380316887402794	-8.759319217618636	8.036434767237303	8.170844388780077
15.926948799205476	-3.98262461685775	-14.182493893931223	13.60537964378798	11.191227912994963
12.169414387593777	-4.7210913816603535	-15.50264902256321	13.334842166963636	7.867540656162826
10.338505105751064	-6.612283805854224	-12.542241529438371	15.983873502793083	0
9.49695642905783	-1.5682860668685814	-10.337581193339501	12.638913145277595	1.6099309122747405
11.947966786033717	0	-.6196609027399298	0	4.497222715935159
17.32559609834749	0	-2.724133577901409	-.14045418308419721	.6350247732949389
14.117808432668527	0	3.7773898721385146	6.30726394606689	-2.7758322161219793
10.279485078023782	6.247104454475671	0	10.309626996434254	.6108570372209368
5.566402174426285	4.9967835884012555	2.980612700990287	13.62403777017289	0
8.577435718290667	0	-2.3552413875770832	15.090287224078642	-.6516945888314112
10.529286259960385	5.3435116749934695	-.5551791785840452	2.9080420858955334	3.858085277648293
14.043227524205154	4.82666642599531	-2.0569415248941967	1.8072410152454852	6.278249557617889
14.559229491889091	6.652937247200138	1.5387772663252528	0	-6.123266667986667
15.684003024998473	2.6451411792099644	-4.338523562344268	-2.3103547691779283	-4.052056620470533
17.451367523049576	4.272836258672797	.5846385343609299	-1.4968716071148263	-1.0973364523672549
10.034932426546836	4.307376975738367	0	0	-.3702476066725975
13.255919823587043	6.5240521308075055	1.9618495356090793	0	2.4751961997911494
11.275163680291524	4.6564898029640505	0	10.767198151406847	0
6.864061728889583	4.44149485080186	-.3545247440027833	16.96906920341248	-2.8308781294971688
7.224073067302528	3.756538136504024	.8985716327854645	17.60574566735672	1.6668955465766024
6.731867591770428	6.028101886391934	-2.176170247937642	15.537915677282623	0
9.544124752034067	8.245142770265485	0	14.761030736006187	6.952453116695753
9.985325930076987	9.681724624511276	.19039669141871585	11.454595869173442	8.334415056355633
11.27272616966656	9.083475517562135	3.019435106541251	10.885023800447982	9.310924713436254
15.675349043224164	10.925872194926324	3.136267632010965	4.731940180534812	9.021922170996811
16.000099660158	0	-3.157244967604366	8.198857139351453	-.1570216570978724
8.928359707050195	0	-1.2810883228707666	10.154173023814252	-5.325727767519035
11.269488454397273	0	0	19.352548773638983	0
11.655327447775184	3.4751476839044995	0	2.3088420329670067	0
7.093230764267343	1.2255787132455311	3.17668297716519	3.5018300025314932	4.2632428504533575
5.359699385235033	-.555980906099806	6.590794365690237	3.6521005048629416	3.308902488691201
-.1777732516464413	3.601919384775297	-3.6704448825629026	4.093749320870289	7.005275112835011
4.173621241889991	.2649787245363169	.05805039411510993	0	1.5193606101384456
7.617251057474208	.7283868275428484	0	-1.4267788130326493	0
2.0149637873977086	.7991194297211819	-.28218788205195766	-.4139595446688089	.35655233717261114
0	1.1314264443077728	0	-.8181841240665634	1.2300620941202736
0	-3.358762091365151	0	.5173690381488536	-2.4295087763529217
0	-2.762472025414954	.05847407810929872	1.6680866235037826	-1.9095264426245384
2.850443819039455	0	-1.3302120004825393	2.769954159315729	-1.0480082524950407
0	-1.3800682033161673	2.6782510012860947	.36199703255516535	.9296917606211835
-2.107494020988624	0	2.8980273365232287	-.9895379013794305	1.0653203370666737
-2.5770044243777273	0	2.3468659341893403	-1.5439340198004337	1.5475602817219452
.5971210739637143	0	0	.3834426439345223	-1.8097457686145435
0	0	0	3.63516566598178	1.1164352432556282
0	-.4871974471824616	0	4.121831099392979	0
1.8790132950917107	0	-1.2223772570258686	-.28207700388247176	.306217023711042
6.877509626686287	0	-.019366416811555487	3.077702652993668	4.858810975445618
5.949611091470558	0	.3386797555813288	11.825474866497654	1.996428806031893
8.807293783292945	0	-.7025362161973023	12.438243147825325	-4.171987255228977
7.460721848808946	-.30888109332435487	0	0	4.058719857835009
6.797087545367053	0	2.1956862112341735	-.919107307323402	1.03396471683869
9.378896777479131	0	4.704158435433332	0	2.7190312735575435
6.265519121409893	1.8225583325175743	5.155672331364679	3.2808195572668657	.3362674078754473
2.351787078799905	.46407668678069003	2.1532855661835923	6.152980089768702	-4.7151258588159735
0	0	2.8246369656502655	9.172609260676971	1.3709430858551126
1.2802024979371969	1.4870924235921974	-2.9410429269137546	1.0101636613433465	0
3.118883073217464	-1.4107148380130219	.08122719110243042	.05407406160761678	.5810710665015784
1.941869757462301	1.2576434233592557	1.8487181755083104	0	.09319705807336848
2.210304962848952	0	-.30355923585769307	3.911878160493444	0
0	5.238216370208829	.6491598266529579	3.063088281244689	1.4948818180318253
-.3276035364608998	2.7664023706598355	-1.11348823665485	-.446844207192306	-1.6527292404714122
.945848082040966	3.601965243082357	.48359128705992094	0	-.7722498393552866
3.9052818056311573	6.749737587952286	-.6804826289662333	.5386298352860186	0
7.889862676405938	4.850228294812118	0	-.6331679439071165	0
5.625982829532038	3.339344486320201	4.24695214216867	0	0
6.871013847140238	1.9789456877098437	2.533523905074798	0	-2.1621542682771815
3.33173577702992	4.4463780577278245	1.7799941205090508	-3.8698951750268753	-.10169225165808335
4.969372219923746	3.36415350275439	-2.1852893352331373	0	0
7.823164380132348	5.191982764798621	-6.158372416727948	7.983551149226816	-2.1691091084458387
5.879713343069708	6.1040840309221505	-7.1421696785726585	4.663447436705049	-.5578673435638348
8.495450750891612	.046937876802489065	-9.488772415963279	6.484679260542102	3.4194900033721227
9.095758773579153	2.2645497082408728	-8.176213397837177	10.05181228137336	9.647704505812824
12.442237272421748	.9880506672516136	-11.06055130958395	6.917811220193517	8.237210089173665
14.595482007325897	0	-4.3400906003939745	3.8714206413244927	-3.125592703440958
13.969380750666025	-.20365993694326856	-1.220830789708268	7.828484309971069	-8.08124925238748
8.102855253438356	.39871007861696495	-1.9348356168574588	14.401095390532975	0
10.373985325825771	1.9773993112487243	.6807861966927187	16.98310521428597	0
10.009551571778486	0	.005229399483245359	16.087142051018592	0
10.439059939208057	1.7799969210395838	2.689820370629342	15.739168423477693	-5.074337321931853
9.112292707611953	0	.9253604010776952	8.664708318898263	-1.6999829297912659
12.58335588486366	0	-.1017999614390913	2.0456848175865243	-2.3130332671911873
8.639196494586042	.15981087595666466	.8870482215961191	.38093990382134924	0
8.795561769659999	1.646801628549385	-1.1519234631147537	-.4258614320504974	2.142390403321757
13.917070256023585	3.9798812979988973	0	-.5784657725595397	0
11.571122413268048	-2.5814643413462695	-3.2635435989342456	1.3265238329679114	-3.0263686159162275
13.707589953452214	-2.8572023375988347	0	1.071363174626776	3.2223861269026637
4.6055879741604615	-2.8312771069556852	-3.427521553436022	-2.1760003876923757	1.0898591075544903
13.523291861936562	4.5041532077357465	2.149719541540941	5.966730536507554	0
8.400870159862523	6.322504473036105	-1.1621051470931074	-4.659886691367807	-4.822702401756738
10.873042323720579	0	-1.6493751271872634	1.360173497978402	-2.905955397313807
14.1189266097519	5.966544230507886	-2.7603196388151874	.2293531005451271	10.190878768760905
17.37205618324252	4.210254692845879	-1.341045183721372	0	3.4597240618878335
16.639010683461674	4.5461095251182435	-1.549906855456718	1.904577547467797	5.422029376077108
14.936886019781586	4.045476561355462	4.684284611441877	0	-4.652365444225843
13.295125877545157	-1.1430943887905367	0	1.3536070976550327	-6.575318855683009
16.290460663554388	6.831473945427574	.8767144642188456	0	0
16.478870318509724	4.946612410816254	1.6402272170026813	0	-1.8583725987422577
12.436634628224095	1.2942053616212577	-1.8820972529635378	12.299055471636436	-6.959131627759411
11.127538977055783	4.006447644515602	2.5322503152643883	5.564986538890722	-8.072182874576358
7.070844449924398	7.039918702507024	-1.6056001266261104	16.23543396889176	0
7.832910315050331	6.316776297105418	0	8.676788300491175	-.7506265813730486
8.10097954594682	4.814118911482068	-.18868292096125455	16.191697231894608	.10120247235794527
3.2788942037736177	8.327591467722058	3.6875149489919865	7.965252948307187	-2.3715411187862587
8.996018659576595	1.1301296480923297	2.6403690586778734	3.4803946160333354	-1.016049431509207
7.045973319163166	3.227036344984612	-2.664748451981094	5.980412196525273	0
5.442927235925066	6.731909043062515	-4.56720984488497	-.8177350839840474	2.323774855939071
8.458263771622917	4.921893427157373	0	1.097115194048584	.441956108664438
8.980926582854215	1.800936632473881	-2.643277827541001	3.0314313662580457	0
8.632749682990063	2.4310036163683297	-9.08097975699949	4.78044664919859	6.878055330142551
4.3693699070885685	0	-12.166946159943047	0	0
8.234447622989814	2.6768400480136334	-6.196309722401959	0	.600546166773922
12.364679145794279	8.749022960029349	8.41381768489871	0	-4.815079619282809
9.157964051788356	5.80537920105577	2.963438780938319	3.6145421958947357	3.8391490738660226
4.917049019429244	1.910924743974673	-4.006892781549998	-1.2959729340194541	0
9.711896552476267	0	0	-6.34961998140432	3.2809510086977554
1.3947447415363528	-.9816838913353195	0	1.8923374223532783	-3.006254594806255
1.7213059806048268	-.5177608287126944	1.751947524139328	2.883083118056857	-2.394507729242899
2.258692001002485	2.365223465347108	-2.2622624428212808	.1546361695376679	0
5.210738024174005	5.3730814826379385	3.3441160764123783	.34683505665850056	-3.5524910711236677
10.69611754774869	7.981521243736127	4.209418170210213	2.3336093509027487	3.913616806756064
7.352105073868849	5.263458523618067	0	2.1092798262204053	10.988431241655126
6.12970752320418	1.3000506211469065	0	5.532219914267804	6.091350360976405
3.9043071012927313	-.6758765089018032	4.109198559387274	2.7162560042303787	-2.076132479866178
5.781151910356641	-.8685537542303228	10.054356272392006	-4.392869312801889	-9.783249003125079
5.768750144583174	.811838878272351	4.775420358525417	4.691786903075045	-2.768863768207164
5.6367506423597264	-1.8487455100167578	2.8808363907737213	15.128411172656566	-4.873921359291412
6.838170012609369	0	0	11.977035934259746	-1.6636059027171757
16.73874492685405	0	-2.5355643203978184	7.474760593490323	0
9.576596816548035	0	-5.099463308775995	12.217293630226514	-2.989855425877258
11.250434467298941	5.10120009628947	-7.774133199065809	6.244987193022591	2.9164894868227886
14.011968639879694	8.438460410422396	-7.49680762884579	6.004693431968493	5.142713502859131
9.257572729812498	5.990924650429599	-9.913059485425862	7.875643701346847	3.4143169630173595
8.19729073841902	1.213980613401458	1.6342228860879187	-8.044071513020844	-1.1272096061560974
8.802615221803773	6.657913173072987	2.6115021392428113	-3.8016280656642385	-2.095762821486487
8.73485778882556	4.023794137750128	-.07537904424762726	3.2312507199182967	-1.7083775026977803
12.473579245656177	8.409387386000976	-3.4521695395763765	.015772078091907282	-.27008426609334724
11.685506979911802	8.125802148948749	-1.8217127921575886	0	3.909560638874982
8.92363192614041	4.205118285688131	0	0	-4.230277254262312
7.437272051703532	3.3436137317505805	0	4.664227539314045	-9.717837396841729
6.552077314431996	.031958386042733045	0	1.1028853965146228	-5.40530736118738
15.346044444361725	5.70907782553137	-.04742975990180187	3.97565821203811	.2976961882940614
12.930412051251452	4.060977292171861	-3.96768514734174	6.7915368957614195	-1.1614491797238329
14.07423879594155	0	-9.650308114777246	6.147158911589319	0
10.152971556259251	0	-5.668230305686239	10.042062978492233	-3.6785157158466353
14.8193681647913	.9568253797541466	-2.732241030123629	7.122211289456313	0
9.951297624034385	3.0359531113545377	0	0	1.291745759385802
4.781101533049784	2.057525112771751	3.3564948807105823	3.874281790493506	1.7133226814775622
9.580733532420211	0	-3.7362002491381885	-2.072537668774812	-5.118215389122155
8.204329467977	.7105713829659794	-4.304034459021913	6.149669248082084	-6.234779451686902
7.914936581760182	3.3721596122950936	-2.533083499718311	4.9400578695661785	-.6652245668882498
3.4896411798870983	-.5476484574450479	3.9916050783866273	2.0925678812684794	-7.662429098778258
4.997807035822119	-1.1907783106315128	0	.9747805360993438	0
0	-.8433128056955699	-.37298466710139444	1.2917766888615412	.47794748073070203
2.7575129145556243	1.9599859881351775	-4.5047167302970585	0	-1.8749336247369288
3.357163184781166	3.6107228897859494	0	5.308530518452846	2.660734919465596
7.935601345737955	1.7513170655663644	1.9421471082702426	9.642927736896583	-6.870576361130352
9.147300716164871	6.830284662365908	-.20339696877948032	2.0541583380274964	4.922793625892204
7.377204338976254	1.8562869900809136	-12.675553461531601	2.814666922343925	0
4.301885610205245	3.9206827071308172	-4.713341784184732	2.6031182314841645	-8.285224059181981
2.6638625360474215	4.1768131971442415	-3.7610657622494656	.7773198749389005	-6.0546402150663745
.49439951519909436	-.3927159204168411	-.2836299427610045	-1.5873649426439185	-.8235904291664011
0	-3.0322541890703154	1.8015763546250876	-.5048860956268867	-1.7509029139421057
4.1580511852853	0	3.258263475497366	0	-1.7549237187613271
2.094389145964763	3.95427715263836	-.5603558378733462	2.0275365959116667	1.4601195822804485
-1.2307178591280934	-.10510594106339263	2.7506350774464186	0	.04037148395677104
2.483877316757162	1.8903662627203779	-2.1016103772233485	4.457512645515103	-.23535130630625012
2.099516629930305	-1.816354512722348	0	1.811396780201555	.3481536686822775
2.475616571312196	-1.8898560390875148	3.052041512351267	3.2060430365421446	-4.278686330873612
7.085569422651505	2.3675160867422274	4.643018522606493	7.394258360655011	-3.9382447671819345
7.260820567898637	1.5867448585590984	5.076817989072315	5.301549773834722	1.9576589411376972
1.240561318040131	0	2.4815044710510348	5.9969187055721545	1.7131371676848013
1.3402214518581055	1.2438511541379986	.9264699759110334	1.5559231952620802	-1.2347029208063403
1.4096987355963022	0	7.109495986010064	-4.334236052730821	0
-.5950138264374925	-.7782318173288963	.09456663052103542	.595923149219582	0
.657714273803627	2.392721905945225	-2.7305468229643544	2.372377389442876	0
-.9491349459099101	0	-1.8772734284942545	.22117611985452945	-.47840824876961996
.23601616454916485	.4598130919156057	-2.726458699693755	0	1.958326197127628
-.48400658298197574	.8799725265028113	1.8779283154429525	0	-1.9910164308036884
.006345280378396739	0	-.7475065969025398	2.86626665350736	0
1.3096224349673837	-4.135740790311474	-2.021445589857118	1.6534900567464244	-.02795439720568759
2.185991500463401	0	-2.519484132443147	1.760148099585873	-.42606601464558347
4.767989652960339	3.9139756125731315	0	.365651339680769	-2.787239785509177
0	3.241595366489453	4.767205721585551	3.5642782812437748	-12.090129983281152
0	5.586080298253321	4.345024092280405	1.8056955765506784	-2.6344559648570764
3.3277504490746614	7.035959938580352	4.906268618228207	0	-6.494314391011658
1.7996005039042045	1.446390097844907	3.133243417631278	0	-1.404295199475513
7.534435682091563	6.643798575340585	2.046781579355515	2.4881600393621737	-6.561950170446939
6.0267575660782065	5.102277743167178	-1.5595537187163404	0	-5.906763540907588
13.558675400034693	5.956870272613566	0	-2.3100695664867934	-4.795082730288144
11.24992217816401	8.165750092594552	0	0	-6.884932891944472
10.763152310919885	11.908763182493919	3.284760317997198	2.4515544873799855	-.6181746727846094
10.925610123626452	12.39039446773731	0	6.927302655983529	5.6781819622530385
7.288913564727572	13.323654984900319	1.4638584108911195	9.053050493113954	0
8.5422639148838	12.044765064047475	0	3.756294680500443	0
8.409277739728838	12.264480477668798	4.087248628789057	0	3.515979049663777
9.894002598031157	13.338329802490934	4.703251688561183	0	-2.2699738847143887
9.550426408899389	6.153410358953227	-3.3539404059667133	7.633458457990757	1.62586105202456
10.507595676114429	3.5635176435744915	-4.646746359039478	1.6883584384873136	0
11.243599423498582	4.386008147826016	0	3.522046532392398	-8.296270103869862
15.044510623942935	0	0	0	-12.11176694205874
12.522723584906094	2.327864260047755	3.921679304807256	0	-9.224354515652623
15.932716655001055	3.322950967516161	0	0	-3.13420795399259
11.77639737929016	5.822857296269455	0	5.870706926121555	0
5.958611897343104	5.498337035788058	-1.417937365187865	5.406482869331485	0
5.311511960973883	6.256626308684793	-2.3051646239176526	11.576817046141093	0
6.096793917836502	5.12360649755341	-3.812232864162016	13.14003031371912	0
6.710005600267924	7.0829537112717595	-1.396005327051626	12.764973618723108	0
5.99367897650243	5.32706043800092	-2.8939051481599614	7.355601057907107	0
3.399777774038058	2.687174861123169	0	8.08837072891983	-3.7727020686831256
8.967695023859402	7.6049219373822305	-4.9195071394772345	12.34063419637119	0
7.7602247198981384	8.4942214076332	-5.6723722853016305	14.669326346479137	0
5.812571657722424	8.766434899811808	-6.404793654330779	16.93665689891009	-4.810017866739253
4.0882858217875615	4.666216365024334	-4.587615468110451	4.70503290025186	-11.327306152963144
7.864614319845029	4.6123729393237785	-1.8525660651099733	2.455257065252051	-5.319287997046358
7.182498048382618	7.894316935508461	-.5143037731184553	2.540496940057595	.6649263646591628
2.779675472410686	8.327731817272099	0	1.0785385563160006	-1.085651047557318
-.06612726092405644	2.115564689429274	-.13597871404337447	.3992063357930067	-2.07891339206468
-.6519909011887849	1.1332294990276608	1.3771136838660174	-.48650367151360846	.09923909568242495
1.049123673975878	0	-.19333094455475286	-.7341628094351799	-6.358522059335822
0	4.672079749456417	.014734619202520172	9.615352471694214	-2.2513265216519924
-5.124535343333379	3.4038524221315916	0	11.824709463932194	-.590357828479782
1.7877992305844654	2.67436739617226	-2.0335357529551428	.7768632332769232	-7.173923094597019
-.07975468416231002	1.1743937732834322	0	1.0290653163310584	-2.827680545530248
4.9578470801644094	0	0	.38946056964018183	0
3.065614217082377	0	-2.898564183293244	2.920065884391073	-1.7733626640305107
2.468155030365348	0	-2.191513401095951	.4162991869799064	-.6429468483997084
6.493778976567172	0	.964159913685389	0	-1.6752155719198103
3.9907705962839986	-2.5509851297819552	-1.6902153444807246	.9661301831698661	0
0	-2.093160238137784	1.6760543370079513	0	2.7315614734277
-1.9833273355727836	0	1.2027254863985508	4.249875318445063	-.7083585353382
.8770726676733109	2.7828186637286247	-.5844070219093583	0	-1.0589724719012659
8.092951617879844	2.173836970078407	-2.2062277045005407	.703545007716182	-1.9134816577561677
12.927972457267142	6.231877652617406	-6.231007335809762	.807240368933801	-3.76507437320459
10.873547599427173	8.01940701200826	-4.728897523781538	2.229567831820308	-1.1307517508591562
7.471020145215002	2.79668356445179	-4.936530837297102	3.438401555418428	-4.242524507531588
7.719674444331113	7.873584150924409	-5.330237276131282	3.0905926244267294	-1.589115926628288
5.987131191688395	7.4615849424198935	-.9075387748856503	5.847915306956763	-2.5909740884549732
8.189965769902992	10.958762317735635	0	2.2058155742989305	-3.335217408580785
9.326091071585305	14.895236720632823	-2.548383377113094	0	3.5703087969619576
8.345759307370482	12.978148248345908	-3.496639578050442	4.435641885945212	-2.434370967016459
8.058211770041893	7.055161999268704	-7.701997163492299	0	-3.620242155666256
6.899169113560898	7.124191301534924	-8.77327303065426	3.9071838908238092	-.4066823990965367
6.682144173154007	4.981388973517371	-4.64304922331048	5.979814000938651	.2519357198608563
6.941275425579822	4.633409501920659	-7.77039089978202	2.6146600601908605	0
13.6976352836998	7.930685601051427	-10.043224264324316	0	-7.852110688171815
8.096848206228874	1.571042111673271	-14.170695102411353	7.2828654534271715	-7.721143487699078
7.982957599368479	.6568589176856932	-6.259753422902797	4.3590404430304845	-12.944474736235131
8.183536976963776	5.538314473592887	-4.925245343041793	4.240836679233274	-8.99808542199839
12.27362308784463	0	-8.848775881161343	0	-8.005843997142781
9.51730553233224	1.489386718228698	-7.434541859276932	7.506259833164966	-5.403087460223795
6.820875449822522	5.077926938231314	-6.507731463138471	12.380331192567862	-5.64143033430544
0	7.468743620615496	-6.614567911358519	7.885437257596341	.7277839411931315
1.6318952860354985	5.924040104455645	0	7.15353683514153	-.958277798512152
0	-.2388532500554118	1.1682411521506681	0	0
5.972957337679488	-2.304749997881401	-4.959199913998762	.768458267017694	2.5678494221215935
5.865089050478435	-3.621171747971082	1.4229908375082125	2.764102679302669	-1.4513461775197598
1.6827679171277834	0	.7000291982423209	3.860348532571585	-.7323574475205301
3.4694867967980794	.2876159813390773	0	-1.064238972562602	0
7.162545841131957	0	-.5837279801688839	2.320910218471092	-.18758556284771888
.23879198394870269	-2.5632900880325447	-1.110088351612672	1.9313743986186467	2.53079121888592
0	0	2.767020495406144	0	2.0044426711166023
2.7660112067244054	1.477419840121793	3.5650787884211095	-1.9925524889384958	0
1.1561717653282535	2.6843533719641113	1.044919309219315	-2.176920273346246	-.5202954999337572
1.112891282069764	3.9017391246037247	0	0	0
4.418657541500589	.13431617611034058	-1.055196486575712	-.7893698407006177	0
1.1511877444065932	0	-.14561534377196717	2.823775750852496	0
-1.000151543640414	-.20024549821162363	.05431239273735672	2.750035891181549	-3.580884401509592
0	.46149317158162173	.08585067894507659	-4.1807154790041565	-2.274964813371625
-.6343184504939153	1.6173332240732319	0	1.0677399270580565	-2.4473882502741513
2.9058700346022777	-1.0973381436919958	-.4557087896085783	3.3964787861932537	-4.116751942619322
0	3.2874042335461313	0	0	-10.177649315142412
0	.9445306276819744	0	-1.3607602376410575	-2.7915073675928666
-2.2084307914127734	0	-2.6116467295702863	-.7751954722966605	0
-.2857255945840862	-1.5232413783150502	-1.8277230419303172	4.673934517397678	-4.591526244933274
-1.8465826758677515	3.9203658210909946	1.5955490613844767	-2.0747427576482407	2.43495985378744
1.1515267850320536	3.2808083782792368	.4533945010836239	3.5621047681313307	.11993063671445164
3.146439892539477	1.4395677707707155	0	0	0
0	6.915173845693592	-2.6118626489031	-.7127115361300134	.22250584224416836
3.2168431785518345	4.6654906395830515	0	1.2307035339237475	-5.476663565327598
1.8582488547574407	1.5055654494914121	-1.0848267809062433	.07124507306299732	-1.4819106254647365
.5109155137090712	.2208940280738907	-1.5394547817881263	1.7491941848059815	1.552351402751769
2.366363940473204	1.5267890693501034	.9746007304818018	0	-1.72605268807375
-2.1179971305187246	-1.006311502175632	-1.2144812276262646	-.46701516910062635	-1.389000604292923
4.974126471114273	1.4342923878313203	0	0	-.18290903457387553
.7404257991878913	.5183429956386917	1.0511338672973043	0	-.16894515017737033
3.2742997478205744	-.6159852820879204	2.706868620606735	-3.883489415691291	.43469257311070253
3.9844447957662505	-2.195924231641009	-.2839119569202099	1.86047875243716	.5322029713335181
.5767028676146646	0	1.5602528225454912	2.5806139258690015	0
-1.2353162794640387	-.7002571021709254	-6.0919467633900855	3.0046037128200918	1.531354541418053
8.431305387309738	-3.1437223387320685	-3.691813498075939	0	-5.76195715865378
4.966331383021953	-.7658747294679393	-1.4820790590995434	6.022074666446819	-11.106794363693158
1.9457855134364324	-5.3876878749596155	5.787002144554728	6.206491132704073	0
-.12878213487507909	-1.438693472853942	7.495593293174273	.35153988947331705	-1.714410328385062
4.71103111071245	-.1603854093382806	9.905319094432173	0	-4.125818000126463
5.98579770841479	2.784293527477485	7.371649548085487	4.95399952728558	-2.9981761520653896
5.494881501761711	0	5.345635790095726	.06884906465230545	-2.526861832592897
.5239936463970098	-1.0854366403758755	1.8664158694364044	2.0454962470672835	.9774808769943246
6.769176652158859	2.8046634417162775	-5.065288301507139	-3.3158652216033104	-4.096798190095889
0	.49362224067591565	-6.238728428267453	3.839457863159593	-6.3884132224454575
0	10.151088322369954	-7.853410336695077	-.3185561182592407	-5.733379949143705
1.385353113815356	3.991001699106075	-4.980893546749675	0	-3.3176624119012996
6.816797122590946	6.402794663567948	2.6660610792177035	0	-3.681434807824071
0	4.962977352140809	3.3875030637248154	.864178680870396	0
.6789465679414477	2.791252617566654	-1.8338532394939242	1.070887232588496	2.4194889383651734
1.6882471695985668	3.022473086090717	.8347296533379589	0	0
-4.077261178273804	0	-2.391378073733848	2.7873009113605667	4.10353355498051
-.5162061995482662	0	.0850653809025037	.2638409651819784	2.9921965103763646
-2.435277731580571	2.2691900566767305	.5485495569085649	1.3094833863498914	.07819518699522054
4.483237891026739	-.1711165084302282	-2.4853396395096743	1.2777240356390558	0
0	4.6051383395693275	-3.5730583628297308	-3.321000920117984	-1.5058810604710575
4.498346552185027	1.9479477171379223	-7.609474020857948	-.777075620146158	-4.118588053833654
-4.542035075818522	5.7610529633467555	-8.977976141942799	-3.113706492400735	0
-1.1634533815872528	4.472281283861424	-10.731020326577115	3.117624775454188	-1.1357468689154178
0	6.249545660356667	-16.18620248695514	0	1.7017255079691296
-12.51637971960531	6.7026112338489225	-12.088589406021072	4.148906631823648	1.9743097277774102
-9.267005199361822	8.306564565889845	-9.964036072712814	2.9459764914751294	2.63448894352469
-5.629246747011149	10.36429228691814	-12.55286384107346	3.5916109466886814	0
-3.5232341995685226	6.006551583203423	-15.454897860020322	5.109405576078944	-3.8099007253520547
-5.6756154690458045	13.081074192390997	-16.955861794349143	0	-9.932230547686206
-4.379692163343417	14.291411378665426	-17.563060768689812	2.7505283557086657	-12.158899577259717
-4.6088500172279945	14.33994315003749	-16.120178838034022	4.539884884239739	-15.634008567583535
1.4918450908459613	12.479870398854523	-20.61948077770299	4.545910030677563	-21.830078121633818
-.09599151508586168	15.465861216756148	-18.572135384516194	3.6313749315989328	-8.575122659191623
.7877685478494447	21.42450803899356	-12.013428764448532	1.4392141943425691	-.1605063533238006
4.524941411559723	23.668914020854515	-10.389182063682718	-1.406656716571763	-.7146833003695168
4.528504373474237	21.81043802259143	-12.944066443490426	0	-.13791945470552075
7.703882008406927	22.592817987250218	-10.374111199226018	0	-5.755280520789086
3.7865120353475388	21.887417175910144	-11.344168120122358	-4.4699512026890345	.8285202815047943
2.803881347533976	18.142381423413383	-11.357162419762897	0	1.2567887250296992
9.72401074844213	22.89814164955663	-4.781745276806186	-11.424327039926595	0
8.975267567736205	19.149225523284297	-4.939954572053664	-5.580392085594628	0
4.989385906922881	20.416604485523877	-7.914847207638764	-4.1231931107399795	1.7454081659440193
9.325223499756204	14.740761111183856	-9.540209403981907	-2.0110353833377137	-4.2305985896157825
7.610285880853449	12.30000890891496	-9.887187109275528	-3.925731604670776	-.9210483377238077
9.11187243891788	6.712968607504155	-14.353251691234096	0	2.4759662138787344
12.102237105796545	9.464908073324438	-14.869765680376242	-7.414177655435029	0
11.566319861810817	11.066257163975974	-14.79219311420258	-.022043874865303792	-4.428964231786315
9.043998896311937	9.792729695591154	-10.639311094113637	0	-3.3766749697749296
5.217688881887785	8.438172304016987	-11.101198435875073	-1.6165974797890093	-1.9690769282361456
0	3.370085740198309	-6.665123568058625	-3.0761647441851423	-6.6328156924389905
-.4868026020902356	0	.21872409460291042	0	-3.6146101025910644
1.3344798422730413	1.8803200899368873	-3.898698519199261	2.5483129264808477	-2.9068377587272916
-.5490208225045916	-.9909708552496307	-9.005274529145618	0	0
-.21823818887037227	0	-8.205912868627431	1.4236616766678631	6.100383966850528
-5.689174537485801	7.278546260653489	-5.782615560742841	-7.818344032765976	-.4401190065084064
1.1567132069655717	5.500769371377427	-4.449365900668056	6.179918010056438	-8.069376720325176
0	10.034012295509378	-7.431863495459055	10.459637018257057	-6.691586141449148
-5.065651803577701	11.351162611563325	-9.97868940229583	10.18178877493089	-4.214229594589101
-3.8764386291270734	10.663945305869635	-10.050269884473247	10.053742951657432	-2.169717923001271
2.4150529996499137	9.580027413358533	-9.556559487219324	2.831350985219192	0
0	9.676825114936369	-6.739203364458884	.16844995642859367	0
0	2.3495875642661646	-5.580347120879232	0	-3.7062406932620764
0	1.4862942356731823	-9.14918495939049	0	-.6131539259193753
-1.8666812454604682	0	-2.2542658499328585	1.0763056282786314	-3.336007973760293
2.7174629638351453	12.679236102750863	1.2652606018746448	0	-9.950233667327876
0	8.868542865600128	2.690384783735375	6.277162893185003	-6.769211953003158
5.359542552435109	9.053822357046226	-1.2538175424359135	0	-1.8440635841084556
6.798045861539652	4.270094847408815	.024227494543517636	-3.6348310651721087	-8.61229850030745
7.229652154401665	6.357533187381663	-6.412399241253237	-.9901123163926702	-7.39597376821232
6.896920557912218	8.392663393082428	-10.204618076516702	.8380562725711242	-9.923318586048747
9.838820428229393	7.993305115075975	-6.788756175502367	0	-13.429583738533278
12.283813706502196	.9511750409857243	-5.640544716100692	-7.522872335998562	-23.561554196988563
11.753129646337781	2.391358290329585	-7.703514683792326	-6.617740320053466	-18.71512450050196
14.427686804572556	5.88569047403162	-8.52912067994217	-3.0702554751409563	-20.025381779373618
15.231004032768768	6.175290968358261	-6.896323674726703	-4.500500270735428	-18.19530758998295
14.907389347390831	6.3509648826927725	-4.3009477852613305	-2.998910492444339	-12.879839357032218
10.738155796771537	0	-4.828913727533058	3.305714685850563	-8.797353805950797
8.815739157390452	3.8920048786050314	-2.0827607838173985	-5.0722632464183945	-1.246323686132333
5.03305097274092	7.517468333250816	2.8513275646307954	4.403617812260205	-6.003407037330925
1.781983208221068	6.156857018787781	0	4.056106345753313	-2.7432823607594514
1.9543369966751705	4.332159332853428	-2.8907000858750265	2.4748125907524727	-2.198259453471488
-.09141313371060167	6.261760717268544	.18645061646965466	0	-2.7667335563325524
-4.390392740159371	6.0229924477822525	-5.103097560709645	4.171581813935163	-2.432363007812473
1.2740093631326133	9.60373405102454	-6.023895545954641	10.86899958878156	-1.4036870390402287
0	15.399497875980202	-6.929736846115115	7.75332135385531	0
0	10.719561210145327	-4.00589443484252	7.337938778174739	-1.3764239697643548
0	8.518578951827513	-4.466708518536688	9.995620160499575	1.5697606292141004
1.0794077047527613	6.496773754434578	-3.1993014905260613	2.3733322201455627	-1.643062413905191
.5079785370387038	7.9389529455216925	-2.616849525629511	5.31032299364941	-1.6221626794107356
1.0269195448275108	9.46195741583594	-5.201465053798372	0	2.5184128288556344
-.27331177327370537	4.43266954999244	-8.35780127092642	-4.285719306107732	-4.639382009854219
1.6711943444401114	8.08739269180944	-4.410985183729755	1.3589654151355226	-4.994357511811561
1.4601372377244575	4.668762214585436	0	4.710990451928454	0
2.635101098238338	.5244886089588183	-5.892585817850719	5.450268202993525	-3.39887181749568
5.7400205366156385	5.108683481596801	-5.328940280913325	5.39273487481903	0
4.032849836192968	5.069372418390837	0	-1.3693122499949897	.6127685457928904
8.031036533532788	0	-4.588930157225863	2.491710392500094	-4.104602771646501
6.659553828415255	2.51038018500851	-4.564851945479422	-2.5243638185004653	1.7391762004056686
4.312944495539718	0	-4.18146322076935	1.6774048884571242	-4.136145495272627
6.224140243529767	0	-5.693675854566945	0	.6813432306275446
2.819133060141867	-3.309863580339842	3.2266611736953883	-4.403530352105553	2.1016255829083805
0	-.25225764650497345	0	-.8560010495460342	-2.035019586857494
0	1.0832696977520346	0	-.135545551688236	0
1.866033295883477	3.6296017292779923	-5.439364677877007	-1.5111837182346868	1.1058342126898486
.4007605785639165	4.042777948047371	-1.8271278271253446	2.7496854317103416	-3.165694070357034
-2.0225895759955486	4.064792425203368	4.244542690441343	0	-3.3426613896368322
0	.22878786437928278	-1.045003139009284	-2.7860572863687034	1.939146558189234
1.6142771799271576	-.4055254086343946	0	1.7577981414376609	-1.1996771784647768
3.7791107642968367	-2.519729852624359	-.5147141127111154	1.1398227120328384	0
-1.1689739845339564	0	0	11.35475177498393	.8499655389134666
-.1499685637747945	0	-2.3926344050791983	11.978224707820972	2.6457287747513583
-5.577459648068501	0	0	13.240290231885488	-4.888100322849515
11.552976659728053	3.089215658277809	-3.6913912892909444	1.54792042642819	-3.5630464426049713
9.911152933828117	0	-8.5234167450896	6.7313862997832565	-5.1843741543829065
4.624117218768788	5.500038559684296	-9.808508760295492	7.429225981569489	-.7850126443132368
3.9051990697902514	10.400043357869398	-7.574546965612565	12.516531954737577	0
4.0342092792115665	13.515273308049888	-5.693979068801672	12.033173622968118	-5.028040790489404
2.8284205725107303	12.647379516260985	-7.001334605548348	15.340867246467827	0
0	16.28231473431703	-7.167398699781833	14.244002620728129	3.7871829865993423
0	14.840882623075196	-11.593925174704696	9.470232501566235	5.792220049389849
3.567892914008695	17.93250512252081	-8.053506703287358	7.867770802611451	1.417793914506251
6.543449076068513	16.215633011983584	-15.197435667366435	5.940207487274579	8.694177839057906
12.574789269732559	7.016813059336889	-16.47072419539739	1.536546015324469	8.811030911527963
9.117981735145825	4.507382233068851	-18.940899222523196	7.292471163128039	.27610194491362283
9.231984029898298	3.3702094068455897	-16.362268155501916	0	-2.2895122323901522
6.998829812260048	4.286078757086142	-9.766864588153297	4.404061923842953	-7.179893638296761
9.909477227570394	5.05915372210966	-8.945401039837545	2.8705800605309078	-1.3606635132633134
9.775923892039867	7.930644927566421	-5.666373145923734	.28638946644189756	-5.74587139183375
11.529976784751973	4.406682690506919	-5.914082638694854	3.2423291333092186	-4.181578645699522
10.044394983099727	5.4763789962682425	-2.020396296266652	.3863818035455292	-10.634103442334055
6.961155061940429	4.072516309002032	-2.591694190107688	4.532093599913766	0
8.234170032036834	4.5869869437243445	-6.058026560690557	-.7791628625021454	0
9.350305369535992	2.4723140788770466	-7.883931858396177	6.616635137798631	-4.984848257634292
13.973208337880827	.8395670143221221	-5.945180722901643	0	-3.337500286002114
14.287396090722995	5.561529968233482	-1.4663585105245285	-1.8086123113581691	-.756245079083402
17.296748114637452	7.396940439439162	-4.236943328110644	-2.0373853624182656	1.076925747358694
13.35146578184836	10.317335250320648	-.21189772974127252	.7834900896784383	-2.5558512277981755
14.833289424821286	7.894277402997044	-5.608276253509472	-1.7351644195345974	-.3832385512980728
13.999877604777396	6.941672220393104	-6.01667278407076	-3.1970237561356685	-.42855353729011525
8.202389558444258	13.413109941613726	-2.9129416996869884	5.230438345659569	-.8229827164791421
2.6535792670585256	11.511180605599721	-4.838521817298658	9.246606428313767	0
12.23072386276093	10.468748297876475	-9.228967568433493	1.826667344618396	-1.6083207007203808
7.2656581108685305	5.425326581540538	-2.824656304236558	1.4468481986141524	1.293432234177423
5.9005147947084575	9.349995840461276	0	10.645464745481009	-4.503890728028959
3.490058571360942	8.049734885321037	1.1237384683009097	12.954531753422069	-11.550274350025795
5.527312397351504	7.060894091575501	-5.450370879306595	7.6105505694210125	1.0147114766120608
13.404294766448112	5.554337196296495	-6.745764158850966	0	0
8.275294846903066	8.274115322523016	-10.438711490354002	2.064516921356239	-.2713601414466722
9.121001506363287	5.374328002334804	-8.729130412100954	8.550497279133142	-2.077130630572165
8.17437489525604	5.0116769089621584	-7.6396560925965	0	-4.942531660683487
5.06107173835811	5.2589704918739	-10.618517504822929	4.031664889506379	-3.0142147926113676
6.531201433462629	3.948694409412436	-12.36417662949963	3.346127771775644	0
11.021655120096062	6.809613483100703	-7.656362140377089	2.034468203999227	0
11.201988046155934	7.159292612871628	-4.216524893533377	2.648969781394265	-3.6143876121381293
9.036051824186409	11.14407358259153	0	2.9877854716642798	2.6397261697525947
7.449953887987503	11.500881713495804	0	0	2.6210769479334957
11.848780857723813	11.574432541121459	0	-6.121079100812393	-.6901382811091905
9.54801525385226	16.483113486451096	.6179342164529329	-.29084662478544804	6.444434621882932
10.558336979471761	14.830706103539173	3.54892365523358	0	1.7098948899618884
7.932370071205636	15.108220516145543	.27261511446236986	.7279912599718064	.7390432132482239
11.073614550671893	16.138812420544877	2.89004403549893	0	-.887820190803562
10.10241562007533	12.051805261428305	0	2.1851153850706804	-3.7381613227547974
11.127369496318302	8.60675748275369	.8697616845504228	-2.5111500307260317	-6.958564520487222
13.55312602550654	4.929997664233817	.1427851218631021	-7.5440497093454395	-10.508437168109117
14.0502067450326	7.102233242115266	-.9908017213472262	0	-11.44491903831157
14.800372641205954	5.4443982518855005	2.980256785760054	-5.266831554593201	-8.54718524878743
11.871934490126646	8.430204636181237	3.6209199073684655	0	-16.43924989706704
17.484830196629122	7.652689854465398	2.2673147837421315	-7.1611855550237085	-10.48413949702971
15.568430733631697	10.633840849244608	6.119847055360442	-13.890100064920754	-11.64112654871392
9.968601598813327	14.134833012979403	4.173637206200845	-4.531463529396648	-3.564194625318509
9.33822673772269	11.147068328851878	2.392790009929805	0	-4.578488045557605
14.431196111790292	8.156855464048087	0	-1.2360153806831482	0
12.421958837363867	8.818972251248207	0	3.6938321629493744	-1.7584680150921184
12.79683320268151	7.191295326945037	-.902484840743772	4.704080584124871	-7.066488068488888
9.728274863611121	2.5271934464988948	-7.801010391526573	10.921905803502012	-.8747750109406304
5.520157717645923	4.054673539320262	-8.220976172350968	13.418225212490814	-7.346447991752383
11.123899920882547	-3.1132633038829725	-13.582356901389824	6.680015090524535	-7.6359795083940245
13.449648048213348	1.58963061610475	-9.111501285829034	3.0979029082059015	-.9268857167622001
12.387805809736916	1.9632844914363832	-5.759338964486567	-.4558369860958711	0
13.917194514432522	2.9731630011939507	-7.295298790524544	0	-.20945085854947454
11.144923441005895	2.9855974562887013	-7.041271751163098	-1.6526780706379718	1.2422838144896122
17.75858672307177	3.8274926117974113	-2.3715373216706768	-3.991528347451654	-2.109621064037806
18.910487962333516	4.45555426690561	0	-4.656107330322518	-7.440711831582197
14.178424266251527	3.756163210398663	-.23041238648248163	-3.7346905343550225	-10.750282394793803
14.66762868933898	-.08270168384804341	-2.3273319884554793	-.2535933162122792	-13.932998069155492
10.352246272846342	1.0477145118233924	-1.982189633174539	2.2216208047765313	-9.560055963657621
9.850493948797084	0	-9.171250322967232	8.342825055643425	-5.0122267738637625
10.418304195851418	4.469126617018097	-2.780336084685337	6.459262355398979	0
15.396106462680518	3.8943946940644856	.31870849209835184	0	-3.459448494721084
12.253873719602144	7.187038285699728	0	-2.1340514093080105	2.961720354587131
6.065507872752881	3.2822756161199984	1.3309571082045195	-1.2283469447189983	0
-.1166837800231586	-.755762528488119	.5683433133356637	0	-2.0571606657217654
.44628450118109214	2.733018149176635	-1.8364869649817046	0	-3.3833303276678617
.8761898941861657	2.569290857039565	1.667233091906846	1.5428444996227808	-5.973415275105775
-2.847744880933487	3.7740908909871766	.5578697380029245	-1.860420242349746	1.0457735438396418
4.449946310014955	4.763426339844768	0	-2.207409881380737	-2.081777385065792
3.858337359951305	0	3.8570412070723363	0	-4.827482356769996
5.995478206458553	-5.2946807738407315	5.002071637248186	2.5078558551310426	-9.758817467870918
6.6217216696619206	-2.0878004783322384	3.5985723590884433	0	.8230659249740104
10.201046292478734	-.6752548231347255	7.014280211836936	5.453320610652252	-.7271859563566143
8.609104400410002	-2.850997288679384	4.454587617728848	0	-4.301598182645023
2.789429649786613	2.857914239713729	5.080915745434254	.4304357913524661	0
6.630315586619494	2.3766310927933683	4.624560550141793	-1.0651320074119532	-2.7367519199673325
8.381764847686357	0	2.4754445406271017	8.137312801817913	-6.482130781158439
10.019880878450904	-1.9050997434051666	4.507318565226473	6.696805256123446	-5.77111085333983
11.391380180095931	-3.383724947408939	-2.0160119692830127	3.707592255193966	0
5.42936652382347	-4.386901010825795	-4.243291283125479	.8943244317078474	2.364201163919887
4.437581209304889	-.5886376145050867	0	1.9692619634852233	1.5395564105771011
1.1319110787037914	-1.8398818617418238	.8069283601527579	-.33819919663931375	.4365151369439615
.10477158400278697	-1.9037813923286926	0	-1.013209207259202	.43550960819709283
2.0246060248232642	-1.8169913066311372	0	-2.5972381239441127	1.252309049468735
0	3.3146878014008205	0	4.796411116848317	.741354224637424
0	.9768423357068702	-1.2541159632936314	2.1987278955797254	.8428729401402444
0	0	.10040337956036109	1.6205391770611555	-5.218912137820275
3.3850430452813307	.9804085653481978	-5.858410044180776	0	2.6562652585785274
0	-.07767359896818604	-7.507831515611449	-1.2228492631813253	-.6720594476893847
1.7545498849836592	0	-4.01433275578855	0	.0017287924952553713
1.3570410091260585	0	1.8612924305884182	-4.416841272412118	-2.063175535762976
2.1728593161423224	-3.8941499552458825	0	0	-2.161543592203142
-2.8353972311213136	3.4877057813624113	0	0	3.6420911711024275
2.8456441083561703	0	-1.6001138917162256	-.4967053697389412	-.9019122952328649
7.802652310716332	0	4.38071755793921	1.1383488102350512	0
4.190897019775474	0	3.0188877589263416	0	-3.161305382597305
.40741334276682123	1.3054834232203218	-1.8301701800340313	0	-1.9259985183795074
4.744235040972946	-1.3470118344563808	.47614658224284045	-1.0611344989332478	-.688308063831032
11.712503626745274	1.1160738595749793	-4.692351363257935	.580602569618411	2.3059361254348287
9.904888418409902	0	-7.32249308945929	0	4.666125905814248
3.9612001941462247	.38986054901909983	-4.896451631986917	-1.444285723877867	-.6957289448631764
.014150973376284348	2.917788357594686	-6.2763963402667375	2.7896841915946022	0
1.9272116894019402	3.4559170855611665	-7.6096265078357375	1.050920364330536	-.430035768932719
5.642161952084692	0	-9.449788655376596	-2.583776110465571	-1.515835163309593
7.198950403776621	1.6525961943649303	-2.1954940066177913	-2.9538483098806694	-5.037140697435628
1.8917152034787477	2.990178792322	-.8052488793201614	.9914443746443917	-2.3211426441349787
-1.4968110753537922	0	.4023110720579512	1.257881750204827	1.5625007710913632
1.4000294808396598	4.211703180289293	0	.4627741064687889	0
1.0732926811064187	-.502021282679833	0	.9316792112939851	1.465683337607748
4.500509475175177	.18324736941317177	-4.218460698092038	-1.2518418182812079	0
1.3132564465165457	-.747314569664578	-2.8929752987645183	-2.318351161416846	.6284275948000481
.7618807167712882	2.193521173586566	-1.5982779321972571	-.2777441052444314	0
3.474405690445185	-4.434140104501537	3.3334226137445846	-.22053864701216597	0
3.1085774491841174	-2.5252177898237607	5.588628810642631	4.7521438270098475	-3.9282160659530465
1.0758548791039595	-1.95931875667752	0	0	1.5597474596456453
0	-5.9276970428670275	-2.068329297160417	0	-3.438867500151418
2.3368722409667306	-1.832255992952713	1.709323012013579	0	.5139552708244317
