x1	x2	x3	x4	x5
-7.711711166770975	6.248871340693986	0	1.9062130587961028	-1.5448922828808729
0	4.482248168474704	0	-4.357170135303248	0
-6.0386641591268635	7.685002796848615	-3.4895502130888802	.2966851738046246	-6.932226402037218
1.0332072504440224	19.777102035304228	0	8.685044855667698	-3.630981026834628
0	17.23889096324752	-2.234758456769424	12.201823402120507	0
7.611579116185436	14.428956138249218	-1.929701668454429	0	-3.7135737923249614
5.481831380107563	9.358586029787679	-2.248701926764717	3.6578657001655968	-6.3100371747719
4.827690398950239	7.484153165885658	-.7190451398647147	3.3464506698650034	-7.742572960239721
3.809073356601903	6.5576574136492205	-5.457568357471975	.493701382342596	-6.266942976865605
2.171431443975586	6.6246149050012235	-6.147987355928053	7.125332058107233	-5.445975357288832
7.960369618343707	9.645723419640976	-5.503927054549848	5.437477477707181	2.4718839224882285
9.162458221073708	10.941338991413703	-7.838917593039761	-1.7994013070350743	0
10.606391849191745	9.942084577719712	-4.29075684590175	-1.2582586196672985	-2.168220518136814
8.063155532253948	10.183538862792876	-7.056911565207961	1.5766742126185846	-4.707867673964701
7.289239974936568	8.646882622090805	-2.616324834826484	0	-11.549523840506078
7.643629182763142	7.903946031855721	-3.8120287971269664	6.171436512643803	-12.655322424963561
9.686263271316317	10.474088222616873	-3.2462151713989815	0	-11.03365165356021
12.336062663384512	12.816533074829062	-1.5105566662169294	0	-7.923340155134955
7.695243335362912	10.309698348885336	0	-3.654675428439306	-9.259207588673336
7.11454798006792	11.268100523647739	-.34368592365894335	.4037779137195181	-6.15168381829438
8.567599180095254	12.818276288301046	.37855932432259576	1.9000546859142085	-13.169782758377478
4.7939313586805845	11.582501085632378	5.420611726222424	4.633589241307946	-18.643037486547534
5.649014163069423	11.180702325443919	7.769136722904541	6.529963544348288	-18.153834429031154
7.370539145919668	13.011603159748825	8.969949132290095	1.4230480164968868	-20.898707057811514
2.0924335430669956	12.533281481923543	3.7044175887027784	-1.0671008732145788	-8.72506210100895
10.134498514974284	13.565348361325709	2.1420722869890634	-1.5575542632297243	-7.0212610619646965
11.690567546637295	9.87522502499552	0	-2.7829729396959806	-5.032023098935223
11.694173309452973	12.875269078421102	0	-2.144380726776091	0
9.70336055381002	14.9224939324363	0	-3.1283489576867027	0
9.227272085050368	15.130303026937083	1.924291129359569	3.3334641088844865	-.5943544450691916
7.7347139481564895	15.278000817574846	0	2.9266415416358105	0
13.044914681223071	14.559760967168643	0	-4.368815563556967	0
10.315283979798854	8.648565898908164	5.349440705527252	1.8829075169233978	-14.529081833843936
8.070537738098402	11.207032754255273	7.337571580288951	5.7181353916973	-11.859571586167576
7.714311637573433	10.985772954093349	11.707717977632793	1.0429213488858469	-10.42818349312951
11.723724608748686	13.224918126169596	3.975871374753409	2.8628506116712593	-5.419355097131487
8.500945297666881	12.752621716062007	4.388676898670013	-3.0577573659776975	-6.8752108243330525
10.190415648293381	15.55354197630766	5.432460001886023	-.20797389093759253	-4.214654867790997
6.689174108203994	15.831407003916304	2.4119915984046747	0	1.9263062605484471
5.140008898336047	13.942853813203108	1.7732234510839922	11.54859194935779	0
3.641474231324808	12.864669953842988	.5988191231361958	8.056839389126248	0
5.769400922119067	13.60916709380249	-3.848305281287022	13.122209167238358	-1.2282887305507473
3.9349226517972915	13.583172224350012	-4.863019003069358	2.7847921370454416	0
7.586252260057186	16.18024536138887	-11.337125919141762	2.218696943144048	2.7471233937726023
15.755371587108215	10.36098222824021	-6.5021604660282275	-4.490016366130371	0
12.04237406449267	11.783061313372851	-8.142398290691135	0	0
6.936906644657681	9.619029854302282	-8.58765840282527	0	0
10.11679988369008	7.267764068367882	-5.955183872016455	0	-4.541575289147705
9.636777480081419	11.43979341431724	-3.2076637855100714	-3.912251827488242	-3.1251678202340987
6.054632839991608	8.34947090973213	-2.5891052011690436	8.63144952743189	-.32216274600061645
4.562072386046552	11.012389703268664	-7.595611924046881	9.493797149483274	-6.597984250639018
2.234140630415555	13.5714695044532	-9.898480856412636	2.587392811157685	-2.0798786139971988
3.8263886112855876	21.024940371881073	-1.7142770938609018	5.272423378643311	-.4020196355333523
4.7799373865989425	20.42927350792188	-6.849238351952338	-.31219211908026534	6.101018248235561
7.777661851657207	21.799295727417633	-8.931387895989452	-.14880413505047296	5.739078251773493
7.41532333089033	22.900010680598584	-8.515923170539544	.6173234065933892	11.723308458698503
9.435728899162457	17.04695351031189	-12.033951159356556	.03316226939032729	12.590169700898862
7.560388759015481	15.182511155608339	-13.458266826549195	3.316705625480747	9.56495367481633
4.627908468191355	13.089639735881827	-15.130559416628325	11.09327845138921	4.248080737609487
3.8625082791021947	9.69044736163771	-18.175245583523854	11.786008867568363	.47881424659313376
8.024112411256002	13.186882726209975	-18.328179330690947	2.7706255411653897	4.177620943488009
10.05172237690346	4.655163028267235	-18.335472531947442	1.459892829853819	0
8.987704129230604	0	-17.245914597504072	-1.824788219592452	0
7.887828558681982	8.51338192593317	-15.773243954700167	0	0
6.68976374675864	7.5695056803439105	-14.56081962063281	3.168144662964538	0
3.5050946317222254	10.174364212802468	-9.369736282687013	4.337847946904702	.3793360050292185
5.715334751748669	6.755913846087804	-12.665344815996535	1.7907874844195597	-1.0646226331462363
6.658949370519527	9.134519748550105	-9.231006740086322	1.3518976338510758	-6.632955017029298
5.907221257639073	.6342273265317893	-9.003496112327806	3.157306385743524	-5.5955431824278525
11.453161502830339	0	-14.00467184075625	3.3155737826026694	-3.884891590006041
4.80144197496377	0	-9.553273027250418	2.580233677455476	-10.441801603385121
4.166888872670089	-.8473864441272349	-9.690594453216416	8.246830201780522	-14.581541099590948
5.97936211217983	4.530485467885139	-8.240506824803363	1.866953426672096	-14.64153091681756
6.457400318679415	5.495895452943223	-7.413601408034925	0	-11.975348631360292
7.167180817872238	1.390453425716424	-9.29002540367704	5.034148731577524	-17.930026194146354
9.324842915782165	1.1892617908301013	-9.61158401148153	-1.7104217563996005	-16.25322453300673
10.24479087773738	0	-10.317327230486253	-1.4511447371094917	-17.133530368285104
6.588951424061358	0	-14.886017298126818	7.59514506632706	-15.300781920965292
7.514053691183831	3.019085149400422	-16.507895001721433	4.931231705462469	-13.476210094732647
9.200138578058075	-2.929072510245502	-22.29843723028631	.5530053549246214	-13.895880542063308
10.279458463694095	-.8351967891637099	-21.683396189555726	-3.5682738932590077	-11.533474758287955
2.9622865518879826	0	-14.232297149651842	8.458323188452352	-18.120439474828128
5.940523456002259	0	-16.547443703994215	13.82069371008258	-15.353374681894465
3.83026493159625	0	-14.156973138693928	8.053218890491502	-18.30090624467725
6.334088425677283	1.6079616460629782	-12.100948287987634	5.282980949980807	-19.09368605478341
6.381779005951438	5.03032617040536	-11.383923008741906	0	-24.469179163961755
9.399202603537141	4.715244446131974	-7.652491867119116	0	-28.68964057140092
0	8.189189645377759	-7.447605988639313	7.498261066459613	-24.0740765024762
6.392560224660025	4.558843175973673	-7.5219822230528335	6.834015407409845	-22.996699484391126
6.808875452934098	11.950727133483873	.3900097741313694	0	-9.713908196645605
4.6409585106952616	16.430263954696475	-.9671687108151172	2.103577539652201	-6.44523718499625
8.36868209902135	12.782154123477076	0	0	-18.40770747082811
6.118599635890265	14.775163611394143	1.0263791479950548	0	-18.71202389532105
4.444969315644296	14.021415295384413	-5.007850558244443	4.409544266626892	-8.979846898344176
9.380921955719986	8.370280220669596	-11.513022936118269	3.0628663476909272	-13.648606868875332
1.8195254170034898	10.234552989454055	-5.356147352457567	3.8548138635618026	-12.187159313128339
3.160721508024215	7.333318516877652	-7.096429033136426	6.796082997280668	-20.735355540848932
-.3427546646584697	11.343717665434797	-1.9709122313656717	11.9257244319389	-17.59705671796461
0	13.845061958135547	-1.852619750816904	15.619500545846865	-12.155073258271033
2.7083856011309195	19.206659409449227	-1.0790865088483932	14.58417225130505	-2.5622255411708585
0	24.219360851210602	0	12.202580473280031	0
0	22.884491355568684	0	14.521429092301174	0
0	24.059820876684093	0	13.13681610023233	0
0	22.085172714113543	0	7.371984708195047	0
1.446567067542048	20.63776494233983	-1.097275573272681	10.351136422982837	0
-1.722567627223204	17.10609335711305	0	12.275663671140917	-10.196453813948724
-1.2549542300326164	17.495456463924377	.865911587115653	7.548690497067037	-2.849110674615546
1.7917722467616595	25.374107086348364	.31575568883043625	.8411892400731156	9.82798801153838
.28129120100253446	23.61575552341923	-5.285336449663533	10.023156334979026	3.519879798105254
5.696067265997382	19.893104299031144	-10.469410223629025	9.428454509582464	4.4805171731279225
8.826517977852676	18.241106346805722	-15.941715649582811	1.652111421889037	10.391268411328557
0	20.90040231375911	-16.286442610457602	3.886801876273534	14.510143719077478
1.247973619533157	19.311317999373628	-17.36940545792199	6.166652004693535	9.943886238612697
0	21.52772792133426	-13.726021866924853	9.358017838900732	12.581987791244615
5.666740213807428	20.710896235312457	-15.116019301146544	1.4758809114920863	17.415681235711148
10.741725485558545	17.996082367078174	-14.47409104056436	2.9848951740237126	7.854936145119921
10.977712034367963	16.249871962209927	-8.343479981382277	-6.102582366778799	5.855301831043702
9.060456139155436	17.397924132947487	-8.004045193611654	-6.285034406532167	-1.2989354845040704
8.211090916384528	14.866519643965825	-6.780463390437694	-1.013882725531233	-4.637102702812337
11.275520722620358	11.856687372455493	-11.798631297222693	-6.819710496630046	-1.7276763555920156
9.294864720512633	13.19565751680663	-8.96795162707723	-4.309622481424171	-2.658545734297055
.09755300315632898	15.133414457073902	-4.449818789350495	2.513256715812705	0
5.775223322295711	12.414114402769338	-8.631156321338265	4.407866859524179	-2.7836957424729247
4.187969398840017	13.912338782211325	-12.102178111213629	6.832364560704889	-2.3570661956658805
6.057827467033822	10.197119716115703	-12.11860873628875	-4.176303344816218	.3119400718885532
5.074490666245839	11.517865455046138	-13.33047055195052	6.646206423835116	0
5.1740951524445	11.762764806006526	-8.352161446875131	0	-.5846793300846925
7.662823760658274	13.2607694734771	-5.627460264165171	.5460570013532762	0
6.882627165066812	16.547436283286707	-9.187073855589876	0	0
7.210968310078315	14.113938229363225	-6.5848032658342905	-3.3385929702166504	4.3947417581708175
3.781583920491822	6.311937051563613	-5.232275934547099	-.9664405832861198	-.56000620663418
2.8773514293860423	15.083233216158721	-3.794306628272227	4.466388974566851	0
7.737394458946163	16.036240984420935	-4.661041748490017	.6921842921310455	.15235183068696734
7.605424819450503	17.04231835691568	-1.1119481023223572	0	-1.2248611472063955
4.415196811040707	16.297493795416397	-3.844483105629782	-.5214777453309192	-.6167713669100017
1.255490359493054	12.15306515338069	0	-1.8902156126330143	-2.6551110179965445
4.638033439699193	13.303909914491843	-4.355840550929356	0	3.4610402817385424
3.537932440086072	13.44428578880746	.42880610154697546	1.6042471524700361	-9.896570162161732
1.3885327107570102	14.683980165351606	-2.0253773124423717	12.011767902468154	-7.594748794411977
1.1248904609405457	9.368146634422137	-5.160612471716621	15.430667104719005	-5.594839111155711
-.2847156362070366	14.209037479496605	0	14.302427520551927	-7.662785075805983
4.374750004196287	19.591444158516065	-.8119675754382671	3.134620058035222	-2.880526668178353
-.08869735974277693	19.626152344492596	-5.699502868560232	8.531553182644174	-5.655948841691682
3.652255756528173	17.93319832890255	-6.573554681174552	7.432183944166042	0
0	18.00498799546012	-9.511114839919918	10.424191224897172	0
4.060936500825189	21.07971287033851	0	-.948752863801452	-6.2956425124403035
5.141006885586261	18.53599628656599	0	.9493231412292151	-12.237620032325104
5.767662931962973	15.01393784224538	-1.6133718942711042	2.381433535507564	-8.72591321337423
3.1871442334181013	15.924865658704869	-5.008795434329853	.39899868989219467	-4.446238451447272
6.0387861610992895	16.37379801243801	0	2.4776033481357453	-13.388194173774565
7.061078547795255	18.42254293149917	0	7.139137054797837	-4.673239442361255
0	18.41388677867898	1.2462929087325105	13.334031723303228	-6.098177809917181
-1.013352831057111	16.89292895823489	0	5.610094533850555	-3.2444871120347663
6.816950444857357	16.612201054517442	.386270926078468	0	-11.500388201333699
7.016055852887501	17.888448958861844	-1.546942835860253	4.712210084133917	-9.127076981536865
1.7133225251011721	21.447287927752427	0	2.580590877893858	-4.675520049534263
0	21.875081666168587	0	6.596923239009997	-1.7066035450070536
.9725886850714799	21.848751504368845	0	3.2796472357422988	0
5.37917924327438	16.104944559837225	0	2.7700859394658925	-1.3176238685918957
8.676494787804371	11.227476553621193	-1.5377454143255358	2.4938931961488784	-9.62429402002767
7.911848498680255	12.765017860260297	0	1.2190725973246574	-13.480680985506721
9.446182303456734	10.434036436535992	-1.0448259047373005	.5665817430175509	-9.425951794502758
12.054222817002369	18.674005733238598	3.3017095206520786	1.572737956683487	-1.671087827239549
3.032412291485038	18.404834323784296	0	5.142770582164757	0
7.54542360482541	18.862869342594326	0	-4.282793899657491	0
0	17.60159761987002	0	1.31983260835888	.5181521029205463
-.46020842535586226	11.879938261823531	0	5.130747588250982	10.861942740761432
4.064364764943953	14.84252863564177	-.6081620064707206	5.998551301092503	-1.5220516383981195
4.696220311137376	17.6885464858558	2.293366360788679	6.407917866946885	7.495138382022034
3.2568719164574347	21.218994291755518	.9542005602366654	-.39958020036648545	5.473085071233893
5.934905262972022	17.0542819653959	-.34305972148225417	1.2605177850225195	-4.877658037244948
5.8601729385933945	15.426909750459902	-.7177346776300194	1.278509463843259	-8.99778337797661
4.784864476064636	15.876204563388512	0	2.4402932575437872	-13.97204915063896
5.164136215350428	16.149267211234676	4.685779210887546	5.91804919039503	-17.371202076178573
8.551072721648557	18.23445419940695	5.4046483309231075	-2.0518520066351145	-10.005365722654002
6.017295925147461	16.85404539891788	1.7786246381635413	1.4289252588939816	-7.256404407155407
5.14963387454986	19.74054310189314	1.6649737055569975	0	-5.297334863388487
5.181922850700466	16.881180852350422	-6.309584856341419	0	0
10.20888723241473	14.396838332764373	-5.873047876940942	12.001705254411473	-1.5403979524644291
0	9.071143666104755	-12.168505354326333	12.203470356755185	-3.8042437133790785
4.1052842349487335	11.33570124220222	-8.481469803409077	6.885294935032917	-4.463758953394185
4.4312971482478805	3.0484225942680236	-9.43367657501394	0	-13.413108692609612
5.590587213289229	4.706732173842745	-8.845269113400246	0	-19.062447487523052
4.5575233605118495	9.860663668276528	-2.7013106816003027	1.5460115267045818	-9.991515000016538
3.60734367587259	11.951782822073577	4.204195936962722	0	0
9.475342062055871	15.12034405226273	-2.9948977390915577	6.59025384030191	.8750053137535617
6.414600022878778	15.124661310815629	0	4.932035306383177	-6.213900755795022
2.36906400707363	11.923626285714167	-4.733560387891971	14.138187680989626	-8.018137978473101
3.4841583117158192	7.740563109521063	-4.0579646815283645	15.124468083501686	-11.57415068516488
6.7728615479713135	9.703388223548341	-2.456110562257776	6.821967468630624	-9.70287319425662
5.418639435627063	9.292415608106662	-5.566440806913305	13.843379150380692	-10.635136218392214
5.710638366706391	11.673812780973368	-3.7913433951487683	6.154876264621746	-6.086225266988168
6.611241294065826	12.948746101575102	-5.91802305505134	3.671658243676669	-3.0195508776808335
5.246793576792444	8.445007474011131	-6.933379294146299	10.42723600450154	-9.523955852293348
2.8543831521414496	16.031779256541146	-1.1267547600939227	9.17656474694064	-5.817814724777026
4.045261694120701	16.58934687976127	-1.820669463093701	6.578973977018675	-6.159490484397243
7.442180131875505	18.094033089417533	-2.931108895037385	4.093386335888053	0
7.425069845486007	17.2719442925438	0	-.7963747816943474	-6.681314529651956
9.107056902389651	17.845077815997218	0	0	-4.3995757979652605
7.446375227372414	16.80180638482549	.6265718108609946	-1.3348354895969603	-7.590347236727583
6.13464127033823	15.862615578569264	-1.5048941127878328	0	-4.1594925936498175
8.219167175630892	18.852528140976236	0	-2.4493678152510197	-6.579566435614259
11.615233187957699	22.04710361861303	-4.764883863541786	-2.009514027756743	10.51820998306747
4.480969032976743	14.397603696195604	-13.703473317673097	0	2.7380110949083454
8.211210677985498	11.786995364533812	-16.90821005019261	0	0
6.861211125913897	14.756332820113691	-16.987386199826435	0	0
3.748817434603607	13.701456366903487	-19.164124815571103	0	0
8.660754309389812	14.851253269699388	-21.20016089428473	-4.814815505372447	6.754823381486036
6.760059277021677	13.037599388294579	-18.615953857440246	-.825444131450458	0
6.21157375919403	8.725939845663865	-17.835468891089306	.9900902435483971	0
8.507630454938825	14.42696066839678	-8.722015579987488	1.245467545587052	6.54072278880146
8.572120654099638	14.763983608594359	-10.609606991389253	1.2410004825504204	2.3688451128530073
6.460816860190426	12.9946823710975	-11.238180209071771	5.058627930750712	-1.870045700064876
7.806958881648361	13.353451003032538	-14.8878681078384	-2.3567856006489447	0
13.027409212008811	10.767416416678934	-16.140328099634207	-10.871510906616113	-3.9296680411723752
11.525761825834524	12.291126425032125	-15.288629628030646	-9.908908258676483	1.0669618802046577
14.659348893000677	13.086914525761658	-16.1371365011155	-13.320780802296065	0
13.418691072519566	7.511119587218198	-21.809795347446602	-12.844202258012672	0
16.141740037775605	8.887183500679383	-18.07283477367955	-14.242984253368402	0
19.197811876660918	0	-17.397315365030003	-16.927633747250358	-22.88418280553793
14.602202276530933	0	-14.412218956453675	-12.207281416774105	-23.039141151340566
7.8870287397953645	1.979415765142189	-16.89361056941499	-5.929195016119867	-20.568822077016723
-.9397299753968148	2.5930068588273394	-6.439773465770525	1.8396424904581623	-14.786764529850647
3.3225774739187264	-4.630132463540383	-11.150811634894923	1.497515802157622	-13.405134560603976
7.634559559856236	-4.2404448579901945	-14.47098082905875	-.11284021416036455	-19.077538080472237
8.00071946307794	-1.5799273015989717	-12.207805906897251	5.173371410791138	-21.2561639154524
7.015505035138665	1.1584843635228	0	-2.5946928807722873	-26.687161551791412
6.442739511092308	-.6471976733330144	0	.5117905852130362	-27.588013049815054
12.141235332386719	0	0	0	-34.44164411152313
10.138598116325536	1.6498571941206346	0	0	-30.46661769184086
12.256529296025857	.3257983897221346	0	0	-29.40173103063753
10.314331582060506	1.657042782367669	0	2.027839034693	-31.64353749909411
11.191355554416253	4.3718031362569025	0	-1.4220270562102102	-29.770787199422045
12.080181324099424	2.2093618998515203	0	-5.2692533576009115	-26.17651506529359
10.014126689372052	2.753580628645143	-4.895007803515008	0	-21.008807155898307
10.324942610331046	5.3852995526517535	-1.895008240641215	0	-18.900763731288833
10.392577877449773	8.420102708728484	-2.1911947971640853	1.0214960677512428	-12.255358240034424
4.594539814850052	2.540840099794927	-8.581613737318055	13.035979347964261	-6.594852880562102
5.5799938994246165	6.3296437467014774	-17.12034190851439	.6675580099760321	-6.68210030370378
14.483388542956238	8.545826626905198	-24.259080376333117	2.906273838554168	-5.803582039962253
14.889684084327587	1.263912525974559	-22.61719266097185	-9.760314462043695	0
10.377754844165256	0	-19.161619578220353	-3.8879147986569347	0
13.564747619821057	0	-19.40822166820634	-.19893184825869564	-8.735081345966387
14.321871116665807	0	-14.174991275435417	-5.092442877138378	-4.930549421682538
23.36325378120931	0	-17.619509656139893	-4.898842920956027	0
18.562669773124775	-.7619385614213943	-12.258571443164705	-9.82335176069383	-9.1345522579457
15.41621661194678	2.715849732361102	-8.831350091859393	-1.8191140864416426	-6.84127179493961
11.114432741313117	3.165296864958739	-6.955307332894213	6.970674559435395	-15.225663849051
10.309607281170562	5.292374400559567	-7.344146162382507	1.9972609698254673	-4.379357427941115
8.942705144038687	6.1193839999153194	-8.71424071827259	1.9191021885124206	-.7761729693039161
6.791989616030122	6.4381053424616885	-8.098688539607933	7.58335291558232	1.622847968267215
8.05397670481124	12.1555453636868	-.8457500294961888	4.74390344386426	0
5.241697514784474	5.830763135667969	-1.3691489571482558	3.679695342533775	-8.25055191450843
8.369581833943691	4.861145104989075	-3.662151620040303	10.265228364810483	-6.488500429098212
6.084386454144724	8.936234335436586	-.2939737797285803	-.31725953026354237	-5.3486419640378005
6.3827952750028	7.41008842152949	0	-1.2875959155023218	-7.4447890887637
11.348334463776496	7.139938374428004	0	0	-7.661678064341526
5.9855716213331505	7.933663856164539	0	5.559713077796308	-13.056677139920271
6.9063656065997066	11.240381028856408	1.5532017165934024	5.102076055354237	1.5210707319725034
3.162567616168489	10.981982498327827	0	10.18745380123372	0
7.837614730189251	17.21328237366836	2.0455755759235257	1.241078012874906	6.131102712267021
11.21418810207403	14.107495843373481	3.2594850593431985	0	0
7.4345584641382	12.029984098936684	-.273540318091562	2.898772602957954	0
8.061273322646628	14.312858793936774	-3.4372410964829565	.11590305351920055	6.8002985185922356
11.158306755804784	12.758673008426193	-1.068154236543592	0	4.150531557023692
14.068804654782628	7.57463492621282	-3.0779484384924114	-3.777974316084043	.3148520399081732
11.217149960633682	10.204224341302709	-.28697683111563044	.5990599116782879	2.435255314757215
8.65944600625485	8.933722975530403	0	3.984577349318044	-1.9633310285858847
7.2131106969995065	4.550663712934027	-5.268750229409526	9.289165666757517	0
9.737396776760173	3.1747554417479518	0	4.382380612193961	0
10.754613697728445	3.115726545769987	0	5.487631212178541	-5.056231781172558
8.857667352929028	1.877653758337393	-3.2699061854622595	9.846917646342837	-4.843880965375786
11.28903588300698	2.3558221713129086	-4.928403885246378	10.596662974605513	-1.933649139302135
11.925947665919827	0	-8.136588023201528	4.8829952906450345	-3.339324071195836
13.967926885565959	0	-5.254999383581946	-.08746265902237838	-6.545820428590605
15.489673201483622	0	-8.34020154472582	.2129794831744558	0
14.23246885169396	0	-11.75941494303391	.48914573958506263	-4.157974090080172
14.120128319071798	.24213665797802786	-13.246889378688763	0	-1.912480781509355
12.378839456991912	-1.039876422460829	-8.813596739715852	-3.8551524239094532	-3.639076066607583
11.322530763247872	0	-9.260749471284397	0	0
14.520703682716816	0	-10.770971875757176	2.983517812265201	0
9.82644379733112	0	-11.228171040052096	9.161662589266975	-5.1413308015388015
9.46907676645385	-1.3480390079971112	-15.534660097339335	4.909993495399347	-1.8256095472865868
11.768202444427967	0	-17.134937039904255	3.8174832029124666	-.380636831054894
11.173024021560979	2.5672863061305295	-10.146095123745235	6.264226939023754	-2.4891226582758095
11.57970451525387	6.836504331982018	-7.306274336561999	0	2.027652129946316
6.859422610922754	8.082619632880512	-7.168102988414239	9.05881998243482	0
11.769462883212997	3.556662021021894	-9.683855821121675	8.319729448769362	-2.1061058735880485
7.92649959222365	.8439847691038409	-11.867604224167446	11.143204159302956	-5.711835921804638
8.129966867348754	.6397926974825903	-12.598576613647763	6.801852952245213	-4.061003782910701
10.624289408465295	-1.3345037392317325	-11.32368577399127	6.254685239756032	-5.67994862473977
10.220472552715664	3.8165621446234272	-10.891824552253548	5.346781750768745	-3.1150437645002254
9.825547652043898	13.050894801836302	0	1.1844461305334528	0
12.779567321261455	11.910137599135734	-2.398592902965995	-.4229935509900989	0
5.533355688827928	13.064217981276446	-2.0081767324252486	7.403321525250377	-3.5547116198154165
4.944233641078533	14.056400758824298	0	0	-3.3221291252458487
10.120527912715799	14.76590784774077	0	-3.812975465709492	-1.0399519021920172
9.67015414445533	10.442764401623213	-2.442410834246846	2.8307698922431226	-8.962594210206184
2.8192809221002557	13.587642882890883	0	.422280575783771	-6.798086856920782
4.122332310025475	11.999685379761935	-3.071681512402082	9.01112955544026	-8.148820651298257
8.9282018029973	8.73529471253274	.06096959933686019	0	-16.0786674022763
7.9612149579780995	7.84602846833041	-.15017529935234575	0	-9.8173268462968
8.673624756979983	7.050103700187211	3.7263400806198557	-1.0499916613893225	-3.6088506344250586
11.706830943889264	12.05045419359164	0	2.641753787159258	-3.1787267120472813
6.610281740757363	13.24670285464133	1.2178700130983215	8.01917894642819	0
7.921174014917461	13.04815996393968	.8148964294007017	8.437600599959879	6.4547755367850534
8.89005691064133	10.09294440280491	-1.7307660759115506	12.82998702312278	-.6240321296142817
0	11.28295728941468	-6.184430427888928	11.05618938916599	.48889209351727136
3.547896853393132	7.998496724848292	-6.437234600086052	-.7705053000975366	-2.8631787783695035
6.188075114301763	6.17561233372724	-1.8414630703012522	4.6629369625711945	-2.688066340267952
3.004857062279778	7.0464522021182505	-4.172865225100367	5.948143650431729	-7.863996778756347
5.529447385960324	6.542921749021504	-7.735388371787933	8.655121439085207	0
0	5.0263674463424755	-7.946060112200077	18.964875231154018	0
4.5320421546246825	7.243014848754656	-7.882184912969743	11.787082352095615	-4.1397288076107515
8.702033830045572	8.71191782799122	-3.2070915776821662	9.969300814498824	0
3.3800004410186326	5.709167277603468	-3.696732629277477	3.2428620488369253	2.2340279945391237
0	7.537126960175822	-2.283888079860242	1.4847815342319985	.01809751472706589
4.439651728399352	8.615387941884055	.9999877698962457	9.618895154107008	-3.7216860236227207
5.676212441371485	11.066118125207073	4.4743764268859385	7.119214589591595	-6.816283073973537
4.140162135208783	11.088628456358402	3.961685018547605	6.305280522731935	0
7.144467701191059	15.574860356373703	8.248643377696876	2.6925477887971763	0
7.829434187488541	17.040805073776866	8.811685125657224	0	-7.486499966953389
5.802075680241369	13.159321901251039	1.698646995998767	4.03845590208333	-6.712989888907172
4.99997779617646	7.710612208231231	-1.8526257937077966	5.621085877016993	-18.016721731234032
3.581788764928148	7.332516851511322	-2.382632597247331	12.00347411769277	-19.865642808078608
7.166480971384016	8.006171887237565	-3.7719576112922866	0	-20.315587483586665
7.408038749946136	8.620359184903126	-1.7682695781481368	3.422000774812493	-21.119008403177556
4.513463282833315	8.75319155252205	1.5686112019157812	8.013198235154682	-24.372534477249733
8.20169383040156	7.079638683392858	-1.7231954550111883	-3.388123343826371	-12.343553807676507
6.716620721146931	9.122011522047355	-2.09983322268931	14.268216240802312	-16.870423877998324
4.658938170506158	10.213249846715184	0	8.666445098390955	-11.422292755714249
3.2113251094334014	10.25442567589264	-1.8222688846357549	10.972977711285205	-10.390963024453155
6.994655316105553	14.525135366591272	0	4.060410764042408	-7.24369832847071
12.409286685177682	13.80178273362172	0	0	-4.565230587788442
15.060792014614496	11.833941491885946	-2.521283334020282	-5.338241427118502	2.776172851555531
8.455622857632104	11.0390602869026	-3.2268649591737497	4.519282937342471	0
7.828109463028863	8.759108281291523	-6.916607085442276	0	0
10.85972144733445	13.469417917143591	0	0	4.698546554190571
7.33615515667356	16.421194611080484	.2416583810863221	5.402110169420329	4.030537306478556
10.290596996166162	9.17368676068616	-3.141914176356991	12.038140712354878	-2.3300383226329417
6.8660572475240995	5.608811629085084	-6.996873434720341	8.93490676513905	-6.930983953204686
11.694522435219106	5.4538874255117005	-7.385693388078192	3.466018962726157	-8.68790324422603
10.261051705639659	6.492648036482197	-9.648303598335355	3.01113194960458	0
13.590811451995094	1.761314841065174	-13.196791475498955	0	0
13.497666383915512	2.183307044052057	-14.20069282993691	0	0
13.043159999709266	3.239561501909199	-14.399526020526288	1.9566928924039384	0
12.496858764768342	0	-14.75145083380469	3.586736019224415	0
8.677462271068467	0	-16.240076474488312	1.0716534472611892	-7.184076647191715
11.213699712176249	.41391227313758255	-18.395443116116226	1.2003598494381718	-.5071504248909131
4.748487301550614	3.2929844285522583	-21.157933363142845	13.097301148902691	-2.294658447539631
0	2.492688272449628	-16.12515882897039	8.34696097710606	-3.9239466474791644
4.046737253269986	4.786030822509749	-12.821182113072762	2.1015817406981494	0
5.0640427736415665	0	-14.458088338121017	-1.655197828079908	-4.227080683869385
-.2092368648993755	-1.2597380908908036	-13.898612075141026	-1.201623832793751	-.11362994926344339
2.707703879097853	.630435677173409	-12.829726985735462	-2.0856593799115495	-8.520517580038252
-4.102542151193896	5.1443305891728315	-6.615928810345744	0	4.694030477917637
.9091112062532338	2.403376409046209	-3.2269409525272064	-3.099132909092095	-1.2064315359614384
0	0	2.5708864327870034	-2.026583468584716	0
0	-1.2488288064617388	0	-3.3150371098996243	-3.1763170168728285
.7300098768996612	-.6067948113639721	0	3.9745116406897516	-.9173160943343175
2.071182731876298	0	-1.9756977918615775	-1.991555197388445	-3.2943481161290116
-1.4170533048635972	1.8963684563324197	-4.79748315183471	-1.8357237633743857	-3.7915277719483327
-2.7068352434411596	1.7719733211954998	0	0	.12826874523808374
.3231609487830252	2.21002926735795	-.09391501765895938	-.8472900553203284	0
0	-4.173395249211236	3.196755240503753	3.4255423295320293	-5.741977544167848
-2.683575250620549	.714845734927248	.3220340254049938	0	1.725935089194572
1.1705614661151578	0	-1.5045860310528036	0	0
.9360952816547536	-2.0741982794012173	-1.211836188620096	2.550519921275896	-.7517723118503825
3.3623947801737923	5.279563736453713	.7419288533822179	1.2414861506984698	0
6.437604717121312	10.425591761242483	-.9200711101912894	0	0
6.053893025393192	2.6554573168176683	0	-2.961421349736555	-3.3729843229644167
3.122438446003902	1.1515657047095562	-2.799245562049064	.3186616320292357	1.0312522016164607
0	0	-1.6328970418559299	0	-2.4684724906916164
-.4077399858096843	1.0879737260315148	-.039160823506748654	2.936805008758026	2.587167432579667
-.11723403524426643	0	-1.387905911647342	-3.5473405401615996	-2.618731963829518
.8023643501712463	-1.5626136734297305	-3.7841974840588355	1.7632651318835086	0
0	.44251818155982525	0	0	.07762972643705682
-1.9411348260555075	1.7919744627266352	0	3.4913912904349313	.5954088217910722
0	0	1.6636860998923217	-5.016314662370906	-3.173425184654464
-1.2022520509050123	0	4.136599252125206	-1.399594710418476	0
0	0	-.44560560499246654	-2.5169298807633584	.7543619254069895
5.173004756948806	2.307926018502535	-1.5203646857192055	.7620325372256334	0
3.667328064788091	2.1489800344030296	-4.661266712658257	-.9539254948073139	-1.3483567531177028
-2.083230473564465	-3.45754849762593	1.600965896259388	0	1.380443893508578
0	-3.3380267454810575	.16283959662750463	-1.0476268951746248	-1.8042706677650957
2.3356933901843733	1.3698908425644403	1.1886554209307219	1.2075302226621978	-.8609844584779375
7.110903068404037	-1.0066475312589591	0	2.814440737104486	-2.5907461454344958
8.179076737436299	-1.4906302199138293	.9181031585607315	3.958806694594764	-4.792186546995294
6.324876497165009	-3.823197690183918	0	-1.7395623942887695	-6.719638317860345
.5923034799685363	0	.5175366913945584	.6660274896194023	-.06991867989389589
2.318718399195382	0	-1.592081052126759	2.602203835096639	1.1062957933838375
-.7778499171370231	-2.1061350777272834	0	6.15903501726455	-3.445210028495943
7.052067379051074	7.773994665016585	2.882755250994101	8.65670453747398	-.5065573444840253
6.925257370481458	6.807749395222244	5.487973163432113	7.469848628102751	2.2702723383158174
8.114442254408761	9.159706472529198	.5792444040859905	3.8140611853939026	1.8238505942381864
8.398402752447481	6.104038909405979	-1.1057822758508786	5.340862561119894	-7.187562149271965
8.12466553916276	9.947304057832188	1.219232601457492	7.033398100091518	0
6.216801389270934	9.81360590053125	7.5960479088876	4.196537211396187	-.8181788331917011
7.2478363592212665	10.87234586516149	5.914825521823922	13.112048429303863	-10.060469731981655
1.4310301539830332	10.108014878366452	.8746746056743786	15.696033190570509	-9.94555338162695
3.932654004675528	7.422561130121365	.8514966233830394	12.296753860840042	-11.497091104343271
8.073473409648988	8.183216443217207	0	10.593080727049902	-6.374432406481727
5.673625914450023	3.798950845963657	-5.253852111290471	10.436643775947077	-7.311427272204233
5.949547050268895	6.330210265584408	-3.100195001516166	5.974263605624872	-2.953752211929725
3.943139991927667	-1.629323817650954	0	11.253964061513724	-1.504168994348122
7.409244238965627	1.187730224619713	1.8905779296601013	5.068092406657773	-4.047385643798657
5.694517948906415	1.7212398673958798	0	4.1733516448004835	-.14993766961872634
3.7950800568427523	2.9492357854557465	0	2.5528348397664864	.8745984369831353
4.685335812756288	1.1506230545551566	2.9735861884632993	-2.4416180523105178	-1.5018823402415271
4.555492322246112	2.199564689630039	-1.1004470582625645	-.982612584676277	0
8.240755405585942	6.6585532743976446	-3.5467312608723653	12.333963848780863	0
7.299478094036974	7.194392236372152	-.6886918577571699	5.922822487471658	-2.4007053825660423
11.469798740963874	1.9726253602681865	-3.8544030163404703	1.4817751428458932	-2.5760883499296994
12.826802269563084	.8557916517715175	-3.7469463870476494	15.63263665493525	-.3617405688773081
10.836443101785498	.21385340421862198	-3.4753345221575342	11.963932989742426	0
10.222359686386625	0	-1.0577553972019684	18.489688756925247	.30704034125502
8.797223230551566	1.3231527639929155	-2.9844663820484953	10.927247505674552	-.3074226804860485
13.00191993363757	-5.242586815624833	-10.189695839829234	1.4968434983209837	-4.777698678661068
13.829744593438761	1.1959739695442033	-5.709758568709713	5.188578894403388	7.584344834494768
17.320816673357285	0	-5.9519482616732295	3.0496517728932	3.90883987935751
17.276703648965917	0	-14.958945805893665	9.144833928200434	11.315040433672012
17.12037997188129	-4.7040664677524875	-15.39692479835465	8.125309512859582	10.752461948477912
19.89184149992012	0	-7.115865515576169	0	.3565884661339158
19.17857945727768	-.12788670081451614	-6.081349658926334	-1.9556725671319641	2.919768852893288
18.832704375995796	0	-.7116675151993415	0	-3.7842964393005514
19.995333531423896	0	-1.0022101019236938	-.8603287011602134	.17201853113588944
18.9165862449341	-.41423182509506423	.05893976826531255	-.9625837122549131	-2.5125692252110925
17.047982954512864	.01282248042886902	-.6682785340622632	0	-4.038615945618439
17.882833357224335	0	-4.549685909398395	-.3830166070633043	1.418890688181796
14.470824227134708	0	-1.8251178714495717	-2.6640266968969573	-1.1743363089015593
17.100213639044966	0	-.946086099439588	-1.093730320131245	-3.950085591814214
14.657337882923962	5.403896266992221	2.0085752214668737	11.507658335570508	-5.9499384780227835
14.664307281375224	0	-3.038366706343488	5.6702129783687365	-7.244324330423119
17.101703632586734	2.3518506010804616	.9365137801639278	.6449101411834997	-5.40691986729965
13.111492543174133	1.7362690620272883	-.4691594490224118	3.0235997511547748	-13.615146454388448
11.001316590212449	0	-1.644377243014952	7.025535005358606	-18.131284747919477
4.860548823924328	0	-4.375582667103314	10.868667076857285	-4.182542390473799
8.664509058079354	8.395645349070492	-2.8117321821319825	7.263000068191364	0
10.20101790486757	7.463983323798062	0	7.343150028368158	-1.85267224965579
10.578350743984721	6.433360799266747	0	2.468481708004821	-9.60946477533725
10.059922865570908	7.18676846062214	1.7032046451434075	2.0119603707045606	-9.010749872158375
8.845291316150258	12.501153761282817	3.15506078682724	2.0723960304447395	-3.9110611776687265
10.227168119198211	10.0647933063422	0	0	-4.2369740297397085
12.319621232043763	9.190696535663946	7.394838753338941	1.1438266254297864	-6.179895780376807
10.787624923830236	9.51206300526566	11.328692055728027	7.90488972897041	-7.783149671191945
5.643032065490923	10.659818139823109	13.206835143822818	15.445591881739912	-6.43600153332134
12.881483839482888	11.657044703974256	4.150960510865498	5.279137191566163	0
9.581900604653555	4.489524537875364	-4.8845707829863105	4.737104961465624	0
9.060833818118775	5.9254105069432494	0	8.330104798899633	-5.771841662405163
9.811533958717938	5.876998497717253	1.1240461366285435	3.153422056028878	-6.682762307256351
9.631778612312578	7.443507752243952	1.865954215538883	6.3265443459303015	-5.720805717069943
6.689427965537766	4.779889893803302	0	10.833073044624415	-7.744828616294184
7.482243029045149	4.3526724300780915	-.23270836180335977	5.974121959442524	-6.3793503406355585
6.85084683318979	6.714979863915972	5.999479806953097	0	-6.71576498371238
9.129053687756896	10.089081600348917	9.244971166509522	0	-7.617090137575586
12.389436836256342	13.093805563122014	5.753374960923039	4.221237116960747	-2.1672242648562228
14.71202893848703	10.357437804158124	-1.0149258794972227	-4.622649849024859	.6254422566244131
8.525432910259704	8.576210804746786	2.140340634948319	2.352342934629872	-10.005274225884841
10.609929889885125	10.092413784158659	2.2536616704433827	4.730153831777066	.24643547573265165
14.045387913876496	10.20478492800977	1.9265810103248495	9.898823595179907	2.94263126825932
12.358064850668892	12.372872523699183	6.150522513178412	0	9.813813938259882
8.918876457157666	12.674239865609893	4.822199304720645	8.651671722108247	.9892743446895499
5.953167313624691	5.231829951192194	2.894914325822589	14.705106614072164	-6.677645555350379
12.093966300867997	0	1.6104687365935932	5.636589455194904	0
6.47031256572645	1.8353258166629185	0	10.19861189990014	-8.798609913055815
8.703557874395399	3.156058648055467	7.631401444795944	3.8351297798957678	-3.8976470212768466
3.1228704497096755	0	1.863847499266009	6.530485053606013	-4.7851177230093445
7.5117228527675675	2.8877734913041913	0	0	-1.7738624437658186
3.7827505195336153	4.566081487735862	-3.2834655391632084	-.25647902213328044	-.4363045267242427
9.228801813303978	7.075655877946879	0	-2.662641198231732	1.734289847764463
9.36762811632274	7.348025225794956	0	0	2.1542670861000284
13.940914126189915	3.7840028194590736	0	0	.3231177204884763
11.462242648034978	7.146013092646379	.7587481015114363	0	-4.643462935982531
10.33207619900945	5.737444474996611	-1.853294122959532	5.327959370238262	-5.046234634544273
6.721692109966401	6.449920682184091	1.0223664038918394	9.618694952307917	-14.905828197791324
8.478649638295131	5.259840420070053	-.1513400151482207	-1.890848544634871	-10.678898810029859
9.500026263316274	7.489279268446483	0	-.2845521670642073	-14.901639365846545
9.554203881587457	7.825945492973776	1.2074672112014606	0	-9.054416686369787
8.503561639532714	10.960136114565117	0	0	-14.370766287905523
10.057310844520075	8.90804294555446	-1.4643428333616548	8.476091609866987	-4.527940354427097
10.224754775210652	11.934975209581824	0	4.415390433075861	1.8451366935906064
7.987489877331287	11.236304754370945	0	13.555858163941242	1.1947812778721922
4.722272414956416	8.29087693181095	-2.8200384129426386	11.274778681932702	0
8.471952552395152	8.478181078875574	-.2520997379168486	10.807490888970126	1.314404610505322
5.501355574949451	9.421753474791743	-3.309795710650908	18.55007270920383	0
5.366838810175218	6.158975909953434	0	13.778006429662518	-8.971079735424256
3.33210532192329	11.679862997843918	8.055034613349672	15.810939494509913	-8.56937965519638
3.108590106627223	12.21384379945004	3.531604675569311	19.644078839240617	2.663336883720855
5.239839280982805	10.010988538513104	.36048920084943425	17.250443842512805	0
8.43185984726248	9.82465424276616	-.08643952142527667	7.114840561816943	.5279597415435962
7.5220151248545175	10.40349070490706	.8623061209641226	2.7282354479314637	-2.489545618378375
7.866873554231252	9.378870866854719	-1.098470423326212	7.17954992766456	-1.7495175397702
9.593574043166056	10.373367857927585	1.2975599761169025	6.835924893869582	-.2323025888114918
9.606223210495658	12.923647007575132	-6.693055190255957	7.712414073211124	12.090908955423647
7.793169200624462	10.803218435508612	-9.975403861683294	9.914635276094426	8.5493387130978
7.614124753442972	10.336187176164628	-9.855482358487272	10.052557100874829	.7398776682423127
8.078669762688254	6.798775207847876	-5.744516255640351	12.976106877410034	-1.5088095180258831
4.797750235395364	8.306163356281044	-4.745122745208584	11.339158431499483	-5.181116405680428
5.643219532226201	5.76847102809448	-3.770486140388636	12.102155520523583	-7.60633893288337
6.965848016867566	6.107993892703597	-.5134696259788776	5.320005955505062	0
-1.9036877867281183	4.048056335468173	-1.4000223611045874	0	.8388883193903429
6.338072475023454	3.6461120524917225	6.120638780530731	0	-5.566833982817114
3.7585446745791184	9.882690272436804	-3.837002896497738	11.131051411533333	-7.463663130333844
4.6026087223432715	14.955439676999184	-3.117646721604589	14.124031170724248	2.0835895550777397
0	13.668446998540254	-8.640055238318949	15.702543841512135	.5867707589612334
.49235379260759116	11.713031550618146	-10.893654950274657	11.387878571566747	0
4.076650097087047	12.121915748081818	-14.38934129245969	14.49828167990724	0
1.7172278202072286	17.643360852587907	-11.946034279998557	7.985573306041477	20.54285260191957
0	18.610995040755984	-16.353899164689253	19.480309633487	32.06978610086837
0	15.172517255685932	-11.54497963504004	18.1699379117924	15.62193837231062
4.668914023922801	12.644457214305334	-10.304273698545526	18.015321536913078	18.65996160128251
6.097688354952265	15.734530248680356	-6.7799668396794885	15.831705580556163	17.259361694251783
2.9851307068373982	12.46678402561578	-8.152720495328097	21.43441131146243	14.931670413482456
3.1389480066748394	13.943681196173511	-2.2642460111502993	15.696071481622615	7.064125418093456
4.874193132046697	8.030537341252106	-.223177151571039	9.36155350596642	1.3461136304997168
7.034735053470059	9.796801684827265	3.350719704543825	1.1504685681202602	-4.336591416888814
6.437480709029433	7.023700870340578	-3.69255641022773	-.18847190236395495	-1.5808225737238981
5.864143416702508	9.82606483476704	-6.311048469568883	2.967492730667238	0
4.185280743212898	12.029290334376165	-4.362146137282437	6.618459567266604	-6.477094348548444
8.478671732406019	12.446269165440157	-4.82047163547037	-.2122107461775462	0
5.877195474380394	12.20226136666254	-3.159571846043998	1.716010878580168	0
9.929566090771399	8.853988390593035	-8.769722831553084	.0776168402220061	-1.172023892244058
11.263292236677971	10.34528805123871	-6.4730797207009605	1.7102880283888402	1.7804729722632766
9.278737889325502	5.607569783799642	-4.023296158193014	0	-5.454593126597675
12.7066925760785	7.157203036493873	-6.690129402293211	0	0
13.361083297901816	4.314526027352367	-7.966898672102605	1.82492651896833	-6.612566048886129
7.359158487720909	5.657852318010467	-6.277769213874496	7.467296484288099	-7.962036230786654
6.797276222410409	6.676102736809341	0	2.086392844686469	-13.138975571678248
9.098947855497522	4.34392770450507	-1.0416055921327643	-6.013768843772157	-13.535184524673307
9.81236562081171	6.585977470341818	0	0	-12.514920763939212
10.864013315835546	5.443953048799888	-1.2714639582488108	.29042652594997875	-13.975175407724024
10.72496858045948	6.531464048411574	0	1.8626342076546005	-19.123145170247614
10.81666668686079	2.3941943494393856	2.2324367539341905	2.258075304518766	-15.901133390012383
11.247685330490096	3.6327648699061905	3.3440965720249336	-4.63573405649328	-8.801854902685925
6.605609448811643	8.563568556711738	2.0464318855325487	3.622508694402827	-8.15655269325903
14.074154366766306	3.7744963849804596	-2.0070476072181167	2.7183109764223397	-11.221470436815355
8.98389270604194	1.7663138067649644	-4.18507403304107	8.70853987535174	-10.76209912611041
8.292700381481657	3.9283492278857137	2.366547099557017	5.37539593013959	-16.23948506381959
15.731868177822491	4.912549083574546	1.074273187116452	5.560120561767238	-5.05932847795785
10.434357478453176	2.007557239611586	-5.996768557798611	5.613216240068072	-2.6580920887830106
13.570149290174612	2.94115734155504	-8.039868172216908	.9814563349092522	-1.546658371423458
11.046726980812448	3.2642533992070053	-5.307370390259771	0	-2.36782361902244
12.661337842920238	7.257123644163993	-3.2940924605722803	-2.7471762285910577	0
11.529488516996494	-.32663291442681774	-5.733303881268877	7.783503694174466	-8.272823397572722
9.797622744534834	1.1927658692850949	0	6.143280808383552	-7.407323346112332
15.576157678611233	3.5989799429683194	-2.623608240993026	-2.2904242332522085	-5.324399480341224
12.327845060016482	2.7606707367662553	-4.343463391658704	0	-.9816949414169407
16.922183845368142	0	-4.170634497833653	0	0
12.441874383855524	5.588221870685628	.7151393771802543	5.6705819483933615	-1.2403363584696978
15.605657166637808	8.491811738365879	2.7190970613788625	.046597230548912294	1.0836117836559915
14.996354803345364	6.503021110120811	2.0773485822004822	0	0
14.67211703599623	9.544454978843326	7.389301733131827	.4503577489208477	.658684973783853
17.754352097402577	8.239058953164841	2.3987588718245276	0	0
16.81974178746	5.070608572487323	0	1.0303149894946422	0
12.576094764081624	2.39006725876345	0	0	-7.8853421569449
15.940255406396243	2.5122243371395894	1.2688311054475951	0	-11.87836085562534
14.778492526470588	.7714949709325627	-4.488404611868745	0	-.33851313796127214
11.521339038580905	1.7075518550048208	.7297464583242246	-.14344908559809344	-5.982737758932611
12.73275634236377	4.0910350167671545	-2.028234436071497	.05550807745162656	-5.504876817897709
13.782480257718518	3.475179006045661	-1.9652211802044148	0	-3.1651811299153847
13.95651694022076	2.612308851191305	0	0	-11.25213853367969
12.083963712555429	4.1754054401620895	2.287149310451615	1.884358693783119	-11.705159827312526
18.31813132466227	4.3017583275436575	0	0	-6.816263553266513
14.634216421288457	5.786071640156544	-3.3331775152381953	.43115836188135137	0
7.724321880279322	0	-4.6759499502917246	3.4643856806475575	-2.966436925653103
3.798581206927512	0	1.9228792093361664	-3.0068272555094837	-3.991709158400215
5.1927005189027415	4.6917617832196505	0	7.476402419935548	.3443604314947603
6.428755071620783	3.317660177867449	1.5919268559173472	9.886086630233864	-.7075504208369457
0	0	-.5177839781892583	1.2029840411622996	-2.7009095010876223
4.775207659722787	1.6055648315028146	-5.440607190674218	7.515034676258301	-2.4196233496381336
6.613054836638483	2.155037795549869	0	4.5337005426747705	-4.646520861068841
10.815085306931463	6.8768663160059535	3.3690732083888597	3.571850404674784	-6.698227792915629
10.94289349404839	5.256420087995452	2.538422125829757	10.16436604276343	-8.491120369705511
9.998629938263328	9.785397945329823	2.194106242872415	0	0
3.704412028964698	7.430245638451918	4.030996712308755	3.7952192551219524	0
-.28333207469187727	7.026877090968276	2.4631855753576035	2.4672999259006274	0
1.964109798970639	2.515553238836114	-1.3708833178968427	0	0
0	0	-1.5259909005338959	.34162556031747554	-4.271601640416842
3.593027765291303	-.8555076326993856	0	-.5653102965981174	-7.9181106071337926
1.9231461844257653	6.113962867833494	.4261177976130064	3.551543511576433	0
2.4397126953615835	4.4806246568136965	-1.2695529807669819	6.557383471086517	-3.8244866440701903
10.391727012995924	6.692907782225005	-5.020810303915726	3.314218079341132	-.17856807094416283
4.022016259928402	1.119732829429331	-4.010913073027946	0	-.4786281681373459
1.7327503494865368	1.167202947542274	-2.01547563477474	4.266271664723969	0
0	3.9540091612352164	-4.570149415030533	1.395450606489469	2.187693042842004
5.116834537877928	0	-.05760374837122667	2.586219037939355	0
3.1160391451629152	1.8365818856986906	3.9480454264104594	2.4730796560024615	-.6069395384764394
2.250292947995288	0	-.3497823282947172	1.8528755664979957	-4.548806650742201
1.3997522508141829	0	3.9298091819311995	-2.6527694248203915	0
0	.5014415949658211	5.434419191611079	0	-5.225267888687403
.7486383087240563	-.7551284663191092	1.2770384476467753	2.964378344888814	-.06459506853198749
.030942283266929715	4.7190839139308665	.21132934860290664	3.4365489125128867	-1.3835544209444237
-.5513061754756496	4.057455162322502	-4.49282490893949	-2.0324622883175953	-2.767373641664627
9.837966824501644	5.062380130857374	0	3.50366185539698	-1.8327738159645846
2.17860258595762	1.3046877040227278	2.8259058923681666	5.886870491621638	.9587484887093325
7.8354549994783635	6.419156266290358	0	-.37226492838676717	-1.39822089057885
3.962943892588524	2.2091395852548312	-1.145908224908911	3.7156697771728555	-.7211588341899229
0	0	0	0	-2.029622165950392
-.39943338131054684	1.9697807193166605	.757519613065658	-.0300210834567598	2.063528293866259
.9490725634990296	2.0784968710140257	-2.2439978222779913	3.38078680563653	1.4188540641761154
-3.331317112592146	6.022869478186118	5.890580791787889	-2.203299229318787	0
-.7253997272543525	6.360807442754426	7.800271526637673	-9.332418095604568	-5.941575857873245
2.1829882400201357	10.347037368072538	1.5867488536144898	3.3256971029047957	0
4.598482063512701	5.789360237846278	-3.4710329777266438	.8135259453870008	2.0365910297831165
6.1406756487033665	5.561871237490223	-.6955024423312881	0	0
3.2360946014109815	6.743913571373394	-.7751774540009058	6.923839629327055	-2.5850119124162916
0	4.5338190898867285	-5.773410312810087	12.006158132541401	3.309576993275586
2.378737419484242	2.693591902555064	-7.892925584855249	0	.023945584607651726
5.231858386650345	2.973633882080414	-6.324828758918642	1.1613581543221811	-3.6313237145677593
-1.22690580835261	3.4102430248553928	-1.4222375186571992	-.15459506109631294	0
4.572374595157677	5.979000165863808	-4.453669452885633	0	-3.688769571851303
5.957961141329333	12.22504643731461	0	0	-10.228725115304933
10.154404266522526	8.907110877200562	.13785636539112212	1.7208472618065205	-4.625873976961495
12.909931090777548	7.7714686552852505	0	-.9553172055632656	0
9.981374971387199	3.8680447249677847	-5.907223100332597	1.6112335385669727	1.8165909123602058
9.692489776617194	1.8446061375714027	-7.277459485193673	7.956815194757003	-5.447662125413708
6.0708823159744565	6.6291198757971355	0	10.381522643247413	-2.80436799533304
8.543146302580876	4.606315026537949	0	15.587003027925178	-2.674595991332847
10.189102782807058	-.9412670478137986	-4.4179976587732925	0	-2.099346545253491
18.327956982395914	1.3937935399669015	0	0	-10.28533681240041
12.788512508380466	3.2183872011036705	-.346538170027867	3.817249171220392	-5.465598195114417
10.697149329369754	6.873316315781995	1.9207562439693473	2.6492887557327705	-1.1981006846693136
10.492058961057884	9.792889939812644	2.2305707440028684	8.917349237363151	0
8.742716456479515	4.2272771857216	0	6.560693247138392	-3.9923701280288517
8.135700357183898	0	-.554425518998775	6.576983703908413	-4.570773882406972
6.710403368307108	0	-3.0553210620827786	2.8629208650711693	0
7.802511730870786	-.6056377164238826	-.6738067394873775	7.134294418500892	-7.950992167316447
11.348480617634717	0	-1.8814848838389029	5.158146545451874	-2.3908947428103398
8.462223549294139	0	2.4382968023209557	6.834196220951829	-6.28761412723176
7.456461848899818	1.9108754711710219	0	16.349452684292437	-7.160770616214794
5.6965555708568045	2.3519980895000883	.7037305038870106	10.258319739876365	-3.319267401110336
11.988395944609458	-2.2646334589126362	2.5007028002539426	8.831277494013097	-8.78818565417287
13.414766776100272	0	0	10.208633000796873	-9.077972132113233
3.481157195536257	3.9911826832348742	0	26.522043614659644	-6.309617931875774
3.325577582596206	2.571683823523568	0	19.73717877930049	7.969223509171817
7.941433095066809	2.6214164093220176	0	12.185015157279642	0
10.334447151910496	3.1595177904267797	6.064413929553229	8.91302029547975	-1.4881541208973503
10.86855029763812	4.404193242969685	0	8.628451725368045	.2710416260680152
17.122076751132212	6.296826219225699	1.9590602795585625	0	0
15.35554259609339	9.578867120289692	3.3030874526631218	1.799738859082984	3.5897778473744744
13.133958636797466	5.4919334834627715	2.1023210981210156	2.833702736192578	0
11.859316560092058	6.504638873295124	2.731058095785662	5.810537937542664	3.516315302430581
13.710712771022521	4.5365612145767615	0	5.439099333584285	2.0488638802656154
11.228280355682152	6.587658996004435	0	12.65859947512634	-.822829947245765
12.827978992225963	3.1797402188882016	.5114613485059762	10.192481392499342	-.7689248294153711
12.793978386527888	6.145483871172053	2.7450680841094135	8.510760622720449	-5.6641709067892645
10.039602917553804	7.826581978491355	3.755469328576548	.31336531701074666	-3.0909683562898733
13.805840898114232	10.369946697975507	0	-1.5974498731888767	-.5160162921726834
10.583387261567886	12.610649977271608	-1.5789872876157454	6.519687563143633	8.266262462716902
7.369203603657896	9.526721228828873	0	14.210035571981686	0
9.9047056925127	10.213047767886216	-.40461097647905664	9.253082227154097	0
6.953685281841079	10.56195045054808	.06302626477661488	9.580137046378116	0
12.808540740389942	5.018311028697074	-2.972916682167622	6.532012898149199	0
13.061040943493493	9.26803774846955	0	2.4980860875855195	5.386937890009849
13.028356482746393	7.174275078496093	-3.8853959896685346	-1.8566165004544697	-3.076515172283411
11.260524180675521	1.0895915431664096	-6.956701496362027	2.7796881943283593	-3.548463634065973
12.137817016103469	3.2220514847655437	-8.669982464978212	5.557454782896462	1.451611650621031
3.364123917245134	3.957258396397142	-1.4796667824875696	-1.3505720220083997	0
8.068684811079144	7.239454836920694	3.6241302495431382	0	5.2981179708073345
2.173805854655955	7.531603832673597	1.2468665233141514	3.7573421551467545	3.9615739120027893
2.263051224668821	3.24750304002064	-1.3405896621500966	3.2586594557806876	-2.7274379862050355
.23733193462085062	-1.3906113908640956	1.902229648155808	.016403679438665136	-2.428832442251822
-1.570440783157316	0	-1.2533407565700674	-1.5018958984678668	.778876813211537
0	0	-.6041610683629077	2.86891700517989	-.915478222717668
2.7851846440547785	-.091284640244651	-3.392498414421396	-.44673457945569356	-1.5028372661309795
2.30384753435172	1.8141968567076912	.3428264888717374	3.0821179975391693	1.6439305861793152
1.033018694311942	2.202766437650779	0	2.2134186350944307	2.741324262042303
1.576213595116029	0	-.7358131826772449	-.21556962435249027	.5667507045376932
0	-1.522649411926292	-.6016016108526661	-.7887216660167655	2.219507777826638
2.165364901611441	1.8816256826033357	-.0968002491504108	-1.840195446123667	4.127536911103323
1.0806766951420146	2.8868158467481058	0	5.542867884955321	-3.2177375528559606
10.052681182852439	.20602502640340203	-6.348353280366874	1.6800666337638894	-3.273197185602692
10.849931589802834	-.5966954069986172	-11.345511882684276	0	0
7.6244344915532976	0	-6.178823611831749	.9396727871258541	-5.262347314715306
6.534830093661865	3.4594453722741645	-9.316415850253797	-.02036107187580516	-3.0776776599100746
4.922758099329895	7.1519694144706145	2.6517224420591106	-6.782481540679315	-.26350015826349815
0	6.064000390841825	0	4.209397793911128	0
6.086601565480494	0	-2.0479637471137893	1.3394878037702318	-.32513594889640784
6.157448629932441	2.220224282999542	0	3.675911929789795	3.1147845537315466
9.93331583714316	4.979159960923451	0	1.1994831292767796	.8402039308507212
8.386425190759642	-.6042856659835467	-.14172434520066435	.05913156550813348	.11557144342088582
11.873494670378493	.2835753223920926	4.159303094308165	2.288064764057546	-8.106114618001978
13.947115121968796	4.31104072621042	1.9849812460069127	10.318464460847018	-4.336784166449545
10.069892501858043	5.928179841192226	-.891859822837126	9.75243403870693	7.139439517265575
10.62377886347981	7.437708565701847	-2.4999397047606453	8.042325088563807	9.756966105056897
13.164960298923537	8.02533198863809	2.032856686420781	1.764742613177836	9.17097081871744
13.748929926388355	5.2453331470536195	7.0382989607887385	14.824587594250973	-4.085934779487053
10.900751292397343	6.280939674395517	6.245766836035542	12.682252473793996	0
12.282754019666193	6.968056242938711	3.9405906417049716	11.222520316640548	0
14.97836685299004	6.9236187308720325	.3649965488525373	5.3617876869532495	0
8.235128066582416	4.224758121976177	0	4.9168474725314315	0
6.708136888818602	0	1.452335275686526	9.339552542879188	-7.6322123513682545
5.754062890849003	2.8338671337670633	6.268355198303665	8.885368956323852	-3.2568729421826097
3.5506309476849722	1.8631962276379561	.5526681746623598	.5341916819037971	-1.7788978607545571
-1.1405809961807125	1.702691849509703	0	5.323119329288181	0
0	2.9041875698514934	-2.3288923692513115	0	0
.943502574857902	0	.6250486049321481	1.01553226961233	-1.4146241868492209
3.599952280320938	-.6525583709502262	0	-2.559905087570341	-.6742695207205347
5.96022276193318	2.0622925619851977	0	0	-2.608897978205702
5.139490608926333	2.9890284514627545	0	0	0
3.497828626497903	5.771973791592862	.1962665502269409	1.999298703994186	-1.4980530107391694
0	6.691816164509397	-4.023123902504736	4.941803707321924	2.4006711752422474
3.579291460801726	2.8184472836767887	-.6806498518688002	-3.1423835645211953	-3.8407738461350087
7.030959030320516	0	-2.934115160139345	0	-7.476551373277718
2.3332170758684647	1.1653259756597592	2.040020210341886	.08996203148223492	-3.310595315753585
4.194185005550948	1.0083927856505401	0	0	-.065680797943105
1.440440769549624	1.3868383679207734	.45577932806629295	3.055425385859972	2.927313819250781
1.257173973690584	2.7969652891646395	0	3.150647444070744	6.198602192281703
0	3.5349614076350644	0	.8059643694096358	0
1.028383586921901	2.472604559122295	-.9717863038933641	-1.8964517626273758	0
-.8484551975028198	-3.659177342541297	-2.301283427856814	0	0
-.6554960790566302	-2.7395127022898516	0	-3.589268936787934	0
-2.665146382889192	0	.30142054370228444	0	-.07537697351358608
-.383861895651897	2.213487258521131	-.8827517694350477	1.6905919993537282	5.4773760012797155
-1.26755179582532	0	-.6996883263333684	-3.980886789510247	3.718897452033339
0	1.5731199722201286	0	7.897930209482293	-.06802386337145294
-.1583948012437953	0	0	7.389044918881922	0
.21818588415749884	0	0	.33216324811890013	0
-1.4808034317867969	0	-.7397135081017254	-.6962218344891586	1.6386262707074264
0	0	0	1.2580764062958263	-3.0363251461181813
0	-1.030996345413119	0	4.6008853449325375	-3.6429013166321065
1.3985310632171966	0	-5.458253671645071	0	-1.0885111572551605
4.875809481782706	-2.594296356329815	1.7635038440886595	3.4334109413498566	-3.2642061981869794
5.037454164841174	2.551397712063239	3.266113532089873	8.175855246604495	0
4.297467575807399	6.817316608863319	-1.7671878919201236	-2.5513073431449858	1.2143223262638205
12.293803743221304	-1.32825241397335	-4.379754603847376	1.4262446942896525	3.206748656876909
12.409336151860172	0	-4.147314987306183	6.484130938377968	2.6807923286054285
11.948650277465598	.5544641061453162	.4504416017827021	4.423677356181931	0
12.970123634675566	4.091977140267504	0	7.622419845174252	0
8.53044933050268	10.017470047027642	-4.219808581162034	10.006769460185629	4.782323666766585
11.276239945758778	10.520090398338091	0	9.630446358435726	1.0855948987670558
11.961347648869241	4.592031753175726	0	12.484543635716504	1.7212331458854246
12.217160622242456	3.248241197755255	-1.025042009820717	1.6985566867010786	0
7.881644173230386	6.852628825036328	5.860289160802784	.5590503528951178	0
13.956284882113094	1.997939539332718	1.1620414008655762	.3420232704634505	1.9334032058647108
16.114256226237345	1.4406962599305628	0	7.815766422360453	-1.1915976911147734
12.468772175519723	0	0	13.807992284010592	-6.004787536568619
12.028767621647683	0	0	14.448393886976994	0
11.311483777707254	-2.1682898771411248	0	9.35836172014119	-2.3588373772877533
13.816424133700123	-1.6646648103238681	0	12.560982415196134	0
8.970443291841436	0	-.39413886656077757	18.55109583227379	-5.9609409634066655
12.116827922577755	0	-1.7799648873976541	9.13255380581083	-2.4237039164193925
13.539375358601982	-2.0213144885824232	-4.256432648279812	4.658731410994816	-7.677062613187346
15.474826593221836	-1.203207702049553	-3.125508725167584	11.051033266188536	-1.6756560530964957
12.123824557715231	-.4497488956232323	-1.7396360731466824	6.771708634935661	0
6.629459673212737	0	5.245543943868567	-1.1275428617705447	-12.64167638715875
6.872352853872732	0	2.667911190140096	1.8093758729582707	-7.826783727050065
0	0	-1.7870740096021291	0	0
6.475577345250737	-4.629136849872531	0	3.0676502852989342	-.31567276922050924
1.6081786873386803	3.47496597914473	5.8083522818924385	.012771258834476051	.8073777239579407
6.146768114141125	5.517327787765796	8.177255797504458	0	-1.6891526172605946
0	0	6.324422302824465	1.0868572987412748	3.611832791545773
-.8631582778479677	3.251572715585154	2.189012577631037	.5146134951329744	.9175038248440703
1.5791494518178815	-1.4210907137040594	.04919656619037238	0	-2.496292735983676
3.6359229759036675	1.999618582344215	0	0	-2.276092218428542
0	.9851080059441366	-.7242100167395019	0	0
0	0	-.44347810881723126	0	-3.463743728738648
-.1432061800651261	3.8738527658035284	-.1360521075709924	2.293713372806803	-4.168529139883025
.01687170192582199	0	-4.024959646354686	0	2.8787086486776783
.5507819307290434	2.856443576783062	-1.9908433665966938	-.635771863658139	0
3.0304128723539487	.8117752234171162	-.3185325149621394	-.16468169015672773	2.168113724453415
1.5411660693417855	2.852193449605075	-.416649358651847	.12394460540458829	2.925644526667483
4.360884997439708	2.8455653171636053	-2.7638503478117133	5.138664634245427	0
2.0888396409786933	2.910495873117647	-.5516202663747958	0	-2.7467460260860053
4.881438910693236	1.1723422539158943	-4.141724256131333	4.47519983741924	0
2.2186204996464762	3.9091020007804236	-3.229877522420974	.7472103043876724	1.903923429360311
-.4725501127195708	2.6847204052589473	-.8455276255030741	3.4478395263678228	-1.0474508927872201
0	5.379141774525861	1.3146366576131694	-2.1031251694727002	.6866267816769152
-2.8672225620531093	6.722927762137726	1.8057586809947928	2.0478289356851995	-.08688048685588026
4.416263613987881	4.637456432354325	.960035642281368	4.142583958307023	0
5.32895313146308	2.4339689799536868	-2.6470388173724806	-2.0672927646051464	1.7256857497568547
3.6991881103219457	.2278437244590479	-1.8656435087307826	-.7979581843013924	0
0	0	-.7872383201779117	0	.7460759826591659
-3.1349918531165812	-.35469621117791683	.4745531417643891	-2.907464723300704	-.8679353929163125
.5178761304097377	1.8405383663894725	-1.346929566968971	1.8853173216793344	-.962536514713987
.5650903122676384	1.7844418742435044	-.8888732139086063	-.24424153579661467	0
-2.8360219424709756	0	3.409799772081669	-1.1203281788115784	3.576824953582591
4.067730357781876	.46192425745395727	.7223577450451617	0	0
-5.389136514089053	0	0	0	0
2.667608955815338	-2.286423449566196	-2.8654214150534125	2.1472666027889895	0
2.938070298345262	1.751815905242236	0	.8200953017093394	.3752525845457103
2.301459841636779	1.843567894321222	.06279300895558654	1.5980857171292553	.5128909904279502
-2.523068480729385	.4081679657074937	0	4.389907131976888	-1.2897202269350783
.3379838428280512	4.541186177918018	2.2516868988423657	-.06029120271815147	-.8438963784328175
.041311845318908524	-.09589424568830951	1.976709319072042	-1.794147448903972	-2.0969976464024054
3.0183184587322254	0	-2.0666485810309037	-3.8515127500683795	2.7247506183574837
1.2714940955326703	9.166520795158702	0	.8564555115742998	8.884773203899243
7.6476327171293805	20.648321333735048	1.5642969270251808	.5609795377713385	6.102431215308041
8.474628165519904	20.719442972204863	3.006333990220271	6.146575505104769	2.856375885628164
8.255706173309285	19.182896011541303	0	3.0896693004108786	10.185134831468726
5.291346194211465	17.386302948245202	0	5.124563838725649	0
7.353037183238601	17.40779150957221	0	2.2344093091274484	-.060015622870862595
10.077053361435883	15.179840751034826	0	1.0179673846688944	4.1248772495794235
8.485751415715297	15.356794029960033	-.7064848636610602	3.31278219138542	0
8.493099209912202	13.561813219747199	0	7.408966003491671	-5.235299743257124
0	15.83127818095589	1.0759031776891503	14.262625160498782	-.9526011619453949
3.411597521185455	14.952785824581705	1.3219993278213398	5.594494272400134	0
8.018827471777852	9.100582631920314	.3205307478222501	4.5307658798729715	0
1.203274353716599	6.40249366110136	.23433362780743133	4.078560319778014	-1.1547576549366938
2.206254540540323	4.665409226566826	-4.577306621455218	2.873288014288638	4.714032155559115
5.041839537197422	13.381834778386008	-.9194515843019361	4.394797490717595	1.2708062566844904
11.31693206311129	8.36648471357349	-3.754907736837987	0	0
9.334395918749571	9.021193328219454	-3.8170579601982846	4.725034833958932	-2.0206305117275662
4.25171144732468	10.320864834962885	-5.625231094710257	5.754893854167406	-3.122448874759071
6.047671037760264	9.283892850794881	-7.5774422055705575	-.9883125195183488	-3.0200686476095013
10.327966934368076	7.446333161697161	-8.34117501331588	2.8429879111680307	-1.1951321891230404
7.735160446778493	3.5417826649765214	-6.372647724462581	7.480738072783124	0
7.054108392352494	6.8409445043941295	0	1.7593045462876065	.055709271832646845
14.938443396740258	11.9460354808802	2.340177727592405	-3.842687738430941	0
13.080621061349808	11.874786062087534	1.436685643848054	-.20068739611555686	0
11.185339958900839	6.201791657418691	-2.0787444855533184	0	0
9.478482349422551	6.8301315072784785	0	1.3306558065744838	1.2954697993221949
5.139557907010835	4.336907408249386	-1.273770914970139	-1.806213950920134	-4.1346823848301755
8.771061264443388	6.258796401876799	-.3164072179400651	6.956771824492966	-9.255067663884821
11.730346999083446	3.425422269337776	1.345719221527956	8.78388625666183	-4.3381398979861645
10.82201424056705	2.9841879245436624	-3.10425816730697	8.119047558258815	-8.387649261814172
11.931253259768829	3.062275560304009	0	10.117851864371184	-10.108916318273467
14.028318458038985	0	-1.6659515163787866	4.975677609035466	-7.72301422256669
11.45794006298262	1.4307331201091023	-2.245999908511916	6.565539472821449	-5.538286818130458
8.965804481695702	5.673940260070684	0	0	5.03576217137475
9.128767968711292	3.7677830746321312	0	3.3369775255363097	-4.102466289702023
8.549760198646892	-.5914746510049601	-3.9922462230918674	2.732822522021749	-1.9984591683606245
8.662366874589509	0	0	4.624217098883487	-6.5891083634110945
16.88126118511168	2.0818821378800503	-4.108719916717026	-1.7009100582016279	-1.3795512204787348
24.502494521780946	0	0	6.907468961436826	-2.162663690868572
18.513177040360443	0	-.14187092554814773	-3.8186494127219737	7.785737149086764
15.32700025794919	0	4.803336704589633	4.338257031919777	-7.939779303851802
19.210649212510905	0	6.058708326175865	2.2660012225075015	-4.479062461460354
15.728623543214761	0	2.780617645629595	4.64227719605587	-1.2467867478067447
17.085316457592086	0	3.268948819027089	2.6848332323140536	2.3810822269986485
17.543872909966147	0	3.1392652891216426	3.5157938893945855	-9.40861221000442
14.152783809784465	0	.950547496413177	8.288579271733585	-3.2461507225681943
12.658468018109685	0	-2.5346833719130006	11.370664677248644	-8.731466744595743
16.069426650789723	-1.7633549910392488	-2.2296038771887026	0	-9.552932452180203
13.689250617658267	3.22864785056064	-.8887228399248177	-.4836928625928323	-6.744258546965538
10.723638227809152	0	-3.109028700053372	6.280368413323062	-3.0580258638958453
12.205313185991027	1.3065465755154357	-2.778834581868856	6.686006894416294	-4.583736562817974
11.618048144927611	1.0918284845806223	-5.066047929990394	5.806554273637187	-1.40227496180523
11.593624247178848	4.383870157447974	-2.847830060905049	1.2157424665433323	-.7023943803632788
15.28647853986281	8.56214092013507	-2.1505878398438845	-1.6641996923032325	5.668844697927489
19.649382048568686	10.445850972087765	0	-6.4858680606173005	0
20.12930865010139	8.24169283334178	0	-4.8226651616095575	5.317718043557873
20.327236656422233	4.320218693577362	0	0	0
15.744943077359254	5.223311094788975	-1.576700576236481	-5.2638670508651355	1.504481761382256
16.739047036282333	3.5199019887795577	-.2730433475212739	-8.416307356355922	-6.961977088857118
14.836677045374959	0	-3.904419614042768	-.18538055323949987	-9.37489194439452
15.772459290644033	0	-7.466838122598002	4.764147786593323	-9.46145506827315
14.05053138931909	1.9471037566707645	-9.317330515832401	0	-7.9763808399874865
12.693033165432222	2.4217348843320243	-10.310122462646277	0	0
13.41641132182051	4.947917656848356	-10.030025210840233	4.203305912153865	-3.765921329177056
11.667919597492977	0	-13.509066757803653	6.214391680620581	-6.329218015936248
9.766174766192787	1.9628576047752009	-11.363194898053779	6.6458672346756416	0
17.4303773213027	0	-6.789159444814782	4.300801594599304	-4.879711621851126
15.962275764867389	3.5745117144701055	4.621282621037473	-2.877765763683292	-4.367303703671234
16.774283285004948	1.7299298955166273	-3.4638461970880012	-.09656010501705659	-.02480296793440484
12.50994361387294	.9149850334019467	-3.2257964370528116	1.2632808700649458	-3.002990815013133
8.909559864987168	0	-3.2459371458382797	6.581935529239761	-3.0565209253226393
15.129298030274336	6.996105437158958	-3.598729926496396	3.8079360915272935	5.137229920243492
13.556612100510671	3.7185101463261137	-4.770660327314573	2.6310295112726383	.1475977186460852
6.14329680262719	3.1114767802915186	-6.548883250140563	3.7086272116921615	-2.349305841027052
12.642526890258452	0	-9.573900410364063	6.4557952552212	-.3418038516072116
10.919861601178162	-.8195842954238599	-7.512176288339961	11.539874078474453	1.6472795493321455
8.862585755333114	0	-8.704174445605645	7.333600465082402	-.7748776114841682
4.6056596845386135	-1.7381215823938991	0	0	-.0616456873079545
7.852150358551653	3.74987852322999	0	1.1169142815473903	5.7512741735348225
7.292347241440518	1.7091449340879785	.7963587723585834	4.457645392395204	-.06945891889679023
12.723669331587894	1.6778720165582823	-.6474271747125392	5.399933300760053	1.065614314114213
12.766223838706015	.6273884582360278	-1.483162797060701	1.9249144554565625	-6.537357684350398
12.05938166171348	3.059988135763669	-.8304433044767696	5.4629852576938305	.19560432666711014
12.178478128955003	8.444820632586296	.1830130754507292	4.627424694176572	4.779457620103819
11.04771098165538	9.495446695037701	0	8.640630199268145	8.349100100414013
12.70737959714086	12.265580697632112	3.0166723384199106	.629318752738413	5.819733166160512
12.478330072575256	13.992331977272029	0	.497105856792989	6.263065406176523
20.69912016654935	12.159032946995174	-.34833504996943604	-9.880276937527505	3.805175526448477
14.518919613176378	10.628950573420807	2.2181226987986142	-5.050493072764381	1.6588615497413173
11.52262846523718	10.058636806338304	0	0	-1.8796282346478006
13.16918298342846	7.296549800374217	-2.9741838381345076	0	0
16.45494897535846	3.0319773497927165	-4.34512984496189	-7.7967578222048255	0
16.20250014603063	1.159452708064714	.2767681498896648	0	-5.771249495015279
19.776525640677946	5.572284980056658	4.806375487265971	-.4960162021145065	-5.8523919874462615
16.06028849622216	1.196786435859285	5.1227024931967735	0	-9.581579739743221
17.186409531796446	0	-.23587642973816525	0	-5.4356260030369565
17.864138724236884	2.4345801712146615	-1.811568058041292	-2.6094678834687297	-1.3928036245324387
15.848359541704111	0	0	-.2211784822891859	-4.982926142191608
14.60046668650165	1.272466584840024	-1.542059004271466	0	0
15.376884792987878	-.7522029092682445	-.6939004706200416	5.26902620104585	-4.1290609454015454
15.943519622341388	2.797552578242025	-4.929415276734568	4.584329978264161	6.934199182669444
16.730397662689068	0	-5.769009504979165	5.592211697232977	0
16.863165443879016	0	0	0	0
15.036229511238417	.11843548437080276	-.15759303194175955	6.323058652922081	0
9.998908120976255	4.4779444310604	0	2.145136390020637	6.5832023389969025
12.056295346103093	5.0379858128332975	-3.154974494298722	6.72934496753133	14.10923757412445
11.592869414012572	2.761988367028888	-4.858962241740707	3.828592513218437	1.9059649238125183
15.96430307237601	2.045865041704475	-1.4020911907204443	2.443308719275645	0
16.653033233035547	4.567597155752697	-.8821311405244656	3.528226440982519	.776846209190067
13.90607765237137	0	-2.678409966825468	8.718642564270832	0
12.605680404497	0	0	10.068075748912777	0
10.152604807229212	0	-3.7746596045761174	14.778236004618035	-.10145885643230457
11.07826617753936	0	0	3.8863601617581436	-7.419787216071031
12.621751229602095	-2.0173874783692782	0	10.44607472732323	-11.060833571076293
11.203045898272588	0	-.8242520395949221	-.022352928952500406	-4.01309923567813
6.433280024778611	-3.4247046271804873	0	3.3844931691352373	.00028670367592853463
6.420287364962762	-3.3764175874743816	-2.5081171083622826	2.129214572301441	1.9065909416772995
9.482698061873474	-5.408988778155578	0	.5833259554028676	-1.0618785761760026
11.079869184934253	-1.6691466442822904	-2.4176549939312553	2.1181228602687527	5.88181327613436
5.0656518149711545	-2.6701065650461135	.5827015284730728	-3.464756581063135	0
10.420998562955736	-3.611368441869191	.4820230897288804	0	.3004817672491087
6.704377247107575	-2.6198162286480944	3.052473701499922	-4.0529113579251606	.05695624164188917
0	.624421737813828	-1.5005857239676361	-.7897693337207432	-.32142217584507105
-.9102044151077215	1.8251122809403246	-1.779118002827451	.3277202529044384	1.0015891821645482
1.542226105556527	-.47766411498229133	-.957281939047002	.09645070306795267	-1.9042168636319026
-.6423051204535911	3.290539316847605	0	-.8698983311693781	0
8.740947470287828	3.704277691322441	4.7512979316085895	-9.44026096566615	-11.541744201477378
6.130902315846875	0	1.814694232715229	-3.5913812410756933	-10.915863263006418
1.162905048088567	-.8007724421241305	0	.9581605693960563	-.19888178503893017
3.8806625356062145	-2.193071437013664	-1.7436479770033473	3.616942837057241	2.243136085071747
0	-.14107667080930053	-2.6777801937200563	-1.7947865114983776	1.96239623824609
1.0609528025142925	-3.5024544967268874	-1.7979375436355234	1.6499172055749898	.9931668259001583
6.926222868531358	1.410037558678999	-1.615370994222741	2.8161488226687936	0
5.86325633271125	2.534386823075592	6.825151264366848	3.730765319440794	0
7.926444667962626	3.320637428968046	6.734609699633382	-5.251674565235376	1.4775352771736248
0	.589308950738199	1.5804757443479147	-1.6062217589384313	-1.397847600626048
.4245580296751531	0	-2.382132733935286	.5837900078454772	0
2.715707649018504	0	.2470522041528437	1.9732901827211904	.9998980921510763
0	2.7088945089122287	.1494499540498403	-.527888793422395	-4.140643367306032
-.9022902916943298	0	0	4.771615560965587	0
-1.201844859026815	-.5873879239860352	.9925085446593477	2.994747212483375	.8864522384499012
3.1113747960521354	.7952005006501611	-3.007750231044963	.8023465775549184	-2.515867440563262
3.0407027098497217	-.6295970064499086	-4.841956328564615	0	3.727472042315859
5.152892840199417	0	-1.979259910999832	3.0006806645435464	.04066276476785545
8.094167187449251	0	-2.4623440297796746	0	0
8.930410447616417	5.515844527333999	-4.547714818696893	0	-2.7497645310130485
7.184344799673681	8.16760646147636	-3.7145864663898838	.05003155506962165	-2.3183971303661743
2.479305809161845	-.12699038185952827	-.6182430854609339	-.2968326843006994	0
14.705698111826445	6.373451622765994	1.7384398156558862	4.412564620473319	-3.0526977086801956
9.268935066137242	8.186695947995315	3.2653549157527557	11.212408443433462	-.16005851276992233
10.675674140204036	6.7228814687078025	3.786176951252665	7.973919127524383	0
11.082615066306394	6.526516733597425	3.8631390731083304	2.7235219797017782	0
8.752232132596058	0	-1.77302182798992	0	0
7.701555684077289	.31422372350945954	-2.671075561889155	-.3654998893686354	5.017729846137605
3.472295674445833	-6.080736570142716	-9.499133215591165	.8897827349999434	-7.047191941487538
.6490095216067022	1.1916050119297077	-.037398840510803444	-1.0070274552976424	1.5737126865133695
.8960859049363965	2.44717368859828	-.954779232345695	3.814217592270693	-2.676443180158184
4.532860654934372	4.033344534971925	-3.6253852246688543	.9339149301776433	-7.145417436533112
5.122818429208813	5.469483594860625	.7524714278296876	3.82239287241521	-2.901116416731232
7.519880375862437	-.19622373867032383	-2.3803678805231296	-.6911742714705786	.9711461543641526
8.139142360448304	3.3841931586673244	3.748230808726971	2.1572332227016826	-3.8334418407185953
0	4.007035703983114	2.867713493153669	0	-1.7675572121746455
4.066652689355271	.44626337226383544	-.681343181432528	-.1802160837872702	0
6.82722630247922	-.8460052254381645	2.433482193591499	-.38044730083150347	-3.7869298569600622
6.538820295003532	0	5.773398369685804	9.867770945142023	1.4447111351260995
7.581405667882914	.21584704934563326	5.499282933821633	12.459814757046322	.6042799675094357
10.692258252743223	1.0103322643805117	4.753490618880709	14.593307489396636	0
12.024956412288843	6.0728694025840495	3.3738635044309144	21.491144587609014	17.420220648126126
16.762949158801817	10.385643054777388	1.8053261684344184	5.47472655542106	17.567536173289223
16.261851362776554	7.561576722439012	2.557788120031655	3.4952938422304274	6.642438425572725
20.683430928493284	7.7490491153537375	0	-5.973520986204245	14.416966186196397
26.237011158350093	11.460698206759018	0	-8.8234057959176	16.368928441495903
20.410638480912613	4.529963402968711	-3.7667861717030267	-12.054659570911003	7.638401971349168
20.873775991238624	8.992016773082455	3.59257459243406	-6.661034196205352	0
20.372917387148977	4.813075574150072	.07168806219080892	-5.014090657580063	3.353631632918108
19.04886218149457	1.4251053393280588	-4.94118230576263	-1.289041725477616	2.063800690536528
16.52902052576506	0	-9.179215986817733	1.8089480166374101	0
13.787506864596137	0	-10.056717608722888	6.508466354229127	1.0906385470221092
14.980839956619942	1.312246473973385	-2.3274398597468786	11.057594734488816	-3.9702460902837173
17.364539961598123	-2.2632509446243523	0	.39390837376232923	1.0248703836759274
14.570549486862975	0	3.380344905157715	4.237992902095986	0
16.428832916202563	0	0	5.3414275451289	-1.6783431376567162
11.64974862144649	0	0	5.522058887357883	4.854329840416847
20.187895935170758	0	0	0	0
18.568863422234813	0	-.6719776659099201	1.0993078250515882	0
16.990572754090255	0	-3.0741146134332995	4.877131171608765	0
13.931088618997517	1.337791948822776	-3.5664533910331078	7.9294057675834	.7025031406877682
7.342599736811126	6.015887416435875	-4.393244089460271	9.99289083321555	3.6482932042945007
10.239524199334475	1.5027701598586418	-4.085172925577298	14.37869365507765	0
12.915394571199357	1.1522728048988604	-1.551831339134421	1.153944821132494	1.2380539263375838
16.17839116512376	0	-1.1035554818603808	3.7192070486639803	1.0448551641450268
13.101454914664233	0	-2.7055836446197365	9.698436897941642	7.775446746613937
12.730452681421143	0	1.1429335334781476	11.337983842156405	5.633774174232388
14.298726067288205	2.232733177592994	4.9949439657017205	13.980427150681784	0
14.781289878613867	-2.5395480820515104	-.3965778672199006	16.010545747850127	3.8526249215760595
15.418876227592435	-2.2358982041000814	-1.5170217310404261	6.015805524162213	1.8827465500242204
16.145747714301642	0	1.34824726249344	5.376090490488806	6.092034992795254
12.480847917485649	1.2170422484278234	2.4712055631388608	5.304504891141115	8.795579039494847
4.155999596941947	0	-.024115266430329685	4.262208301661075	1.3960158033540162
4.729258271473704	-.6745930918299321	0	4.064981067611369	0
2.2188321877047654	1.9027398406244513	.7457006204610079	2.018165769089282	-4.5000680980428065
3.973757469695103	-4.611528944325367	-5.4395936136390475	0	2.480738971154636
5.346993091542157	-4.134165291582558	0	7.270985244433294	-3.6223005574603135
-.04070213750126295	-1.3016844898881943	-1.6159670332857348	0	0
3.2070440087736043	0	-4.392402393617077	1.2646156073134667	3.0539924170151105
3.3578662151530114	-2.1697492761815362	-3.9734000512390795	3.7676947870376827	-2.4245293853276437
1.8495256948024443	-2.0342297146723447	-.4310951702658683	2.1759129786906186	.03382727427174121
0	0	0	.9748547179768381	4.007373603761837
.624074063018453	-.6348638661696845	0	4.721049293661462	0
0	.08598560635777408	0	2.2468735782572136	-1.5226291380645842
.3517439478201054	2.3392122965207442	1.4649444674035306	3.5607553687800078	-.11542852312426177
.7867197780463002	2.5802863588476734	2.324281400473846	2.288477253903916	.4049155138539784
6.280778042585331	.5882693866230437	-4.6640389805906075	-2.0121653038604355	.5811972857961025
3.7213993849198386	2.7820562370214743	3.653043924417493	2.601133065186511	2.232714919880341
