x1	x2	x3	x4	x5
12.264303498128811	0	-1.66470161451339	0	0
-.7811474045052254	1.0516778312074102	5.343397703780847	0	1.1046740136414563
0	-.2068043953116332	0	2.021804266395582	0
-3.4242135870030967	-3.273729743895755	-.6742690376670673	0	1.821288084680805
0	0	0	0	0
0	0	0	-1.3352828076203889	-1.0423783375625186
0	16260017813851668e-21	0	-1.4557306432294672	0
3.225890406281262	3.3173706646092262	-1.4834525362352151	0	0
2.0496195170304947	0	0	-2.982527066803367	0
-4.273756996310616	.8628276400649448	0	-4.091502786946863	-.5502997636407142
0	0	0	0	-4.535026171018131
.8782974455136889	0	-9.256233789877163	0	0
.9240955922413902	-4.731356989063596	-6.2599083078488915	0	0
0	2.9163469609145345	0	1.5938271291097594	0
.14802795390002085	0	-1.1048111816828081	-.4209421732174068	-2.1415171454126867
.1285123758446025	0	1.0523431013869147	-1.744588260073412	-.7513363723785497
1.7348405580587667	-4.405674541893446	1.8031307996923727	-.4591750521190267	.33124817860862454
0	-2.8116879048248515	1.4167358146229525	.21037652560822473	-1.1143476870010285
.8900374252542906	3.423404646758998	0	0	3.67062946623455
-1.0957231229883895	1.610627706900444	0	-1.927147129947603	-1.6522437810291413
3.1731634404697657	0	0	0	0
6.088603805401528	-4.225502359712711	-3.517481174692069	-2.2414864912676453	3.0497475924302506
2.7737730640435094	2.4836394536700652	2.0356701109110134	0	-3.8316688721386454
5.542804138855244	0	0	-6.2406152424329875	0
0	0	0	0	-4.248762149786094
-5.003763152840546	0	1.6281058937237782	2.6347106308022896	2.900899907979886
-.5098080808041148	0	.802033583969985	0	-1.396711119545743
.07631820061177397	0	-.5444998090111506	2.822196244734328	0
0	0	1.776994281422043	0	2.8247685160485965
-4.775196837460216	6.871287474215633	1.1793589637561555	0	0
-8.794787090962945	5.84393668482654	1.0703681709586736	1.00783622848627	0
0	-.5345164372715377	-.7893058686328214	.7771824455388415	-1.5775801066572335
0	-1.0977058046885715	0	-6.326779468203105	0
0	-.4488161211361369	-3.266702745945936	-6.528305655468873	-.7674449160828394
0	0	1.7941751224480402	0	8.434459534580812
0	-.16822710672372798	0	0	0
-5.130421476246404	2.5485187091790773	1.7285342089226172	2.8934036594280217	0
.7459043824614436	3.458003893469511	0	0	0
0	3.382358353100081	0	-.9229915456230877	4.262365000679166
0	1.866949752393507	.28248086178754206	0	0
0	0	0	-1.0976001366214607	0
0	0	0	0	3.9870822558960652
0	2.7221171503073753	0	0	0
0	-1.6694593569327003	2.666450623811204	-.9791015248906594	0
-2.103286261923648	0	0	5.094003838947504	0
1.129715573867547	-2.1837047586765723	0	1.5608434755531309	.8407312960537004
-1.5494783204735998	1.9305514823587915	4.905226410503408	4.7420394059698365	3.203231902668957
0	0	6.898367351238122	0	-2.871848272588688
-.623316030157996	0	3.374143601475056	-1.8975855890121407	0
0	0	-3.7016590478355282	4.861804419431041	-6.799885696540355
0	3.6926544203976213	0	0	-1.365299697881669
0	3.591230988783388	0	0	0
6.790203525008135	0	0	-6.834588387719217	6.186658150262797
1.961936448956168	.30433557227128016	0	0	0
0	0	-3.5408353466696396	-7.866051443570823	0
0	0	0	0	0
0	1.770789071226023	-.73672058312408	-4.1712395986622335	.8901262910160879
4.682264436889142	2.062297238109547	1.2771693039823089	0	1.9947787814338716
6.963090255028309	-3.1183687324080718	0	0	0
11.259548828753799	2.099602571922814	0	0	0
0	0	0	0	1.8765187517800372
0	0	1.0158319731956227	0	0
-.8735411666196007	0	0	0	1.6030992775210615
0	0	-3.401347309538498	0	.4233954730927738
0	0	0	-2.1301298811578606	2.1229613632231796
-.2285473149336188	.6163123884888286	1.9407521644347987	-3.6842995782498766	-3.440728966370583
2.6358265268005825	2.920531867968788	0	0	-11.002780148916406
0	0	-8.752287119668177	2.202713541003863	1.388534567478768
-4.072227865939123	0	0	0	0
1.4483451365228945	2.619209482546525	-.5317857010506606	0	0
0	.43878395004178905	2.236587827181468	6.569854980842626	7.664291859852331
0	.004142551701610597	2.96993286630899	-1.739341007381452	0
2.9654277808447453	-1.0117654273359877	0	.693017467424592	0
-.9915886144635195	-2.9230117359402845	0	3.5975622179044633	0
-1.8655460586616908	-8.776266989838884	0	0	3.337398152897678
1.5824792469206599	-4.697101821101617	0	-1.7617299206619113	-2.157061985352778
-6.148944196674605	-3.0198412974553204	-2.5628859031273574	9.095044835030103	0
0	0	-1.462536067133656	0	5.359254062320079
0	0	0	-4.058757114365803	0
1.1086734576147967	-5.861269642289878	0	7.584065481270868	.8797622057848313
0	0	9.00869195959258	-3.0999609571715436	0
0	1.745487407306901	5.717221718618908	0	4.835747297045314
5.659024172179718	-9.477723191650979	5.2108593323591705	0	0
-.46717699735216445	0	12.093057760115567	7.795273888653892	-2.754951593468504
1.2346213340446333	0	7.764952566001611	0	1.1641966651117244
0	0	7.8778028620560105	0	-.5098889344734707
0	-1.6112023519254466	5.666332571786976	0	-1.4519676379051347
0	-.9029035678809306	0	7.371555749680158	0
2.6072021533387053	-.18377391766445056	0	0	-1.0007167643956376
0	-2.047581261610196	5.538152613669327	0	-2.493071797244139
0	-.6551112231992129	0	4.998036817517882	0
-.4921478837742868	.3450007078215899	0	0	0
0	-6.752447195135568	-.6288210592052983	0	-2.641100885113142
-2.638794298735581	-2.6628786275654184	0	1.0057972564643074	0
0	0	1.5004005475373992	.1630061367715956	-1.1205353251948622
0	-.00020318332395541372	3.2478090298890003	3.35158444986336	-6.312181432365238
0	1.3095304111754407	0	3.6853268774183237	1.8663838293926507
4.052408801687317	0	0	2.811358038045739	0
0	0	0	.42558034201279904	3.1264475808551744
0	0	0	-.2495843979711141	0
