x1	x2	x3	x4	x5
-9.438178338140785	11.543286171085615	.5276561363055305	7.508836671532903	3.4105265146126986
-11.063275664486929	8.581873036266867	-1.5053944308814557	7.027004791937038	1.8653986748316973
-2.535558526880754	3.5365527620311323	-2.1480966102571406	-1.9464431415485097	2.481648341923374
-3.7416711711146338	4.234106616074399	-8.35162118196125	-5.192732132238961	-4.603287385373272
.934247113342952	7.219053482290809	-8.333538954655193	-4.342683353371191	-2.8944622563179996
5.51703353819475	11.565423026839138	-6.01948224520333	-5.915000391945494	-5.1048932219854075
2.4967197882792638	9.531768763010964	-5.310368680372281	-2.439327108270535	-4.618577182492316
-2.2682436214172395	8.773959821916481	-3.7441099035393	-1.0398632183272791	-5.1716069870440755
-1.434027394724315	11.06448661107719	-4.310477002324006	4.150532025033394	-6.800466285741863
-1.584923786012388	9.412843519412329	-3.1112339587593567	4.200365481950717	-10.38061219911176
.6327140858915627	9.560984608519355	-4.568374150217486	5.608153657079885	-6.700888407774802
2.5569712446341732	7.41956491034323	-5.701183002268916	2.538856857367245	-1.8016905708829136
.9622231576755111	4.119280912454974	-4.908157510072676	-2.061669492834813	7.151756301022787
2.2020834666529456	8.254341484315995	-2.5866530039268683	-7.37124264801786	12.409703997741524
8.579200238993403	13.107399696612664	-1.0511782915504595	-10.566779971366815	11.128654662425445
4.950738958210579	12.739471006200457	.11726186115097101	-8.238165203058246	5.313400278097011
4.257652833732941	12.755872940244172	2.860218286845381	-13.264081735200843	2.2690569561466507
5.926352537807391	14.126812534783324	3.5710654897166734	-4.974134842573563	.4224766715591534
6.468406067913584	13.636492019196023	7.223459229080783	.07455370687382024	-3.5335644208878954
5.849618415558811	13.500242257052415	9.076756382070922	-.7579526980311662	-2.8837853019105584
4.882066849165392	8.561367275016286	9.766249975811897	-2.467745914802198	-5.071479922978197
2.8274834190269678	9.874012782943572	9.0052573202215	-4.385330917643535	-6.748211101375557
2.6887969568928245	7.916821414984753	5.601039778241596	.269211209805553	-5.028218657400059
-4.480261902428141	8.35941139504578	.7986651521677974	-3.215996557791111	-.7917412109229336
-5.524087266979021	6.70512683356078	3.631485734842791	1.2248782276620331	2.3721482541854098
-5.311416496660589	3.501239947318308	-6.13881346139983	7.417279532718087	4.195086865732921
-2.7412915120501595	4.249883382884511	-8.143457994967106	10.460931471661862	-3.564631262211219
-5.870533224666002	3.3277718531307197	-12.287919391116414	13.144667653906714	-7.205242427424986
-5.438242682732075	7.859386461607995	-9.912344046811523	10.607074156565428	-7.980475171685369
-1.159602653672344	6.724096975490429	-9.31942416950518	11.23073295590571	-4.63154610269204
2.7437207304895246	9.982011395153755	-8.08827889848317	4.204383067804466	1.4660855273939912
4.668961184477153	10.383453786241356	-5.95865806835282	-1.0310072499809833	-3.3175278012957437
4.215775487789769	9.135461370932552	-.5632228446145382	-3.8847382514913242	-5.285647056614521
3.3919796715953723	8.34676709685807	-4.2047885658622315	-2.183763112827696	-.7173358549931499
4.939530471969728	8.67913354829545	-.48992567889358773	-4.260868051762262	-5.859060484553862
-5.005348704801248	1.227022797636466	-1.1989286978260183	2.391871400650447	-9.412556303236878
-2.7696739290643726	3.8142595711560574	.6114954611938861	-.5360968090885369	-6.414135705122278
.128952885776223	3.124290019745664	-1.1534959902239634	1.5215955934038754	-1.3726393082637396
-4.996596132360546	.9457374750188585	-4.94523515072224	3.658314602709769	-3.267014691174469
-3.1670486210242745	1.544702034079953	1.1494431597537433	-.7694188038420324	-1.9533239903130188
-3.047322411804547	1.3222775187321947	-3.2056467718047754	3.173530801446607	-4.646306044111379
-1.1408890821918258	.2967833241574296	-3.460791593581219	.9757154532621723	-3.9476211326407196
2.215129763622427	2.900026056214938	-2.0427129124013894	-1.5591873369671374	-.5898047815942498
3.9067552494301507	1.828496955807026	-2.6416261510304895	-2.606924602148988	-1.0584359429999979
2.9340924207645567	1.5483266891019012	-1.1889291334471832	-1.1091868522062245	1.5643854738162077
8.404569060890745	-.9022900197571124	-1.6079232059352424	1.4783172765833303	1.8448497520881881
13.463587332050782	8.461439974744392	-.31971993160161716	-2.2999060218996323	-.9657183547966082
15.381241235465687	7.692645887720169	1.920184559443713	-1.0226673682529588	.12460083301266464
13.655894255490661	10.994863752612638	4.629295777374251	-5.195934439673727	-7.93518891255657
14.972580740051596	9.624415821702815	9.416132679645939	-1.9520371282292241	-7.7351616569036405
14.762867290102733	9.790193325687351	9.592698027163106	-6.353466673690647	-7.545549340536266
20.463059914876524	10.230072395996585	9.184113530985746	-12.315540027188673	-9.21959712027071
15.580898890218926	8.370602709302531	9.120418833690545	-4.539378545599784	-8.476771790366453
15.666302722470114	9.466741831678057	9.487114855166126	-4.351971125868885	-5.528140507151296
14.110835558838675	5.616560092080041	1.9083109997780574	2.898442604996679	-1.5397090872091346
13.611381153236282	2.8548248935739995	4.789953939942994	3.6555209692421573	-7.639540691784038
14.315642664500288	3.997508802153124	4.913263980562666	6.095717325383843	-7.719108757657296
12.18711105088947	3.576952049405537	2.784313128169292	5.673426441840938	-4.288777940163097
14.967153481984665	5.2872086200440105	2.530648308969173	5.188592882705331	-5.366842945000419
14.258248181399926	3.9465741417406237	.3631560467717575	5.232083530365428	-6.737692152402381
14.54637588321541	1.474016107419509	3.329914105837192	4.503627786951521	-7.8697064740291705
14.065474369139517	4.014712279129168	3.8934499761990957	4.599346623086862	-3.8846890014820383
13.318264226764933	5.249188043928004	3.167373630595652	3.7872646706805693	-3.291333915101224
16.53910212250107	9.283655711395467	5.2642283956717115	-1.0405054604916975	9.730399835564151
14.875209617908242	10.64427508402438	4.722820677777056	3.5402628587388625	6.310928201068936
16.129257298961747	9.97050496671582	2.28952616996269	-.14717766567048624	4.966007495766459
17.23356807652992	10.271446853352993	2.7769545400775977	-1.3172036948876977	12.136923857810872
14.187657536897053	13.124256380926807	2.5616367683638335	-1.4228014937415296	11.283559357677486
16.445535392264233	11.301547688756168	1.3514583245025773	2.2447771104481338	12.002285224270608
16.056821366055246	12.920948830871065	2.801092456078532	2.3589291173120674	15.649297080697279
15.993931525097686	11.483969222561978	4.6408873199289795	4.92766897987689	11.186559106138066
14.522238585787695	11.068338693759426	5.477060653491703	6.186740998490094	9.038575094063365
12.032269802755128	12.672509489594583	5.310815330172473	9.856458296315864	5.747744669127475
8.26826749391603	12.001745950687791	7.02828483872198	14.175765005754606	6.426033259404034
8.108169871781348	11.362095602051767	5.239357598087369	16.513313306112998	7.662691108922704
9.976917961161817	12.921172749500029	5.954527849773832	14.189459719873632	4.236125119795176
15.325552834735408	14.551316084370887	8.635361720498326	-1.571564123233143	11.722210970817983
16.367305562553522	16.351433360449953	10.412859705930758	1.6779349235828462	10.750118633941186
15.549492839669645	16.116810338723226	10.158167345005962	2.6603780438044002	10.957808086673849
15.556390129927586	17.81335458467366	10.9610108795953	4.163731579701491	11.210215281323173
15.109765654679595	18.593216156322107	9.317972078358919	5.449595798635767	17.50250819899207
11.14508132811506	18.878302831889226	8.645701790813415	10.381774684064842	15.47421116672
12.195939276529407	18.528513480622756	10.274306535366165	10.967202424381103	12.80215763716396
9.939218600227253	18.162610066019575	11.148256008575062	10.531564872346188	12.327215512922658
10.107957702893028	16.290637793826633	11.461568861043835	8.003976795858753	11.707641522368993
11.631163993492338	14.429534404697524	10.391640201935182	12.413636132517354	5.334411760838227
10.104958461334073	10.373384229083719	10.179644859852498	13.410376815257436	.28950446098395494
12.493084875356082	12.031164384724251	9.163699828456641	9.621042946772388	6.42770122305551
14.077657704063915	9.03129822994394	13.672365278213194	6.2640581321206295	-4.362650337328828
10.202236393690926	7.304569162574484	18.843812422892373	3.4586911669277907	-9.476563336995259
13.341362452491419	8.939816507699032	19.098656095572153	5.758580925119323	-3.7566023795326524
14.322243199227474	10.698886376702951	23.700906581614216	5.823802905751197	-5.437737782683961
12.812429273197283	11.115922171655548	21.5911654398034	8.307778919998945	-2.442909387564315
13.015126717445282	10.250811563444909	18.546120456703242	5.974000286968952	.029308931986963382
13.972276579889174	13.298605515920501	18.182793275476136	9.018333847095311	-3.699679003890045
13.575782778003752	7.287511971177402	15.0600140001488	6.958862517122887	-7.331053606175629
12.792712620627189	9.11751949784247	15.692131983762904	8.779622207521783	-6.785988208767807
11.046470706349705	7.920399978418687	15.593646989684064	7.734183344040398	-14.429318856704997
10.685104698036515	7.36024170407736	15.483670010646167	5.562093250900151	-14.411734981269154
12.774488965068246	9.9764713013094	17.31531624736462	8.890741440990448	-15.24548750899105
12.998690656446092	7.172258631120162	13.691056737652588	4.097640148203124	-9.8522144053322
9.472455361988706	5.79605783149095	8.258868056047351	12.648798228158185	-3.816288840624599
8.999668220364955	4.063964567543929	9.79508963311562	9.999644150023464	-5.238538325681146
9.422414902055493	6.826483301610603	10.892536308090786	12.872085368257034	-6.268217631111429
9.35053633810102	6.284322857387747	11.560118470775674	12.074827383238693	-7.259505507002761
9.735396247340006	5.968103579182177	10.524539076918675	13.406621803806807	-9.682829848053489
11.315583911551268	7.149533051711677	9.432386095684322	15.174638538230543	-3.997154735496824
8.503450783048656	5.321165631947323	7.95394166754547	12.5091026788213	-7.583891693198443
7.705727238108707	2.3615715164256907	2.811141997478454	11.505865393080215	-6.98521032472847
6.35328577679723	2.3092613119631844	-.8488131451257608	19.985944503427294	-6.904875642769923
7.114747678587499	1.0564636933064606	-.9151275667740741	18.97370586470516	-7.070858046432261
6.569015736677058	.4662025370019308	-3.0579679710853003	16.621863534636347	-4.3707760272529415
6.180946901359524	.07702622769171785	-6.319759026564149	23.382427292363005	-2.7803823134146457
7.509040793143848	.9603136168965138	-5.733309756593747	21.169214061553486	-1.4299359189251493
7.811338091142729	.7856367026780802	-5.577551799115815	16.407500647643033	-1.6748234640405673
7.644909003279298	2.424192291953317	-5.406728101623144	17.080580958043658	-1.4348043815120832
9.970100556488301	1.5161012882888172	-4.609563529012822	9.453980630648402	-2.971203123537193
9.465302512589085	-.01142497009558463	-6.24515735389456	9.62367103523553	-3.1275382549623423
8.929903411898938	3.2421587265499205	-8.152956160474867	9.220230297994632	-1.340328387364449
8.20948071217142	3.557840199641065	-10.45654322070367	11.741240686776184	-5.52839378855016
5.987892719651951	1.4339096636015212	-7.439832277391067	13.148474840590987	-3.8749503020150824
9.614166472970817	2.4588606756741216	-4.772226694374345	5.1742354423490795	-2.0982272608433727
11.175230006867109	6.1438371724818595	-6.33187715569144	5.418031376198437	2.6669044589506536
12.415397176218463	8.070578778852337	-4.541633769406537	5.09554344333109	3.454804901024345
14.52186849548794	5.8431096314720765	-5.54242780851924	2.146053145068101	2.9731291989881536
15.783264980907141	5.15182477154903	-5.887686837057852	-.5608112314453639	2.8708379607879504
17.14309907735241	5.726946442111435	-4.181142321073293	-3.1111725133014936	2.625180804236745
17.697124666759223	6.4215868422718545	-2.2683227615561377	-4.14073363170701	.3643660205589839
16.13904369305459	5.275157727545614	-.1372613669074354	-2.7321152142937866	-2.4000303287334575
16.141267460676815	7.813527537951107	1.6470838458859816	.7308142056950113	.17152400340791019
15.598544318139538	5.552198225492512	.47704110498766195	-.8606871524658656	-5.484913489878894
15.582566690675192	5.66206792045185	4.773658061625051	2.4887573369313722	-2.1228858855495285
11.825534281282346	4.718079396191723	3.5517352832155935	5.320719286500136	-8.099785663785152
11.408109441426602	3.9224729701570733	2.301173546528732	6.136072471033898	-5.52235114894496
13.639252356233403	5.6022767246782905	4.083411055092553	3.1778470240292354	-4.434367813230787
16.08686687323781	4.99430058416387	4.273981293534	4.416079679371373	-.013597295657060249
15.814060018970629	6.415784490715372	4.554914944291274	7.261490073355513	.9908773273560879
16.512206086894835	5.356325789257947	5.862824885185416	4.950430632990269	.10889412382896035
14.336243719506669	6.8198524736803225	6.995379599375211	5.253978209879687	-.32123987407356813
11.215243683726223	6.9144790108836505	4.9886680591473835	4.2709571241949105	8.671147587504223
7.5210162210448255	6.8505604516982235	5.385621165466459	1.7133909929330793	5.599260306007169
8.539253124939561	6.3144960210747625	3.275535347181049	2.301702293034932	6.615993652963217
7.661477683596189	2.1701848891804527	.9458155146080565	1.452977119510912	11.925874552352445
9.429562865539552	3.351380918098985	1.4512414503583	-1.4749758358603686	8.666871018342015
9.077339388193495	5.516793338188792	2.697685329575269	.44610605029456596	-.2683132207587927
4.459150110151226	4.32063192667794	1.2572649974882606	1.256217478586695	-4.648404206730288
9.66165106075638	9.766171038097257	-.8377017862412772	5.838498488569621	-.035028066361187715
11.34691827211814	12.078782483582755	-.7602699644466834	-2.141387388791349	5.094087997675098
8.652957006317033	7.418720401917481	-4.407292493810262	2.3316506628252665	2.6434876136551693
11.397767986281437	5.931390100098947	-1.1999058290578035	1.5425364646016089	-3.2187837233209597
14.019811664857327	2.8106012146095214	-1.1667239169474402	-.23443337091563266	-2.5890506777435855
13.170276407248075	3.523350857328785	.3672374566322991	-1.5361637642978125	-7.764043320540966
17.380547401534766	5.768357018033899	1.8718274866047193	-9.428419950229085	-5.466852463607895
17.344368519559143	7.133996183536303	2.849617105613977	-3.1604272292358724	-5.341487103128085
13.738477262765809	6.8860850811886465	1.1228967012942344	-1.5056717364600385	-4.765781004981459
13.99019966191511	8.152596183069752	2.3926807178694607	.25339626404076065	-2.6442169770556134
9.314843436241429	7.015074302707162	-.6170992332337885	8.655227245538171	-6.678760785915259
9.11400464776282	9.054664742142053	-2.139632253982469	9.093516745834904	2.1297138972546588
9.637168500691285	10.461196279786583	.42472294681220624	7.411078127599447	.19898195878410313
12.821134497303962	8.155396585335195	-.3650208374100732	6.890096948544293	-2.715831532603703
10.604951910307097	5.787679917012485	-3.5197275127504017	1.8006891101928288	4.504481327900914
10.662965421868396	7.551969024835004	-1.953906356393368	7.270261238273411	1.2908732889843448
12.44961584542008	6.076515529024534	-5.202259227650641	3.146858036435351	5.161256028478638
12.808041124796622	7.900298329371012	-2.0358927847157893	4.674199086990777	4.17327848435805
14.555105728395363	7.7815397789642615	-.5675667336955282	.5566810335811134	.7506018743953382
15.772589212280403	4.268302671807817	-4.530436734640613	-.13390621105184808	1.7076938350381106
14.403791664496211	4.068403691755982	-2.1943363620010454	.14093928135700606	-.7846316814038193
14.213812958730218	3.31984258075767	-3.5400395698351823	-.8586441432608305	-6.251286625091877
15.245254453370563	3.2739423927365006	-5.1803441027673	.941717106093246	-4.465746705141996
11.52465521503633	4.268757773887689	-3.9348166434157297	2.633894682572175	-8.735525721804539
13.195884159172605	5.353613440756257	-1.1695931683548286	1.1985857018820685	-1.4668911127815285
12.797083574392435	4.807586719825814	-1.7589127146925656	.7802298818216327	-6.286601382357697
11.241234024862342	4.394478474989895	.6105895933724937	5.7150588140673015	-6.148670529400092
11.192337066092675	1.9263859099733347	-1.0211396232198748	7.789008418740963	-8.451622861704477
12.70470301216235	2.9679645467323423	-3.9022780442926153	4.348800283236691	-6.197653914187917
11.136552258247598	2.70756565000885	-6.088390887565945	3.806066582744344	-9.331788997933508
12.222174744669987	4.0743112955170435	-5.9832638235615745	2.689769839217275	-9.999586317842216
13.408793069547823	3.270695352537013	-4.205672263769919	-2.519834033625701	-8.843720388160584
15.069066593090307	4.8466558634171655	-5.406495384924633	-4.572941025473448	-9.350932614643362
12.35928038920984	2.339504195908933	-4.22200698404218	-3.7419635079702656	-9.250929150252908
11.630003377487967	2.2003118596446574	-3.8793379717743233	-2.142716732950977	-13.678206396721249
11.883935235044783	3.6839121657599927	-3.766248986948227	.8774945644468699	-12.630662738547096
9.092609533428178	1.2050793285136463	-4.292043100677505	2.985293303177749	-14.314695576264608
11.47135202274745	6.262430737895002	1.777026742595802	-1.3527121762318697	-16.514472113873765
10.497197546234258	4.471465483358085	4.161666157675944	3.3077831194649647	-26.777969237687074
9.549429566246296	3.8007663767519584	5.489610078168876	1.0897700264180008	-25.94382751798014
8.535938696469639	3.1715288641851522	5.224861825143276	2.1830297095110054	-23.74707960604365
13.03478059094869	5.100443647990089	11.808642206130417	.21719568838679404	-28.79137002217539
12.040906539242807	5.65714975804177	12.652509410187408	-2.0401620655358137	-29.64249030641232
8.644943594406826	6.395408295897831	12.098007941203392	2.2320997324944605	-25.094763067805225
6.675628944163187	8.032106744644711	14.118205835073748	6.88547889542278	-19.418795778973795
7.175899235822622	8.245609586154679	11.76791338200822	6.38939476199074	-24.461321985580074
5.5251078087849255	5.374149718076519	9.976535928664344	9.89133869274468	-29.04350196170988
3.802082354541486	3.0084278933337325	11.573199182990793	12.025676146898679	-35.54499735966988
8.5406395326749	.8803372682222452	8.603302646914868	6.33010457111044	-36.822576156795925
12.181338222727724	.5212659264927684	10.32628483310551	-.499312181426121	-37.20118687097154
11.05107668987257	2.2155892771285726	10.586463370724138	-1.2903032527741025	-32.694781018519045
13.109200313087337	2.954136660633727	12.327392176588752	-.4856911346984053	-34.029411823553325
10.066431687271153	1.7454356735157748	11.971073051023819	5.618783072868943	-34.485378807675936
8.920627279753333	.06383409975156484	11.95655281608922	6.829988507850424	-38.214523075083335
8.943945287785942	1.256487160044511	10.481288463024885	4.710043286945411	-33.8634007508291
11.992556064852065	1.967257745906649	11.672314243076128	.3707707530830362	-31.761643748017725
12.716935788789888	4.05854966880346	14.859555925352945	1.0613028345691948	-37.333017125504334
11.839799774981802	4.729805638071544	14.648021644957224	-.25003843453549596	-32.198596262413204
12.313640118795588	5.5536471426614815	12.835097035906394	-.486869394383023	-30.6540877573867
11.764213809067032	6.890511535709303	10.59631993170743	3.136572460542183	-23.224143424503847
10.483975052648042	6.443899459560901	9.664514368867257	4.694811376589789	-20.34423729670143
10.369154095866298	11.414715671885878	10.706730761318644	3.4487809109859966	-15.116475478736533
10.58595364422261	9.784359505181557	10.899983163847866	1.854481858514591	-15.458347440580926
10.395175016267881	10.204128971556466	10.255816853492846	2.239462851693083	-11.717654077595155
14.547466016825311	10.332007811176668	8.479190827409928	.09517641190439485	-8.137744299152445
12.907636255304972	12.947512806107891	5.1343661230934545	-.11180874784601935	-3.8138963418029954
12.21892248261736	11.53764299835837	2.7826413582882674	3.3399079473956066	-1.720043768888982
11.299377243955217	11.800211765938307	5.974467176844871	.19125695129532216	-2.968746340371493
11.137182361084792	12.660450744869237	1.8092591852074826	4.213076399203815	-1.6950676905612057
9.078559874771036	9.964210492931535	2.3428730233625954	7.764403257495539	-7.809217091466513
7.845576280392857	9.954462489772414	4.036568956514008	10.730690744441647	-9.845343843753033
8.609416561985602	10.914691331192584	4.097804097722605	9.067750675056313	-5.748308177241112
11.819534635812069	10.856596403003843	5.441880547770036	-1.0457223801364843	-3.658635318328667
14.43870881034345	11.36392197711394	2.1595840570142935	.9716264342361347	-.09103740357431289
15.341800015960805	10.395427495684116	1.9783656704572707	-3.5520635707743233	-2.0099171915069483
16.011763800111517	11.041039971630424	2.033927747749639	-7.284323772115035	-.1558098047360999
17.699401144647062	11.440253913292777	1.6566584274688174	-7.780291705735258	-4.2502306036865605
17.173216691227026	9.586252584025026	2.823023355146265	-6.6048308651798555	-6.44235853294688
16.14124126072403	9.559124324182433	.5738891906723763	-6.84391706283084	-6.062269298530313
8.85911339098191	9.036751338697362	-4.437739505483441	-3.680147663111375	.6825645700292431
8.763885043460792	9.999047838432078	-3.3875013804047436	-1.9504912933195822	-3.814635662406606
13.0135145377886	13.398241019931303	-1.9644552791792798	-.40717850395382005	-1.4239550899153677
8.193388472889595	12.91910387138435	-.8097035651525571	-.919982982717282	-.6903717393998545
12.58531244490346	10.910753725229743	-3.814177122544932	-.6670702268063424	-4.6174855839812
11.023504864453859	7.987270417077411	-1.5265826085736163	3.4192190504594167	-9.940165397619436
11.905664164068796	7.923789722724029	-2.8853916275832168	2.5005801752110504	-5.189917475819169
8.16719531213229	8.081092077548186	-2.7188007573477946	2.2967264146016033	-5.204902305928463
9.2048693466253	6.785213753615868	.03409648629619988	3.514602976093265	-5.267339810634626
10.243174663396681	7.01888288044084	-2.960595908180684	2.903252147433026	-3.9992213417857894
9.505068054009852	5.424485700729947	-4.056019643017796	3.9092743139818333	-5.283239485858306
10.319227037199168	3.1011159945358617	-6.342195239025214	5.445458020449052	-8.461613392593966
8.544479262711588	4.362424821953748	-4.658768281091189	6.080735684025347	-8.834441966881151
9.503821689184015	3.9239295658394098	-6.719568348661305	8.590031149150002	-7.712672035426942
9.885672604706714	3.947906887049972	-5.167372172261581	7.855943854712274	-7.836997899399161
10.879910214289351	4.13591884639273	-5.990624329395555	7.5033194569454285	-6.425304799113354
10.878794591840856	2.2507570615978563	-7.029887213250896	5.311548310388869	-9.962472803996238
15.122577956554345	-.4447418481623907	-1.8605839989468507	-2.1714077769935787	-19.69827524454388
12.60975054574305	-1.2878852897815576	-4.342341016917427	-.7822219452492027	-17.81445490299691
11.52548747722324	-1.0435260410383216	-1.9037142393887314	-.48221730821681486	-21.167386804502662
17.434160587163316	3.5944314317797446	1.3636183498195358	-2.442885587204528	-18.864405607641025
12.769678877089174	2.434727988739667	2.8084238098601184	2.436825652611195	-12.454823340303431
13.210554951209565	4.421894376097377	.3173435641407837	-.11388213718384388	-11.772884081193808
11.65074154283339	4.933589701210608	2.0160776521944315	4.182510330023904	-12.437176389899728
9.096597209712638	5.19552710228612	-.68562459879413	6.263543539091451	-10.222962761056296
12.345334206546163	3.117885606939076	-.7179192375662271	3.076716856275632	-11.111447530650569
8.30834526671519	5.980332415865027	-3.361038138614621	5.277340982972082	-5.791616444360224
7.164537594015076	3.93649366249591	-4.4346535401322384	6.689056173702691	-11.782413655827165
5.981964186408151	4.748688218384789	-5.3439589840148205	3.9006097164713713	-2.1212392923618717
7.918724922328765	6.12431755817566	-3.925364572582729	9.527949189402374	-2.5171302270489133
8.5150898505807	11.375560543670298	-4.8111917048857755	4.108692825296188	3.1465334034765107
8.764649789893664	11.161612705729661	-4.363243300820047	-.6739594462816824	5.740001231135883
11.111977997335904	12.275304861859958	-7.437271548602657	1.9730301919699658	17.21152083323748
9.580842643796226	13.865494382646574	-7.6615334825672665	5.122166644139773	15.87836003192595
12.202900790984929	13.83541281004552	-7.4895723092446875	5.67034919328485	11.79588349110586
12.475899990797865	12.289686079524035	-6.8247585343627835	4.14186435410116	12.800961084322871
12.678067453371616	13.67104441003256	-5.828358482725229	.6127632854571754	16.588003916294973
15.566093330894818	14.807029544864404	-4.2846902151918576	3.252865831720413	16.005804912989003
11.24946042865511	13.129711188749535	-5.485997165761893	5.74027730692208	14.46135236858767
11.30508963121562	14.498928803596991	-1.1892030113889294	1.6102038047606448	11.234882397430615
15.202913518361605	10.251494325387526	-2.3135757285264305	-1.7108752906182318	7.325552079934627
14.38120618188889	9.170463467438395	-2.2670059281664874	1.174831081068157	2.5941819225871914
12.239405733927567	10.946138931256689	.6106217696522426	5.090928724444204	-.029661571708938794
12.901155598515832	6.994809827471609	-1.9929545043876138	2.3389150835976884	-1.7770759924918198
10.818166476661663	6.534756759900868	-3.954062710142248	6.93614893935562	1.1557660599094908
11.087360222247762	3.5125274883825366	-4.498118214110876	9.588553750151618	-2.8356008392181637
11.304138550742852	1.2694601287006217	-2.632769404929202	6.790109117340989	-4.284168599572654
11.44079960848772	1.473028058731615	-.6920644546784163	9.139488233976184	-11.163941806578485
14.668325691051429	-2.40601484723612	-7.4103673665817755	5.394257468603275	-8.417287073509245
9.664441751341487	-4.822103091810089	-7.331047612435806	1.8920905220353643	-7.378478758428701
8.463235656672495	-5.244019706735658	-10.974513910671613	7.035649691802051	-11.219549723171134
11.60699746723673	-2.6301518389976715	-7.199458734011353	5.467572554644503	-3.028060789524996
10.709502376663803	-1.5097766600540241	-5.3462109448386395	1.2033071135876257	.4628574132084138
8.086889986476256	-2.814437924205124	-7.853733419916184	4.435695071723018	-2.625048591180778
7.868884618313727	-.24049326035332586	-9.418282833911158	2.797704947709512	-1.5230067301189756
13.802508392231509	-1.6466245713031995	-7.3160212829570455	6.281147683463013	-3.0670794253539824
14.280088528984265	-1.2095259728647012	-7.011531417274164	5.960614120433859	-1.6139506382699176
16.151296367176272	-2.223906837148164	-6.872856470999029	6.739967433389814	-3.7262016264200177
15.885465218626912	-5.413330389074879	-6.1426338163769865	-.018301445061016275	-6.521468342406703
18.695546346482654	-3.503833763384002	-5.609927141162271	-4.66554165808555	-1.2097361919764644
20.54642276806259	-3.8942811361563483	-8.112886106067352	-6.315815230780069	-5.75635198831343
17.33965259813999	-4.032216947407764	-8.475550394187003	-1.4566534556895516	-11.241281771950117
17.334975130850083	-5.103618225900061	-8.732230284366656	1.4022956959540078	-5.159777389158304
18.288056986458475	-6.2924223050031705	-7.908414321205445	-2.892452721483263	-5.144591301864701
19.453888039138416	.7902487834585944	-7.11473253792952	-.9795989631204597	4.460767992829657
15.219227870600522	3.947344262125075	-7.299429342645389	2.863561838872654	.5307597431059282
12.872289646293337	3.2234537783554797	-6.1977276761661155	2.255662483249302	3.995942030237299
16.19060683180147	-2.026826428674033	-7.600944622417123	1.9083223125840365	-.6790687082747897
17.617912202202636	-1.6912288561829718	-3.5400117210257784	.5037398150218202	-8.459702023005644
15.499011174588455	-.3398340215368352	-.15252545514927907	.6773808940125077	-1.7135957051783253
16.37130007634806	-3.342158827114061	3.3003352211284516	-2.219855284996351	-4.376508839320616
18.400476090053836	-.2127904323701288	3.8886010480093223	3.822106487903163	-3.3808890876013824
14.215627216609727	-1.4749744225356043	4.087522317848016	4.4702269549629	-8.176622808478463
14.728665266761203	-2.396627909151773	.9533087504256321	6.171770452238889	-12.002848285819372
16.322054793618054	-2.293562445033846	-.854759855258389	6.138264956339389	-7.849783960096131
15.396602292370073	-2.9332380413177304	-4.363633193928205	6.230541113487664	-6.643165816670971
16.781595299590624	-4.059777618393601	-5.872921893722695	9.254615214789615	-3.8263773530749923
14.726022100417723	-1.193069267489135	-7.039868301992839	6.615313662860865	-1.7455397810751465
13.405247132548089	-.9825008474122199	-4.728095764397435	9.425010061792392	.2113700077085291
12.422738559705435	-.8113269679000784	-3.9882789835268664	10.79875470654999	-.5220685236690217
12.890527954801605	.3519650473361743	-4.27378537258031	11.087848866856131	-2.862559831294527
13.730967047729088	.49414963671872436	-.7266849457702742	12.416574631345924	-.3480840576515366
11.456863053680078	.4244056427247013	-1.94938264935673	10.916631658733102	-1.6130825041809265
12.02491202006595	-.5909703203795649	-3.696922176066447	15.878081634589211	-1.4854579551060543
11.899805444350799	1.7299632392206181	-2.4439680031803306	13.473762126851284	-1.3383936263256935
11.817632754986418	1.2599436150259	-6.743088102559323	8.932417402471692	4.9997674192848915
14.57068225552243	2.2894442079741926	-6.55897651663169	12.01422381427354	3.4129018599115186
15.110719649162759	4.338472012021414	-1.8790502870145098	8.786607320284041	3.8440375269043896
16.60067242943678	4.6812789489901885	.32994853920626094	6.420005148056647	1.0371665559720427
16.37667804453577	6.806662489401271	1.4894149066270534	5.486716887246107	7.201249641840036
16.153395221695497	7.21882664785815	3.4967973459165056	5.734382498909275	6.955201949011292
16.24730115057238	8.430524618159863	3.5767103696082043	2.2292551444229227	3.3439666545506093
19.940643447625114	9.119652763632962	5.164699081285993	-1.8467958236744297	5.752219256351352
18.41424043338131	6.724509282678971	8.862729328443272	-1.8731293229211299	-.21776501121412611
15.656126438608505	7.682836613801829	6.65094332352572	2.598417407703753	1.010301927892669
15.308554712330636	9.544557076397508	7.825962717047843	3.3003239155463953	-1.8006750438431054
13.232536996989403	9.753317689056175	6.337276680500854	.31046076002289835	-.8241063731341002
10.112695248579374	10.082527090614638	8.766219087109349	5.590912163772348	-2.5007541724481515
13.287644698606845	10.61265660333223	7.449608599057286	1.9494102633374473	-2.4629939876147318
9.896137564684235	7.977335839054585	5.074523313788149	7.749876163396463	-4.5235559173231135
11.363605696796661	8.628022804065212	5.811712436610218	7.4014217146937575	-3.2889469985230377
11.069718494942848	11.377247075602163	4.299712476519523	6.809760108256414	1.4210960154614525
8.049964008825622	8.172113009289465	.6891468536081468	9.156397851862602	1.899985017995597
8.933809607798201	9.211799448551997	1.9539491480332059	10.303439618941592	-1.1457571315340351
12.957061170538081	7.98283007327955	1.7878157190384836	9.108213035911067	-10.573704912852905
11.680145292453261	4.749370619221103	3.961390624459165	8.178575648910243	-9.409633488360871
9.40959450517176	3.3645535836376586	3.2737341665353696	7.17864799588641	-17.019167461165008
10.703941481652782	2.1507209067252013	3.223082120786964	9.945278995060853	-16.516499159780782
11.186419620209376	4.421706754834833	7.6847909230328515	7.6168695088782625	-8.90857868704396
7.593105587459688	6.386103876143444	2.3272298966850546	16.630170511360312	-2.392090230117785
8.859389797981427	6.978141795374938	2.4800651267835705	10.002332897443678	.31795352864539767
10.068232335217818	6.462211620108516	4.080824855479461	10.904890567858978	-3.4353785146772005
10.7271950956383	3.984519910591419	1.788909958868878	10.30800476671602	-9.429096867719357
9.179080398989239	2.395597550668013	1.3963238915007343	9.308450259328897	-8.380962970248058
8.489967736901503	4.837664845135255	1.552630396727984	10.93217018557483	-8.616769620527482
8.535341829447729	5.704278191774435	2.61610585082917	9.156430688319745	-4.09415712838991
9.559134154771158	8.107107701461324	3.2404347451611173	9.540070749207397	-4.23924449250684
10.00097166448623	8.502724499502364	5.0507791495995225	7.084058875243345	2.868579257828764
9.336991710905373	10.640565146126391	4.302570900794741	2.293320837679679	-1.7847618099752731
11.683178605027965	7.390706443749443	2.5420874060516914	1.2614112942475741	1.1557191630821608
13.441494957417968	9.67780917605109	5.001909789513461	-.6155513366413399	-1.0087412180557593
11.371967325431463	15.199295379777983	6.861526471618447	3.080709676807014	2.4516315825883392
11.187236046213302	13.956515296331586	6.212918949206836	5.566623377321789	2.170968810045493
12.085747671612854	12.491493537693854	5.522220901359839	1.6586497523957242	5.8834461897307095
14.7028679281534	13.716147994987859	7.3860451433222565	-2.9096169338763898	.8497344589646902
16.348556509154683	12.85573923934027	6.617576486336071	-2.7640084397531055	-.5183202606492006
16.380123600567615	8.089100456445262	4.024508403361542	-1.1520080393507874	-.4633053970968693
14.556281250042463	5.548940132460127	.8825871840699924	-2.1261881196957755	4.367521618832453
19.916938593514825	3.0634668333169994	.818830624470797	-5.114509429798919	-1.999873631168064
17.657025716210182	2.934114967489181	-5.128115248946658	-6.210941344008024	3.6436755059932606
15.977206322301326	5.272671465923631	-2.841354711727945	-.29011475166891154	3.5018532370050517
12.741402800534583	5.87541574292963	-8.37145389620141	3.0190640181217363	3.9186300633023823
12.943320635770029	4.388011326365771	-7.68541222535713	.9746863259580751	2.560031879688883
10.960774472367964	3.987662547366995	-9.0078769747391	1.334964825639723	.49190972770999686
11.237137721615282	3.6880092941404223	-7.509118430965078	7.0516063269854925	.2786608029412206
7.426229452999221	3.8681973579925746	-8.9190309137323	10.28172857958195	-.8980993631198809
8.57625542807586	6.378676162758667	-10.479614890054812	9.550465852858627	2.4179804502790248
8.824681587892407	5.596876823426393	-11.561287827468227	10.744632634314655	1.7414896589436868
12.991005013905246	3.680691544976948	-12.312877964037153	6.349369077366434	2.5308098998691295
14.30505568078948	4.644752917338379	-10.625443861376706	2.295174799076964	2.9516716839150985
17.754169486404336	4.474687672586706	-11.956307742691605	-1.3668587987633787	4.274180888051507
10.468147300562372	3.133456361271598	-9.37265639307633	3.1501095857040244	-2.608307300060848
11.04861496864524	4.590624877776353	-9.260882674617989	-5.211905057615519	-5.491511910130751
5.668542562517232	1.1589720614345556	-6.409332741415303	2.564565679388619	-4.82268797187846
6.219945577532432	1.0823712054191685	-3.468723332957386	1.218371025161677	-8.016939074674815
2.2166907458958622	1.7295622084656148	-2.7735228175857336	3.1468107506191982	-4.230422215629177
3.356649874280875	7.909622661096649	-2.9470072495804596	-.7395334843631713	-7.748237960605511
8.469243910345291	8.367347392950686	-.7418197381075753	1.69300111514369	-7.556191573280509
8.345128842096074	9.205901240857552	-6.283573215734263	.5767797773475505	-5.69064261470956
9.48619576108002	8.644814896439797	-5.788284628490695	3.112388978669361	-2.5686092957474598
8.476536704489554	9.845037590094712	-6.494255151750398	5.444991150370189	-6.662856933753908
7.245166925381146	11.119439887240574	-5.36624885306781	6.8376547165634625	-3.5825070824763223
10.07319313031434	9.583800920316728	-6.434202062598421	1.9279590420658184	-2.3258478674800376
9.951389397038875	11.953279944931099	-6.529542730072215	3.733441151764951	-5.888446921730107
8.259429581223152	5.840861907235569	-7.127799726326883	.1755892623457287	-7.851151803487062
6.310696492330422	4.962910916560901	-7.817414643804923	4.055741314979929	-11.499309178089552
9.599975892205645	6.371572440588453	-7.348625921969384	2.0998354405354056	-12.04300045713141
9.486423145837948	8.183064548291728	-9.522992528038042	1.5438572601664222	-4.730498665588348
9.10403614672443	8.818143858717615	-8.611798993523141	1.6421942836588248	-3.113403629227566
10.186768819201843	9.961845027228726	-9.23815479010686	.17756368899399	-2.841044208253138
9.780466365506852	10.86461762660061	-5.520639302704664	3.5348389462007783	-5.540412520460908
13.317741211709807	9.455786909722464	-5.088029340945906	-.7552991575943007	-3.389760801660321
12.759931566047877	9.61041159930132	-8.105124012953988	-3.075419812982979	1.0981663431238327
10.629577571035947	8.554402439111485	-5.33241112139861	4.205788703888305	-5.7212332688915435
5.285603814098755	8.155139723395814	-4.725336281963307	8.120715376469256	-6.532300629955693
5.958796974682437	8.134720854255798	-4.6472347479183576	10.231876808760923	-4.2569335777085335
5.430507471427516	4.444025376543955	-4.959384581829003	10.825276232058538	.7335398088450193
1.8187915734795315	5.108851158847196	-3.0793079536790793	14.166774937168071	3.5140607522260217
1.560092238587324	7.422028487630316	-4.817204954211128	12.868895744829445	3.9014054558229523
2.1092930130971164	7.779205853974005	-4.438551427053395	17.405771587940393	-.8664163409869023
1.1058779062421853	9.560690883372088	-5.76882168077191	15.424372008760388	-1.0693104607304105
4.511703801606603	9.196765734810782	-4.805683921800647	14.287253961857145	-1.3672274721991795
1.7968255264687587	11.473463192373357	-6.7636798591598195	7.102622992071072	-3.257127232916098
3.3393909396101975	8.969360565429207	-10.003245555203076	15.1603656767198	-2.3235671371911866
3.7206885356177555	9.341609161161713	-8.840600923327036	10.924323883933312	-2.9034924612412496
7.279161493619408	12.163012324493769	-8.594047944369516	7.301463231521304	3.3553932858283844
5.7184546904695726	13.14776703855201	-6.783055916115913	9.587365220623212	1.807954885450392
5.0606840774213335	14.913326701968412	-4.843015265284781	7.89741851213393	-1.6234125005420967
7.754267159829786	12.438067891499585	-3.954269831649572	8.250383710913695	-6.002469918734918
7.397045156882718	12.482047761853167	-1.6843383851408518	5.10684593662244	-6.876091152127785
6.384950584533319	11.472128794015905	-4.952535284197369	2.2150875150238516	-6.387530366472796
9.497163876687498	13.305858783534179	-3.356296475674843	-.7536947320773779	-8.750470405447436
10.495956412727395	12.16140270856799	-1.2876365763981177	-3.480313433203498	-12.526790085811518
8.388646091457542	12.10207814685976	.3994107976114536	-2.5756771478931135	-14.968332368118588
8.069224236661002	10.832319150337124	-3.865295854448733	.876298617582807	-8.477920922181056
5.45612611052394	13.303167489596914	-.8073308436471335	2.8746511747089287	-6.41611665449603
5.315339834084131	10.789680615944059	-2.5559487601651854	7.774572396108863	-4.91015610350575
4.702451907739833	8.209733966608889	-1.9088392702034758	6.091583189133626	-7.170859520965905
3.754627799108851	10.200458906053758	-3.998685378822557	6.795144332238135	-10.368282638671054
2.68846732243167	8.4152629302355	-2.6997339135040095	8.285004967334997	-11.766349456459695
7.957328588803626	7.026252366642055	-2.8282721591384843	13.094380721992879	-10.94374760190897
6.48487547861829	8.113895099911261	-2.7143188486826184	7.718139335912892	-13.045101461153113
6.541967393060295	8.89446439392356	-3.754356132669164	3.075917095554552	-13.206235053329703
8.922945201053778	11.05114272979043	-4.940456549695303	-1.9380457197632783	-9.100160261862161
7.85003716640069	10.799994677613158	-4.398514471987348	-.37598134979482095	-8.418044829705453
3.8583746941389965	11.802348426818185	-4.5671371445577655	7.900849252538064	-7.974023034713365
3.79602071929615	13.656455462802251	-3.90486090524247	11.411752939504508	-7.36871340892394
2.205849111216989	13.878046601525323	-3.057377079064026	11.39996167976438	-4.6023600383820025
2.4071828319288464	15.870579571634192	-1.1872280431279871	11.110153812585342	-2.5412201476949328
4.932043572110381	15.738364216647572	-1.7110177936908364	11.523795105344359	-4.608962403185868
5.103731244222146	14.361505495842934	-5.315151053770517	9.401966517299973	-6.600227649524281
6.012014689460816	14.454404913713432	-6.456358888771426	5.60490175491361	-1.071633112488375
7.434913833763221	15.49798732338526	-7.774479397625177	4.286200083652338	.9234887845249523
4.664591608259393	16.328352438390212	-10.961091182990632	6.46314672168687	1.225689315508804
5.27737930901357	14.892667573835775	-10.159975570858851	10.385352250422258	3.222455209224285
3.984278342014946	16.11884102670209	-10.182979877777989	6.282560029126354	4.182620689984494
4.839488973871096	16.38616500598046	-14.547032725198356	10.209993975013969	7.608095497477002
4.117586053420078	14.914509416327714	-14.449387499458663	7.37015626318092	7.564651659897614
6.09809017890583	13.920073813789	-17.114578893814226	8.440800390782911	7.173397384293214
5.638952675589261	13.059841526159246	-16.364376966969914	3.9719970322715747	5.848351432868579
7.722443213313526	15.134394308907762	-13.57442266259525	2.5600514308281985	6.8499160935045325
9.34007880982872	9.608480956924849	-13.558721574269315	3.4509178634126068	.3031821254459284
6.210364952341327	7.593933256219847	-15.374100119398333	5.516570565117297	-3.6488301078713983
6.345990082788642	6.398929254408289	-14.555116885235874	3.6598487985379857	-4.786498047770649
7.726338925332128	7.61937496737283	-14.305147991907779	3.967536131898166	-5.346209701763446
6.8363399213816	6.004039738532133	-17.08752456324246	5.032353913866989	-5.534968222717968
6.468990732419777	5.074348366412723	-17.753008411210477	8.17028625591656	-9.598966615697798
4.281599531895124	2.3354273292680565	-17.531772824837425	11.648803412073814	-10.77355278857168
-.9639705513705006	-.4582862279630744	-18.827670328262105	14.85842435174533	-14.377364929621125
-.38735620921914166	.3163796129813961	-17.73341196645557	13.837112669273347	-14.739370319261425
2.9749891774918993	1.4200485689682782	-14.5470263797524	14.317039954790213	-13.389774721502874
2.2546458082939718	2.8436203072588437	-14.743493792752952	12.645141064108556	-14.261976305746751
1.403805865448804	2.1942540367282106	-15.463176007315399	9.392720677100534	-15.461292586648046
4.095459238305446	2.777755611407394	-19.16289967624787	10.190171111338623	-5.465907476199189
4.4798377463861145	4.032253862278254	-18.3180199184447	11.815829095555772	-4.300983968828616
4.332833204528133	6.3432700924878995	-13.93977840460939	8.755535205172517	-6.842973499503566
10.081509337136698	6.226130284804203	-12.682073752611549	3.535617920011732	-7.418689466566934
8.165756440344142	5.992047186490199	-10.413554727228902	6.507217537693052	-6.414906728678047
7.898399681117822	7.0049591208276665	-11.052745747428034	7.275121967629975	-5.732515833358852
7.680897305440791	8.688088393871983	-13.228142034545282	.7879802231088323	-.021957737554309298
10.127972326487944	10.055474326560578	-15.540889849517574	2.6230962433356417	1.9763277029535995
12.644445028066954	10.456544145741061	-16.131149977175735	-6.648143246744283	2.695063145163346
11.70555625517343	9.902222692850655	-14.416684146224126	-1.3318227681498893	3.6433168383806964
10.857605380221289	10.370741324918582	-14.974283103647616	-.7482675069424031	4.731891462267119
8.123579015602045	7.667515943884251	-16.054914411293296	2.2894824126603908	.6434453009590353
5.862970314725132	8.009477398557895	-17.295689676607306	5.017213466650651	.1391314733884158
8.009119236809937	9.336183186140778	-15.698864270287908	4.47369016694042	3.252718788987746
6.778921495693841	9.53885469381094	-12.5004923000372	6.8056401037922365	-3.8394057261328527
6.551079310368126	6.7338611677810665	-12.472849512091681	5.43457554317954	-6.250781861908772
8.453391950127752	9.155067742611315	-10.468214377124957	-1.1805826722362194	-7.446577540404186
8.951341518137056	8.851133037603882	-10.179154839882857	.4627559407465014	-11.382552759188002
6.711559626466761	10.27981036749404	-12.004574486425103	4.159868878963427	-5.4464272570296774
8.391736781457872	9.602993820631754	-15.404339137172123	5.8352371056117835	-.48114031250349254
8.132151248329409	11.689851107019503	-14.234337086499607	1.4850721851149193	4.981482504591106
8.797120035396466	7.243464145308524	-15.010258614818687	1.2258965901435386	-4.2014320226645285
7.876768049580752	5.990930632173635	-11.872950211107035	2.731519656787638	-8.304851250379322
9.831568785620966	5.214909718511933	-10.984055192617104	2.90130378252535	-8.639324017284927
10.702791506418116	7.58599787717793	-10.442528215928702	-2.95837919587966	-7.042548078613404
9.950247867526471	6.031365735897731	-7.979180615891691	1.4650103201398217	-8.922084186032851
6.884956032462521	5.006877019445964	-8.735906450765087	7.124867398005875	-7.757282053130246
3.926498899332254	5.52882892578149	-8.036664998442284	5.82680494420114	-4.898364751635098
3.5954877386729165	4.763097630906448	-9.278157184545924	5.011184949660215	-2.115603409868211
4.732455427260881	6.266423555493841	-7.015612461378337	2.5104202388600223	.42005090419797186
4.072733189562377	7.577200688324346	-2.4011363668452064	1.2822939708585606	.8571778977251872
7.272867186516742	8.55226806129994	-6.000158528006071	6.476707389338652	-4.820445646772886
4.05082539056406	10.698179952215355	-5.3114972162685135	8.629096689319343	-3.8676762078865936
5.268868992935208	10.328692380568748	-3.8314284801972955	7.349003070648487	-6.536373947642121
6.965504481353124	10.078123372535238	-3.2772769456104305	2.0148738544828744	-5.578650083551453
6.020884368938759	10.06462276163379	-2.3846345914046037	7.254922368948097	-7.939420566938012
2.9633983828952264	11.528154850142526	-3.1751564406283066	10.863292588739498	-4.853097840103733
4.515945970076099	12.00045279118884	-2.1077774528541946	6.69976941780914	-3.951334484797552
5.670194059235414	10.974851572176648	-3.548752300756816	6.8738111264970465	-8.59078406513458
6.195168544171834	11.60017017405625	-5.673317614612968	5.24306493425033	-6.890269115737717
6.399046386470484	13.15920884191824	-2.911735670162412	3.9697419533636378	-5.72538875071684
3.459580027438257	11.532223091402516	-5.73594305745426	8.0731377972514	-10.846848952680595
.6356762971632217	8.810340901971976	-5.498905748879956	9.435181731695343	-14.548897168168551
-.3021587333722122	10.782622199294602	-5.663317462192922	11.629803788703425	-11.963826582243042
5.177304273994256	10.832793109930067	-8.04563040173293	3.8081709294305	-9.022518386442728
7.781009605728351	13.01417275911722	-5.928575860701031	-.159852826462494	-9.51487036368682
8.553646491798931	12.864036419292395	-7.4675317837461215	-2.4953381909719727	-4.933906510255598
6.9504190584386025	13.44956902689346	-9.46901665430396	-2.0779522457440103	-6.306274172802917
7.575819434861447	13.156335361773875	-10.988287610437919	-2.6842761500062666	-7.513347431703388
9.710043642881713	16.833423633525356	-8.95115667677418	-9.084550485002548	-1.797116091748357
8.583806436436152	18.83968513687668	-9.665136140120547	-5.507724385100234	4.301741330461654
6.491376826433361	18.488281813133547	-6.041272627113228	2.286517146249929	-5.159058175219049
4.911775874492635	16.632618663258672	-6.896135916356764	2.2421811849176643	-2.6772260878125484
6.959454095000804	14.69246691894909	-7.13915244325839	2.1952175406920995	-4.960087203541762
3.611176041637021	16.77618869141382	-5.26135679015663	5.6575013162297765	-4.900301645657227
3.3666439640446253	17.802464131947648	-5.960903634785203	5.776643493795466	-2.658189595874509
1.900027934138052	16.682842923366422	-7.223203694989732	10.978721405299734	1.4046124206672403
4.068018340916887	16.21693104864842	-8.127249943896881	9.025880135589322	1.8892292181228023
3.7528013829541655	15.780503792865975	-9.116326858246657	7.507572248227984	4.827261551685335
.5310201280083426	12.763950427542127	-8.043067197637635	19.603607675909984	-4.033242642656219
.18535131576102198	12.745399504528407	-7.625417785270144	17.293789841569986	-4.100371008321571
.43841789015434757	11.891024182147426	-13.937718713709152	16.37962058262443	-1.5969198317903768
5.671924025965392	14.451436841022044	-9.73089670875399	9.86855582273244	4.066399792963432
.9061242584222272	16.258250424586837	-5.95090567538222	16.969139271377937	4.690236000628313
3.644659333522436	15.129485916646281	-4.468703987372739	13.84194813947936	5.0624344743363245
4.897434411505686	13.281074861944907	-5.412994545875858	11.720818963826282	-.43757305294451343
3.5380897551862533	13.277390924804013	-2.6183075822876956	11.692903677019418	-8.240595584812684
3.321648966442025	14.854827185099298	-3.8555727328197964	9.957369412417515	-9.843514403893165
3.8179941459005384	13.60668041981805	-6.074152133735881	12.221244375956779	-4.5571114861532775
5.476267042488454	12.306895076618058	-8.084469212293595	7.217814657800912	-3.707271287107604
7.525214035194007	13.364742247075663	-8.317686250349155	5.477246145765481	-3.1647502760285486
8.990824216419991	13.679109719893395	-8.368533807064484	.9702313668230598	-2.556983834324974
9.399749428006938	12.714058864476854	-8.68246992725429	5.9196191295506235	-.4785327697092072
6.102950792708144	11.481555438708822	-8.86412123225124	8.07961545633879	-4.431306908424089
3.9482502079124773	12.194414496289205	-9.593319972641375	4.880987385578321	-1.6960790264916028
6.626395203407934	11.742719130549906	-8.084304453192926	6.159956335265663	-1.8688442569650205
9.119566577315071	12.728021204264504	-6.826292664715862	3.3695561643509304	-2.680758144849658
6.143800130253754	14.157818044739912	-5.608046807301651	4.45519531548709	-1.2595624383805073
7.431345339542116	11.972122279951828	-1.525756292365599	1.2712302446532258	-10.711208473258687
7.0432730865658115	14.54255030525391	4.2460146858554895	.1310363374053447	-12.107740414210353
4.057069669905303	15.301367991136937	6.1103190355306145	5.644614497144131	-17.171255237765326
3.740643390975875	14.34365319368676	6.2059654275051575	7.237388864765141	-14.679934449826556
3.8714781266940053	14.917492434772873	6.255060890077531	-1.2780331445810198	-5.768863448297328
2.689669353740567	12.601686937504768	2.883442502885274	2.4703197107166757	-3.8460318900674726
.7135876020017862	11.79994237836167	3.048833334827026	6.092984831594746	-4.319981294625041
2.4220565713796764	14.226088894020307	2.710894364065923	5.041863374073059	-8.427734200174925
3.6406397527218894	12.541753014497516	5.974490746896077	13.617741274474751	-13.66441507742999
3.8821440049346827	10.522479865051096	.49769936394379666	8.73694130593003	-15.70690710350438
4.888484730565459	12.89441984853413	2.2811606060035983	8.658435289526974	-13.311830801149112
1.9122649704240695	11.672114347171375	4.600074705500298	11.113178157406459	-14.611124700951816
3.3010093308367843	10.433124397554398	2.6544607894463543	6.3002794984902515	-19.76204514410262
7.818181607104355	9.205874967284712	1.3013952765274863	1.0149139301525247	-14.583492793469004
6.203882516297416	13.08407445141354	-.1555909851551074	3.7415525412798822	-12.786919800788032
6.3762750107982855	12.086373647404994	2.818424750626286	2.1716814691319075	-13.461386183764002
4.0529919230626135	13.179639719692304	.951460432825171	8.722749186764847	-12.194322568130563
6.096857042631022	13.935870558215045	-1.4398269615068777	6.718024933257225	-7.051830376490036
3.6487152886016547	14.692629308886364	-1.5153974604153817	6.72718257191149	-8.356775772269678
1.6038837194007507	17.21900375648253	-1.8744848305938828	7.213063652410171	-4.367147785382473
3.0340851332067214	18.473972746457733	-1.7444374480944866	4.187863819090048	-3.609488056736999
3.7617471043031614	19.07193411128265	-.3630038098823874	4.020536150535729	-7.612543732487243
4.652578311057696	20.667399804068477	.5778369743407816	5.674942974841525	-.8756274857937134
2.7390036897342998	23.156165817490315	.6291363336151382	6.213583186160757	2.3257766729747344
2.389755547861123	23.888685174796766	2.7044164509875084	10.258776366072013	-2.5883468401301424
.832894587952543	21.865637331572188	.9213346240758701	8.299424385630486	.4483566091848833
6.872413658911704	19.92896345439414	4.6775828237256825	.4512006091455911	-2.8446115251154294
7.43382525791853	16.866352268907903	5.212391346228389	2.272930991003148	-8.78760751009601
5.828024606648874	20.21135293975449	6.912164049298579	4.180752899731521	-5.788513581382612
9.379881295492797	17.949585078960986	5.895054167268882	-.021559813856649068	-10.698388049929923
6.707216252898018	16.139977958298747	4.2176773445947395	1.3631613134808653	-12.407309833208165
6.653005289869199	12.726644547016646	-.5646737880963095	2.9890575694838746	-10.21523259754975
2.5007049869576554	10.694513030411912	-3.2867875172326064	5.582177000811706	-13.039141068553587
4.109200755073098	12.229050955062755	-5.333188460238679	6.698258803359028	-9.970925103673578
2.566600190205068	12.746033869894331	-4.205131408275431	9.339662677482156	-12.90366425969005
2.773681891000171	12.388863753659908	-3.4794895632698744	5.120757643677461	-11.202860933242413
7.335206202443122	13.357646628227924	-6.004282597111569	2.0802389970347748	-5.370131315235583
3.4170319849609156	14.638517200854771	-7.452649926483192	7.420215542287317	-2.47343188639716
4.094554595924725	13.53300449750458	-10.103532189328996	8.02166190443742	-2.526074358670919
5.180078482801313	12.925444423956524	-5.321609297315332	7.1284464556829334	-8.83047381987445
5.277241958987918	10.947313538727395	-8.465796420802054	2.7732778047019893	-4.652848655121258
6.181276766970374	11.055980659598255	-7.3850515752029375	8.479390288469766	-6.067217096620667
6.316101553223396	12.735247280204288	-7.053878111656973	4.40790210284303	-3.7393487685399784
5.894094484981434	11.795015784743596	-9.559272184595525	1.2843993613630038	-4.539935981518137
6.743983956204239	8.50389895697879	-10.80703175785795	4.056397845689117	-7.236083413272991
8.421036458120879	8.95937792353289	-12.079552105272358	3.6388782514986824	-6.742098298594435
9.379232785833903	10.045879523029638	-8.840792027498672	1.0768808587125056	-9.006294706366234
4.5795996869101225	12.245381519319997	-8.789269343590792	5.073955051179277	-6.955013554612874
5.911114290778827	12.828626794844114	-7.9726231499687765	5.1198393524959664	-5.412581244115856
5.991068205144568	15.950157366499857	-6.224515335763624	1.0932136660809975	3.9785349020162584
8.97782683840218	16.199310380297266	-1.8281991386428942	-1.803397287034213	.781197782286194
6.536664078323893	11.877881890688132	-3.8538540744967893	4.2912087523255105	-.864237675603853
6.1160609616045445	11.290989933074362	-3.828182379971036	5.299027576393171	-4.766463503240674
7.179203984781172	11.79715160307069	-2.1526372361595256	6.682127990385596	-4.717646491092794
7.297710203526252	11.898340491528508	-2.7609214047095376	5.521646975970132	-5.355995402888819
8.409349901216467	9.823097786710576	-2.0696740102667883	5.841191989446081	-3.7233597623186245
6.925863731391271	8.367217577419451	-4.677112340278394	7.717984631429379	-6.29940446589423
6.673532485064116	6.198370294543605	-3.79655543282335	6.545382337002584	-9.51608182826959
2.6850095104869895	7.157352684275793	-3.0297369781407633	9.290619364248622	-3.9226430130787686
4.097295470912288	8.170456578759419	-2.1786702504459408	7.2193844268979195	-1.3612608498541507
4.495431115562468	9.410909833053381	.11614463732184378	10.7724419959613	-3.486342237965406
5.972997468504261	11.254245737535033	-1.991577369842625	6.69944167259962	-.24041976722548197
10.116420867879242	12.083685736203686	-2.841301556231012	-1.9585127255095542	1.8750288607826864
8.7298473531534	11.862820054449584	-2.983502691206536	-.3046981732772389	.44623824951170166
7.282130548916501	13.872679431656325	.2352150189490967	1.693136495000664	-2.071682864493914
8.62520518480798	12.362708040916981	-1.4535786626106781	4.57345676209149	1.0818168500556848
7.652841333098484	14.505488202265028	-2.6224468528259335	4.8529183104405655	-3.7962545010138466
4.402600131574068	14.479651037237877	-4.427103571923379	8.462332367550246	-2.8899380553583223
5.506569783430996	13.822490908117365	-3.9759843500708136	7.493070508318229	-3.058227845734056
5.299801302766137	11.575889064223203	-3.2551332032104083	5.066869724122159	-3.829825355060434
7.324490950183536	8.401391329144726	-6.696960514395954	6.512284975369408	-8.787519434809138
6.770912273027615	12.05199530214922	-5.257390151830448	4.880804458417757	-8.101946040730043
6.463472838037269	9.85505619249437	-6.792334074679997	3.755373599215292	-9.362977761134308
7.664603989292293	11.952837812889063	-7.357688306887262	4.79351153124592	-9.236681416608029
7.625766758092223	10.44229783764819	-8.936577937436095	2.987520616917506	-4.0752306340373226
7.73655386142842	9.228260860447058	-11.64406405657189	3.9014243806212403	-1.3382624364334255
7.5921866935124385	8.649093867781549	-8.381985278977337	5.125651330797317	-3.403025113730407
6.596510253976256	10.10827513937406	-9.513983355241203	5.321073442763298	-1.104372640390482
5.972151115474803	10.378724855567704	-12.053187403222319	5.2296821152688535	1.7173424903221504
7.14754153141897	10.530525327099213	-10.333389968860565	3.248654949907454	-1.2682149223827213
10.723094929174415	13.431748603309154	-8.999647647158199	-1.2113724101360903	2.3431040197433624
7.259447288555638	13.45488505916257	-9.143863058173036	2.1998052443406775	1.225541873157909
8.046455152543007	11.436140735326202	-9.191369516902741	4.382299194522044	1.1004579703912698
8.093956854562608	13.105511971190701	-9.782059216151312	3.2757717742388426	5.121009792354645
6.115642790118462	14.414321902726051	-9.676850059303645	5.610231144696382	5.616920434461933
7.29977855273657	12.75399606235905	-11.22042786526404	5.109283352122462	5.395132911005871
4.305193801952275	12.054984515499772	-6.905645642360687	6.801879838734627	-.3923862536017486
5.34752574890097	12.512900532388848	-9.48359586524644	9.004627486388484	-1.0481898414783832
4.210632076387333	16.085202628390764	-6.115270567091743	11.193280366830693	.5331528725185695
5.506155664711566	15.72637162658018	-6.1851984291327735	8.097041949492517	2.802536856481694
5.1533675186375945	16.42780770876858	-5.989732626271244	7.490295037438187	2.596340507144175
7.8895280641389816	15.220830166363722	-7.921506221518509	2.920151956063818	.659852576745426
7.540958659520597	13.628039447212823	-6.685545614628734	-.8970699159925049	-1.3654902206397523
8.02376368270504	14.395541428242955	-3.762688285796382	-4.233134878114185	-4.134456985801103
7.641810779414757	13.814060520879	-3.9389101272429503	.12140389625699999	-9.277740622811262
6.115597462549786	14.481481609353574	-5.263100108582275	5.939167579382108	-6.207394746088489
7.253175382111889	14.299546837542366	-7.577057945001089	1.5856718457737595	-3.667902018136636
6.495444073727424	15.562855173923163	-5.7947391758136195	1.5450777453978146	-3.9518149260068016
8.115487593732945	16.204101849049216	-6.0850261534663765	-2.5507164373337705	-3.681130227538285
6.524601372054345	12.849047113073198	-10.452131878783998	-1.1264569572149759	-4.102812339092689
9.671478746797785	11.207003551556307	-11.411727391891578	-1.425455519933727	-6.550178216626622
8.98009889883519	10.885783853803774	-11.51355281917405	-.5901278671441731	-5.988677798253054
9.35565129917261	9.035112062626865	-11.987857244121821	-2.7207707565050505	-8.243906825426173
8.115609098630493	11.567658069213353	-12.46818356959676	-2.908962578945408	-.9921122393333497
8.643014837525854	10.037379799251973	-13.103306363313747	.2915080027280157	-4.9678462422321505
7.673128320967784	9.551275840246316	-11.811514404696211	-.5292139028549134	-9.377421606402406
4.204354740509854	9.698352935820642	-10.05066209351875	3.253161110698108	-7.4816105826072965
6.01553928984244	11.452952622977733	-8.991183259536596	4.719128408658875	-7.279559355952251
7.40161996939225	11.272617516064587	-9.503588850707075	2.641093148562501	-2.7315020708496798
7.47654649728731	12.930040421740102	-5.864321072289293	1.5067813638914507	-4.938286617068836
7.638691159841492	13.36810585341834	-6.8958069798454265	1.9554790312052601	-5.954858083058249
5.813396248321779	15.595198071212884	-7.117885139610196	1.7006624202955862	-.24355247681646497
5.409242378375801	14.626865940968141	-10.145507889189561	8.740283256453623	3.1687637876313355
5.024086792703887	16.858571651193074	-7.806362573367496	8.943758144171909	1.7183462209056466
3.7789742590203437	14.5073191775077	-8.095931108505729	10.853776246636137	-.8203978740585105
2.628496579446526	12.363586852326135	-5.53608192266226	9.041887999344208	-5.054380408770779
7.416754871474295	13.173767202397503	-10.812644536832497	2.2104162414498885	1.6594141073118478
5.851074385986985	11.934610289296216	-10.791260741080746	8.799753242184032	-5.6700226104965195
4.046591452613265	13.539128666652342	-8.697357603746884	4.420682055849104	.32771139962561024
7.71186065242364	12.092867125913152	-8.671110510154362	2.3266860204568145	.8149638685745657
7.159476862583823	14.000721555047745	-7.3277956157702455	.6658478777572313	-.8983199773411341
4.163720473299367	10.650021895944597	-10.198268109890625	2.652721296813813	-1.2220960949038226
8.136353726086787	11.006914166393225	-5.580404251999643	4.590109793541012	-3.7257227358463
4.531621910998056	8.744610207874286	-9.711166567631485	7.724086732904876	-5.137019049090455
4.4752045360198585	6.9901656488937975	-8.675317072134273	10.024059531973752	-6.541721055939415
3.65264703862248	8.08475395765939	-6.341449174377302	7.19452709935017	-11.705438431490242
5.811083052097875	9.313697538678483	-3.2107685352713027	4.837700908123226	-15.007924429766913
5.449925731198761	9.008761679110215	-4.227670455857227	5.765392045509671	-11.152790214781962
5.243278858431095	7.77721172007507	-5.18618922619693	11.453843976691836	-14.486329760846967
3.806032846851168	8.74349894257279	-6.382551455768929	13.639906801183866	-11.83509501895732
2.769643924077465	8.22050082458955	-5.935343002083361	12.478732361168934	-14.105307724906664
4.409343646742743	11.484071057914395	-3.325523854143351	4.795700158006201	-9.400291891030268
.5392272612061726	9.854893767759345	-6.0545946444888825	4.710166937216351	-9.076022232906984
4.313199815346647	12.808905498974964	-6.15745876903771	7.221654972253502	-9.699295657578206
1.4100060191322648	12.747452743071104	-7.612559880976443	8.5591239146065	-9.85478305201719
1.215919249758483	14.59234123296835	-10.486233844303257	6.576625763740584	-6.049971508719361
2.41002195920625	15.43130364803878	-11.129727967076366	6.894194767019716	-1.0961838041716727
1.5967209307065804	15.067439689809373	-11.474052138881436	10.595474922326307	-2.830066837411615
1.128213941906751	13.910861509638009	-12.395066041002245	13.16624853285098	-8.154558993638627
.17901177447067806	12.219511589790773	-13.391681637004334	10.422744623088207	-4.138653203042836
2.959464244148172	14.16925456389104	-10.053709248725648	6.84629313426019	-5.07212714625692
3.1846543040615103	13.60720503895193	-6.867987485737182	2.4200797164523844	-8.620252535041029
5.959162625361151	13.726299501820456	-3.608870355568229	3.1717716020722992	-6.958482123726612
6.0476464952896825	12.649317599459375	-7.159901349591022	4.238355863307181	-11.47663535871029
-.1190007937203923	13.51531827872364	-7.993693241481401	7.03145141668117	-10.07397889128064
-.06384343201438614	14.70270552091752	-6.738832062157378	7.0351978052083055	-9.34583762375473
.5791619176796459	14.365914373592798	-7.837180397872219	10.115195865360661	-11.919619817899786
-3.1598028348421217	15.25962370386003	-9.162313772405877	11.943833048911062	-8.031814298473813
-2.980071473744702	16.396638924787027	-7.9763104269472285	13.4699602885303	-11.21250268772368
-1.674267403925861	14.48406679070254	-7.876075740943423	9.639328398746585	-14.433355315199258
-.4929631233750872	11.342389065602049	-12.62510285517229	10.031203881823167	-17.803942964678136
-1.3256493007091223	13.091209800282991	-11.753514541040097	11.655879324291233	-19.04982681973704
-.5255451640713926	10.28710287488154	-15.691453778126998	9.182997482775479	-13.360091268399742
-1.5494400831213335	11.237263974439353	-16.118442685169363	7.5153793229723584	-15.286187812024435
-4.496505612184734	11.195166484548652	-18.147222303307505	5.620845382877496	-15.130212239620812
-4.7663708901405375	8.780077615237579	-18.79621379644135	9.132992651910676	-14.662975911967393
-7.882381838524865	11.77198700790373	-24.50075815371446	16.2123831178162	-9.333757822889838
-4.977161966734234	8.502211912710434	-22.459810696290862	20.313279167500678	-13.490390326326569
-5.404929816607922	14.609589612809664	-19.552258958668066	14.583512017897913	-10.089944123770561
-2.6432053407723854	21.473902655353474	-16.170223967362535	6.566396284734637	-2.854220479085517
-.4508874178921096	21.564543719964885	-13.616616060093461	5.01929125834982	-5.474156464027789
-1.269719332981794	22.711399328741827	-14.86270194228837	3.6310370289905167	-5.408778042098271
1.0930701526888384	24.039364820896523	-13.524870867523143	-1.4012859001600793	-2.797175333792472
1.6151156171629149	24.01568875625037	-18.047763978889876	1.0838773584835009	-.32652000196232567
-.18486380842634453	22.155467507089863	-18.719852962021893	2.614485232432952	-4.222083355673478
.242899783951796	21.767171705289662	-16.201665480740335	1.103046182887492	-1.4287553746218817
2.7934514263450216	22.12762395176045	-14.648255053348146	-.7118254825602861	-4.4576692849133
.3310619640853715	21.449998938263253	-15.4186852432598	-2.894462400736418	-8.92837417502425
-.17655908992934266	17.93389155819724	-16.95098909309317	.9709753677083399	-10.618123206074165
-1.275958652987034	17.46892522260446	-15.093693133258633	4.776153923780741	-10.541732122892466
.2616997339443343	18.918603680217654	-15.856618823998092	6.844511728715389	-9.013512595828105
-5.50094780916806	19.66318142408442	-15.561565300153429	8.622128980847343	-10.197948080391173
-2.2536795990948635	19.341080706037925	-18.288937019075497	12.662752175502535	-2.5239082260249663
-3.9508016377637674	19.24158228965349	-21.332371409300315	9.481905224186164	-4.5592260590218405
-4.15624972263274	15.954074310050672	-19.67856188258113	9.684446904749517	-9.677336763746132
-4.147655831900878	20.523679722603607	-15.01392531340343	2.9491312519863255	-13.880341895177526
-2.745088291432017	17.815252694644006	-18.886804199396103	3.353237580711296	-13.6507314057107
-3.484867722633435	17.730087796002476	-18.63306864728472	3.8329364341431194	-12.492337531846463
1.043286200287766	15.310073484168207	-19.584648369294033	-3.294998816779935	-11.226984972345562
1.1922860452098847	17.161200731862362	-16.136800026450395	-2.304381153123726	-12.884115990710278
2.6814347213133063	17.853536183792023	-16.36765750248618	-2.3241032833305995	-14.691178473979233
1.5349150991050662	15.999824096988975	-17.03784228773788	-1.619401858989755	-13.908785932187154
-.12573744812921356	17.083534558005724	-15.131734572794922	4.484761155716677	-16.95858741357769
-1.540388226850129	17.994510260629337	-15.589337467990362	4.649127336613974	-15.463226730083889
-5.08505915393308	18.504660636545008	-13.290194692575898	6.591818966820018	-16.737126521736048
-4.790541529799487	22.325885242185823	-12.902933108094174	5.238430924304465	-14.163256542537939
-4.7591303586953115	17.055532432628425	-13.23129273963022	10.603957596242934	-13.936356775696243
-8.845667790195748	15.624602344611361	-17.61774423740344	14.937354447440786	-16.225415354829615
-5.654090090840977	16.260655015418322	-18.92205416796477	8.96851572598613	-14.970834540122855
-4.6527391331220835	17.072135383368334	-21.15243461841299	11.168510873561836	-10.060652188923868
-5.643595665751912	15.289908687287163	-17.802981189431954	12.062222843082255	-13.05082661142717
-6.513690321986663	14.464015511405991	-18.283530499742927	13.077065407147467	-10.674576416775611
-7.040122525743534	12.764072597631511	-21.78549476280689	17.776653423325293	-14.32725017039327
-10.163167440955977	13.365034929405349	-23.864436289209284	20.802526305285127	-10.72105048177792
-9.346554503304775	12.321765020680928	-23.890725865353524	20.305308814807283	-14.715382393048614
-7.892379837389491	17.46483158791965	-24.774170575691596	17.67634518460502	-6.064571265413344
-8.138156380167636	16.643492013930015	-26.199559568061566	18.20055937513231	-8.357306764889172
-9.76052671550869	17.35006113737685	-26.590442169011464	18.416789402749153	-5.227207664601929
-8.037834301058892	18.02522215924212	-26.644114766270427	13.272409806875805	-2.3138800978690437
-7.906891906527974	17.382938537823808	-26.85851880494313	14.023539035137581	-9.823611774563522
-8.707816569644503	16.118555901433542	-23.24983474987718	12.109464328730995	-6.184383245296312
-3.7056974661691804	17.458408373408794	-22.00033455532589	9.358826265235024	-5.799497105328938
-3.4349934203059225	15.83780858393039	-17.662516836538597	2.30750327928086	-11.114979248794363
.8796183954832925	15.432575197950234	-18.836694239952298	2.860002713767999	-10.39937666582213
.9410417316436346	16.834853788518487	-17.648566000872417	1.7585055125116815	-14.016201841736262
-.799733689590777	17.77091131734883	-17.677175042225958	4.062221979672182	-11.452049910376768
.7245690240647281	18.809465236203643	-12.187639806761414	-.20894581926092948	-14.229955896155797
-1.6230087290168989	20.14880156437696	-11.819817582168996	-1.104468516357936	-8.867298164849496
-5.536221274356815	20.773887986026324	-10.021541655121789	3.6731488122690235	-13.99789083578208
-2.230939669509539	20.474598594915136	-6.060606982434658	-1.2066075917662353	-10.997732250317046
1.9006647985956926	22.505290492534463	-8.66109098983204	-3.736646979896013	-9.702342348934593
2.228287545188173	21.831533667790183	-8.624812466281632	-3.9367618615182263	-8.073460902994482
5.746303977934966	18.3355034861019	-7.26760545049946	-7.031361605204864	-13.811410951768202
.9660319557011193	18.693486090808893	-9.178760244695466	2.5906794893527603	-13.899782958215791
.6453096870462853	17.160405641760335	-6.8260747461485245	2.2525675773042133	-15.216708088567566
3.091473234169558	19.74056396130478	-5.809601765366823	-.7600360137563433	-11.988114311339228
5.595983894798829	18.672415913305557	-10.072753294968361	-4.804463585334236	-13.11788738649735
7.05920138194585	17.268470456030048	-7.560652435828477	-7.56146645662143	-17.80409239999958
6.052815682542858	16.874214758849476	-7.015970044815202	-7.578781644499937	-18.100628249429363
7.179008111755012	17.91328342098738	-10.340028074280381	-6.640884383343342	-9.281078711429068
6.241018561503629	19.15001754264343	-8.81628460472284	-7.172723266482653	-12.030134105228882
5.856727662627731	18.703862110920202	-6.599942449152925	-6.01457530605276	-13.346757995392005
6.896174279022316	16.90982658023682	-7.316306437399397	-7.680559137772092	-15.35266917204764
4.995988151656763	19.13065890304905	-7.225774213929968	-6.407726131808241	-14.90455328262218
2.087786788288205	19.890115286618855	-9.066958362379498	.371063772790516	-13.233665107101373
4.4501455963248056	18.889226195738594	-8.43894768726562	-4.1714191011573805	-12.322944016287876
5.353937964806125	19.608168842261573	-6.212260882498244	-5.041788886489214	-12.125963558594771
6.005029742185345	20.383427018689748	-3.1444747965096127	-7.776041637862562	-17.31950298756966
3.9809161247490095	18.93248098390541	-5.083008744687107	-5.223614420849564	-19.926399416148296
4.874297122356402	19.236435360624128	-6.346706887248976	-5.482478168316189	-16.01091081513103
3.2489388506273076	19.250839319653718	-11.376033849614391	-4.259538401608786	-11.906306433726535
.8171877332765868	17.642177198019855	-12.407647721426022	-1.4287560083394664	-13.00005774545246
-.18554796814203448	15.019347872959429	-15.437161505086403	2.1213716901281288	-16.66299740205789
.41074230089871655	17.5591647045738	-14.46901947445768	.208335003796982	-14.054466947380659
2.1120522352652173	17.630969530280684	-15.77505987250225	-.9518956851039503	-14.475879045844536
.6144630744342856	16.71659010863266	-18.817145321588267	-.014898530856234993	-13.402079136056567
1.658641812418248	17.805041621807128	-18.551688252328667	-1.373819814193014	-11.45608308953657
3.0378885758477154	14.8772188234732	-16.62308456752541	-1.6854448046085537	-14.543239656782928
2.354619306052067	17.60667536481377	-15.546527830634384	-2.9754689314299974	-13.144686724745544
.17550679165367283	14.421019541534443	-16.855959910278827	1.7230709149105494	-12.576186300068347
-.02906032741912004	16.557526596223358	-18.901407030226935	3.1671150701741837	-10.033099254319199
2.9028879934507548	14.190749706076353	-20.145913357769032	.9455109241336234	-10.351211135323418
-2.3161568059002327	12.277160038958629	-20.859847636496454	1.5894172429953666	-9.14800154289027
-1.6088194412912316	10.906704690608693	-22.829545041622573	2.0535264290161477	-12.810077261690559
-2.9436261531027554	10.840244726139268	-22.184689778496107	3.4144563497582627	-14.729885202438275
-3.296376993474435	14.204303279865844	-23.482404420660835	7.04030588769462	-13.353827001966195
-6.1765315749408	13.668740411528793	-18.8156990438974	15.54212290610337	-19.280656928403364
-9.076332831455291	13.4752205081337	-18.721304598266073	20.125270447746225	-21.87052181273074
-8.03065270018104	10.606606480026112	-19.85217261286695	21.196817715769463	-21.782227044807062
-5.751494546764475	13.778606742351657	-17.66358338790588	13.082933114112056	-13.614354409880074
-3.1075021184840095	16.214028809728397	-17.119000882476676	9.246796784102	-9.518694881325771
-2.6586483404014856	18.967688349304048	-18.12204566227941	7.714098247590235	-9.286900275469723
-1.425887838536843	18.760776934195107	-19.405729039785896	4.125736892249153	-3.10290599839737
.31731367673112776	23.55377719075112	-19.85475955462397	2.989568148411525	1.0862457207237397
-.01803361722413163	20.12315218534327	-22.064712109993234	4.802712141663158	-3.3193210456905042
2.579351652895091	15.131728635880624	-24.27844530658218	.9100913995727682	-11.333795080822888
2.210883296160775	13.63845211321166	-16.536019867374524	-.37808315058307274	-17.707760831450226
.5819389892278659	9.766350836171114	-16.601565254065804	-.8973516865133615	-22.80209307718006
3.65960217571164	10.339884418351238	-17.8311400860656	-3.356680436525211	-19.40270111905936
4.489277085255531	7.647581798363705	-16.25662129726289	-3.0397571591206614	-21.68792777705439
5.903212809401934	12.18197935648327	-15.760579279535325	-8.707537982274635	-15.595393923072042
8.577775285563398	10.998794848452082	-13.622102532544302	-12.457440105518664	-18.718597326493022
7.804505499400175	8.769020348686112	-13.025582740808666	-9.040401971329263	-24.74889530904633
6.843893355277091	9.56837624736927	-11.115549773686546	-6.9856216375331615	-29.909925544969283
9.200984563659746	7.408820208415785	-10.292976236783296	-13.17437841143093	-30.159542166957
10.698463859863786	7.910069210098269	-11.686747269903849	-10.563311246821817	-27.81977608989407
10.234187178510409	10.065693457327953	-9.93564829592765	-8.17983978829434	-24.009896316149746
12.213903014049423	11.97303434804961	-9.528721086067321	-10.391902557881075	-27.657813569786974
7.655474388184793	11.912468164898474	-6.158790569259662	-7.132857760878852	-25.504909483254416
6.579656492160962	12.818761268836631	-7.378399757688918	-7.607122999488279	-26.747938940479823
8.77189043316502	11.426392654053794	-8.053617258452748	-12.483909102871696	-28.363745904257787
9.179669412177972	10.202682412952317	-10.501461993871366	-13.119816286701354	-27.55158235720674
10.66393859751464	8.580353319513666	-12.675726443521352	-13.735382378918105	-24.165768118733848
9.730612876807237	7.511148731983752	-12.719755965096374	-11.476964882273174	-25.33988008749685
9.285364774261122	7.589316778035713	-14.179246345036942	-11.847039781088839	-23.66648050781229
7.450139505094083	6.9633752957542905	-13.503860372854735	-10.633789525591766	-24.259306768490873
3.093019466991955	8.709625950963112	-10.156818742843381	-3.3532842596877446	-24.017252462253385
5.7908104989836495	13.34736765922874	-9.359455391679491	-6.373170755480065	-17.30016049036318
6.649960787697998	14.103830782841042	-9.575940829830122	-5.44006524646804	-19.773198271281835
8.445079914539713	14.789827491581217	-10.446416247091125	-5.477121097921885	-15.202552920120633
5.327782429841566	14.560742855415539	-11.13112378707959	-5.782925967313219	-13.61412313707802
7.849694018714125	12.644702077648095	-11.16135821917702	-2.6141862565254024	-12.714811502565064
4.533412919198807	14.155477905016175	-8.239956904274944	-14.109402452620348	-3.014383973499106
6.802500493566981	16.303263381467104	-4.931787953701992	-9.4396640571765	-7.172313421380369
10.624720855984963	17.705092817904962	-6.834253708127324	-10.07653253858249	-9.491872922113112
6.864120782788223	17.616635890471123	-7.078570593494572	-7.508670424408974	-12.34017028195701
6.158163529929095	19.26701116412084	-4.9375011385096	-5.355426476050006	-11.929046512395429
8.600218746459632	19.872159933259766	-3.784490422353301	-6.079948968060218	-9.91605763851971
7.809745658579558	19.39920992791359	-1.9606638656366235	-5.148244960776487	-10.900998302870363
4.2216263811951205	18.838781414686647	-2.2444597991630246	.43340593083189904	-11.321528867585847
2.288563693818632	17.313335625540276	-4.2414644181434955	3.0164014537155754	-5.9948242225925785
-1.0228929218803235	14.800626421370437	-.9793829458694696	.6572763817924857	-4.867144410920705
1.1604645751702598	10.501845914235275	-3.540742144208426	.279010787788752	-3.0542388215505296
-4.60339077486275	5.803422458638536	-2.876192541782747	3.8704327064853503	-1.997318385333399
.6627471701437341	3.950890609420676	-3.296881479932463	-1.120768880607585	-3.529415786195366
4.894872754223256	2.274190531423963	-1.7754712315097023	-3.290257553412983	-6.8823964457535585
3.9225813064514847	6.911370711928505	-1.3400739357666998	6.414474189490926	-8.128616564355926
2.62519388009123	5.701707894485979	-1.637614883657347	-3.0526868399007157	-2.462787547010942
1.1007343141551873	5.200008587888067	1.2507616905394021	-7.61882580921611	-2.9329530767191128
2.5593091552003093	4.923528080438933	-1.699492639322593	-7.221479421653834	-4.061460076045372
1.0723177191339759	3.8586236099423545	-5.424489417399921	-6.00614331665907	-3.9585210733624128
3.840772605106906	2.963993758122455	-5.89446529055847	-1.2267859774754049	-2.387840965906126
5.227037338104708	.5008652148446384	-6.842461125747031	.4650701121958629	-3.4577165082666736
5.800130853190707	1.757884810596229	-5.749416262710038	1.3682514837956665	-3.0117056874847905
2.244893571690807	3.6113257576374442	-5.698891952836404	5.177340182420448	-1.1312027407064917
2.007973945205541	3.4656850461015933	-6.54751863640997	.33601668574153254	-3.106898944180455
-.40872087473011093	3.860735037984326	-3.495753164500123	-3.1153382773607072	-1.8394936341533246
-2.121072686631613	2.7111784168792488	-4.113983385785982	.40847128092941454	-2.1978166855597774
-1.957306456535426	3.865293538422236	-.8405440387181813	-2.459379660038339	.19043775122593332
.626674968167513	5.852902300559556	-.32912809592079706	-.5758902471829017	-3.00874967267996
7.36328677796538	11.228647244388489	-3.709940359235002	-1.2563375929616332	-1.2603021995619546
7.535244964415666	18.168026392512527	-2.5418830977154503	2.4977557935799704	-2.6529265541466085
5.637161130177592	21.061655895522627	-3.9191525997640317	7.35176341986572	5.692283349528411
3.8274601590907524	19.533466929552095	-4.231076127184883	8.297644576678916	1.2586744642273087
4.232676448222862	14.379314776572318	-4.835180569549788	4.612389099471777	1.7392927729099497
11.871113314222852	13.602940396725163	-6.055223564808534	-6.340773146614244	-3.0088042707006952
11.18919390054874	17.09875677488626	-4.044919895629001	-7.386098705888939	4.879464454075611
15.62517271542121	16.87744943414985	-4.2026768846867215	-10.883263845499108	2.8272367155271008
13.381585863639467	16.364560232382996	-1.91476121904491	-14.50375275573827	-6.855243331995123
17.16840084947251	17.56837785900856	-.900887438976014	-14.831936251792676	-9.962532067733076
17.395500358733194	17.245608046035255	2.6522423579265975	-19.454618442187634	-6.867397924393444
13.53204297165895	21.536470436044095	4.87194420647661	-14.090680913928875	-7.512029661192515
12.045357633021087	22.386070449930813	4.9620834231523085	-10.727408217050494	-9.547911999595467
11.972433818500438	20.61360290998832	5.636999236224732	-13.455764083368193	-10.21309473130133
16.04224799347204	21.116796535088415	5.156527994450666	-18.595269231454918	-5.272884703375108
15.968248661286532	22.92321333151111	7.414517701534009	-21.0307458596819	-7.556981790121959
18.339694915509547	23.788214835549716	8.973907098932122	-23.038164341315863	-5.154179406033763
18.073042807122803	23.889775615691917	8.66461373829639	-20.037483394337265	-.80835564239915
13.602497748925373	27.848950996228275	8.83699697369955	-15.634210639232666	.1299881407000847
10.434102813426456	27.110681382592027	8.249483360342467	-5.988584619511068	2.0559627422756845
7.501834989094366	28.298491541124765	3.6437477031383256	-8.58333000743649	3.4025376870597492
8.87500738714202	26.80756858071514	2.1465147933317	-6.6113536096852075	2.573278382421619
4.809479957813912	26.638471816611403	3.049415400272319	-1.6586887302957498	2.8663108428901314
6.292142990952548	25.714467081940196	-1.095883732914594	.0827560721037359	2.8399136528767315
3.0538069590194437	27.920960146508015	2.5670635275494567	4.376997461348296	-.3575743727167455
-.6520280660914282	27.18123452007521	5.00302085573148	7.226357509841419	-5.486882466479944
-2.570898887119352	26.302184874268924	6.79508709080619	5.573257554332139	-5.577494867952693
-1.9523872548626269	26.904344420164033	7.935816338905448	10.279230110256632	-6.58922052529671
-1.1208450493393953	26.129111731513436	6.087087510112481	10.186515736899693	-2.6886499631740626
.6396242825261077	25.4774420990329	9.613188513507756	3.9783548867315597	-5.549623409573451
3.3895910230341753	26.969846420982826	10.492033961671504	2.6842891515313774	-5.129000090896205
5.350187187357028	27.761751892123133	15.142026962227847	-.9579455965833272	-.22822621852378644
6.136858733862973	30.449620395387292	14.80597173875762	-1.7409017509164084	-6.159448623921746
2.971636693793088	26.934524028113724	12.52976700372863	.6281319234549433	-4.212169919544873
3.0900978520615197	28.580529507020646	9.725811034773882	1.333869187209817	-4.989510651360904
5.606477133890476	26.932374845143165	7.728955234732578	.39893039231549676	-5.608273763377666
4.221835569251136	25.129194866172405	7.1165511841175535	2.8512582526110046	-7.77751163244655
3.1140720944840266	23.78022385963189	6.111805987014236	5.453915500321787	-8.077191297913686
.7958100698547577	23.874313889349487	5.945492961132152	9.075852610904844	-12.252606332744792
.6133752280761757	22.723841850857273	6.5349165484047145	7.138132050689406	-10.238060303249991
3.355441675950135	20.086059949709625	3.9492007705242904	4.660058177203895	-10.341225437515813
3.0135850960317083	24.601809636397718	8.250990760442134	1.9665300075601444	-12.080730113822577
3.8209064650477487	24.806699036524694	8.46568434281185	1.433839653192144	-8.802623652584444
4.2970146810557726	22.345511055499784	4.586381344063844	3.906293477588121	-3.3128696596229674
1.961913758115044	21.18839989319873	6.600072425391692	6.312124995662011	-7.896547344895978
2.530138205339472	20.775810749163206	2.8522455753984786	12.441962940833644	-7.450968048074514
.743842513636276	19.617524373871998	1.3610615059103726	11.581498974003745	-5.571471002074462
-1.643044206143408	21.6723376907368	3.4274780448052975	15.16358955571547	-6.394457788838565
-.9578236850607382	21.808861375648643	3.9348131428420614	15.719301310718457	-5.903254223174771
-.07211762205934691	22.753652806033006	3.1090544134459632	15.803045405185507	-4.62909860680379
-3.044248332218385	21.384256643699935	.7286248181156048	20.48310471944484	-4.193605206306365
-2.067747036125254	22.771169396894418	.689568330867068	18.951194113230844	-1.4529312957284928
-.8406474909752126	21.142140108387803	-2.609521471893635	14.62810742520758	3.4566805322247243
-1.9367743681130158	19.315798759613752	-2.6998360626120474	19.19077432445449	3.3944923751615015
-3.2371732951473327	19.584747892485932	-4.006824742307017	16.724674945541732	-2.9007088079619896
-4.2734852600313635	19.072345017447986	-3.3701097712496946	22.116758333219593	-6.424108894959856
-5.229047295116202	22.26614197204213	-.050572719561636226	22.43733040432144	-3.8599629704427283
-3.829381181825942	22.673695421410656	2.9717869485899713	22.464063583188302	-5.2627829511808315
-6.5548362897871	20.369796542972622	.4614501150121212	20.442158952230713	-5.584729824388299
-2.9346743969813884	21.91604369605665	1.6517461105996107	18.501666912644033	1.5576381364605272
-2.579058429724622	25.472334583938192	2.5232651231180045	14.629563744196515	2.846005678238706
-3.3107004433648712	25.3258586208903	3.4141110140150186	14.763120152563873	2.003400593793793
.5027772136566153	24.193964087241678	1.7355496574619071	16.657274628069473	1.59947723698346
-1.2268483471687455	23.919331664314686	1.8938639345250983	14.400886574510881	.33505700194853094
-1.9550391304091188	24.34036089078147	3.8981796200420797	10.180070373583902	2.1857029973649
-1.4860990177168307	26.837889728644804	5.304134719359659	12.399739913749453	-2.2828058604125094
-.735029148204042	26.553645865545548	2.9631408125542227	14.103333989578068	.8308082531555465
-1.7807536406239977	28.13169319973581	3.017589608479372	10.143707388613324	-1.3946966426008265
3.90326917630651	26.602373218060155	1.6449387417337413	11.759211041009292	-2.2147910169021947
5.52597133942937	24.363712191056962	4.45603127652931	4.217762644707655	-.6325721386269232
5.490936843229929	24.086185788542434	6.834308025787694	4.493151288665938	-2.0334964457413065
5.176742277943501	23.792395648116468	6.225909198203731	5.387404964369315	-1.973005284934046
4.601939961122119	24.722539793638116	8.846121663012626	4.912383619443366	.33793826714258796
3.7784736891633246	24.411048458553815	9.731728874499504	4.61551691616893	-1.2323660779709464
1.1229289836791811	26.259543708251485	11.487404741172133	6.471417335023853	1.1740248551862003
4.441096971964375	23.087150137353856	8.431529295154188	8.712944498523887	-2.2560039418653988
3.1936757446569075	23.323553670847645	12.246895636204918	8.731616964426257	-4.034853255604038
2.574222050504849	25.13369734393283	16.301488080390715	8.224379081766985	-8.977253426993684
4.563101725681225	22.69558843290999	16.026700521459343	3.407967706778277	-11.030978544881346
5.338368272289228	22.661281369144813	13.182369097682196	4.362988296393314	-13.945384020737457
3.7548922338269666	18.594232728424387	11.06806269760435	5.00602421972364	-20.342445922277577
5.853757141419446	17.947686874256934	14.010307092340671	3.945643370303678	-17.911846519542856
1.995578251381386	20.395956620666585	12.01901752705317	8.116133551029316	-12.95292083042983
5.870472470148231	18.890943140335306	14.106520489330853	5.25597923163017	-17.901657199274137
6.28809633660721	18.0234439977529	14.611132898349997	1.007583099444559	-17.73457500352918
7.01589437759964	17.899282324190438	15.46665462855943	-1.5413998818481902	-20.660419742785244
8.827529469599849	17.04519121097369	12.08818778153792	1.068941723477157	-19.964343589708438
10.776168257915373	18.520811562406067	13.3527192346238	-2.6181433393194786	-18.92347148758013
9.43525122348071	16.330739606856056	14.181810635984407	-3.3811189632627725	-18.860436802037384
8.505436189768734	14.421219574720443	12.153873756697536	-.6663946360970128	-17.68689115774348
11.260040007891954	16.900663282336616	13.535741420002896	-9.481896554140318	-19.616582330535177
11.66503279261672	17.836923171109877	12.838066659652146	-10.69231377854529	-16.099882235112098
13.224763649748224	17.23620677201253	12.763663823416373	-9.490363632232594	-17.99027185140957
10.047768155920329	18.488057500553094	10.433552507298177	-8.13571211736425	-16.488234863249225
9.58441613525039	19.260699360166146	9.849429889888961	-7.280465292019504	-15.902070723382701
6.801171653323645	17.057813740698627	3.919876437000297	-4.997144516194556	-14.497882931778367
9.753190491299588	17.482517619830997	3.721292234660733	-5.489005451054846	-13.453519494863528
11.974781646539276	16.743375564190032	4.1005411867400445	-7.276636736983932	-12.659990353901367
12.712589740788056	17.53460194857964	3.1229098720145134	-6.538024207008817	-12.326993941096692
7.453211117623089	16.141386983566	1.5662130130508303	-1.0405568515535721	-11.025454233657118
6.51545878808068	18.539631196373577	2.1230550031585027	-3.049684733553301	-10.203079170532021
5.454281601543155	17.03899275727828	3.555716604435538	4.308436133038443	-8.81708902648462
7.076459358888188	16.133740704664266	1.4983970392875294	3.388499403841826	-8.664532101531492
6.9132425347571935	19.960340483523733	4.607866721072789	-.43230072017611554	-12.684455329019709
3.167355650877173	18.749763132292077	5.683613632182778	5.268611007871681	-12.418817291141407
1.8339588219927137	18.27040408824577	3.559428169080935	8.157518954795261	-12.975286410033176
-.354193027524764	19.990725217852628	3.083662039653484	13.048988234866027	-11.327626342425686
2.923960052634519	20.4218011849732	6.264008521784103	6.829840791715381	-7.244614685544207
3.2155813360479373	24.459529074995295	8.16450726656643	2.26941460547926	-10.753481322329598
2.403025126029715	24.79648081825418	8.265634114158964	6.1575149039809975	-12.252126000502065
1.4644513006846207	22.623574993901094	8.452591762317459	7.190471424540702	-13.213812115483272
2.045038658736888	21.37761178352194	10.544766265552047	5.724808379154081	-18.297247105347427
2.921715774418183	19.338469088927987	9.727902614161655	6.413703601816601	-15.757629550364909
4.128614200628627	15.438264437572176	9.779403375119381	4.5276365591745975	-21.50179268408536
4.909811373784436	12.31230594201661	9.54809467819205	8.474458079418456	-27.83017020054398
3.8311945657726447	12.24895511878371	7.7292821978160875	4.428876594383723	-21.109961046877686
5.921803462995275	12.641630449433624	7.852902464897405	1.6699000550380838	-23.505022949780376
5.830582244705518	10.870819652468743	7.731246679824377	3.4627333734853685	-24.13179409393753
8.074824540232571	14.149583325946022	5.080289672679349	3.9667939291946226	-13.36833250555664
9.844148571947743	13.964648865446122	4.031671988220653	-1.5488076116146554	-10.569305723068531
12.701709650325624	16.85344021933876	4.154272676220902	-7.8068679986836536	-4.344207381319775
12.597464245032437	19.069215296458566	5.1024329277932186	-2.812296814036085	-4.996788113062137
13.404476034723052	15.993199459256283	4.991200321612239	-8.949110717092536	-8.175401091798166
13.96512661435309	16.410694287956407	5.56288989281905	-11.72573506657756	-6.409365489509533
11.445366936276496	15.179412088686979	3.8229643963718414	-8.859658623925238	-6.173969164116203
14.615428999900336	16.664286842440735	1.8193585456127659	-10.937511989722795	-4.105533707102829
13.257055095436176	16.761142204564432	-2.5343477799658127	-11.70270281936293	-3.4315026576782452
12.214758342650004	16.19014058394657	-4.171582085086754	-12.53916591738771	-4.113244172901246
14.048592208524827	14.182326729506762	-4.877714525924181	-12.972908090341594	-7.188771151380369
13.557830802072251	13.280787542227568	-3.684329612334981	-7.577044859307837	-10.956380961707133
11.11368928006025	10.593163137164542	-8.377746619438554	-5.4707191817758645	-10.957328778965953
11.921611732295293	7.66994298304993	-10.286490296859807	-6.613179107237679	-13.221379438656747
11.941023177096348	10.222955116142943	-10.003477850545982	-7.06046955710007	-9.480778684479633
8.319408324836488	10.81350666420109	-10.254859828200933	-5.94233804712567	-5.5558509738344055
6.958198839040103	9.78630952891928	-10.301061704997633	1.3993710405151087	-4.942821796963909
9.430111633574228	12.82491668739059	-10.067798681230304	-1.2293261858921483	-2.8164441746177475
7.114662082924832	14.762891525328161	-7.34916984955476	-1.3121585652083823	-5.609894893484787
9.064672796658783	15.570779165791507	-8.100752503170625	.8827115804611059	-1.5723543894243774
6.558220664048675	15.952758073052408	-8.338901883958238	3.6016458378885647	.4679640074598084
6.0195684227895905	17.433040680017154	-7.0862112244284825	4.169508803360996	-.7291084613814162
3.796086276259263	15.189638490678043	-6.398889793956867	6.557600658574097	-2.6858480494047376
3.772197679757707	14.466253929755288	-7.4069671265116686	7.061817684148961	-3.9404933197493817
2.269649457360841	10.463419518471005	-12.811086513565451	8.743372889247066	-5.913308912121416
2.8730562341750763	12.728216210536367	-14.430203000742567	8.237379822152505	-2.569964789752655
4.880902697023949	13.064847863037226	-13.869997154918202	7.510706835302568	-.7093955292328074
2.2201203393202067	13.084461979742512	-12.930607681781126	11.953375094848429	-2.255575492784372
3.1488377953057634	12.534979222397542	-14.39936236370465	8.164518794128181	-1.4868739249157512
2.796741213862984	9.6888346226881	-17.58536530906102	6.939645094207426	.019086136591132785
3.978953640169117	10.580962093396602	-20.27716711728521	9.669113059793027	-4.535951324091332
5.3315793141951024	10.012618483077976	-15.279809395401418	8.148165918015465	-2.303180440106839
7.207885609716418	8.845444146313826	-16.775395789288158	1.3880714437248032	-3.2405163940879045
7.425417287016992	4.756012011165166	-19.936317263768185	1.2333791466297026	-1.3471693256406605
9.82897605659065	5.2113024574501186	-21.54112123310272	-1.778769579140373	-3.0518028309505576
11.522329519639182	5.910082747588714	-22.38369394708767	-.36797372059635247	-.5804765859676221
12.657760955174657	7.2928450802287985	-20.079466771166615	-4.120919958435113	.1446690608819432
11.68736580671319	11.172453891141608	-15.538644789704087	-3.8134258281820372	.12296548240277562
6.687774246270989	7.8452319621532185	-18.3363613577309	1.1828885926501895	-6.5587990798640625
12.947985374501693	7.984254192547267	-15.367021762544935	-6.502868009606265	.017264866719949035
12.177839405349854	8.122384112857223	-15.329025313686843	-5.776779511302163	3.353557704866838
10.76894068931823	10.125067473509816	-11.849967840868661	-4.273761497810366	-2.8305867672733163
9.045882013545977	10.452134992649187	-10.676852663196817	-.716906775063535	-.2598899072520572
8.498557192510884	12.94612908306428	-12.313014970237127	3.1594217423417277	5.983168846649144
10.493002522507021	11.911185061693626	-13.47649619887614	2.648977473993746	4.637763743844435
10.031246491007584	11.76282442396428	-12.86296329145544	-1.5636711752771777	3.165340593299434
