x1	x2	x3	x4	x5
1.2564938166348973	-.14012762096938225	-.9504480878143051	1.6484087013220743	.8008196326578467
2.119997500972601	.08972088954479657	-1.1026829930922395	.507999513237925	-.24071180665960898
.7362132366570701	.7969463191947007	.9202820671900254	1.1984234549907335	.23334830712249865
-1.2719021983792749	.9071503998037823	.2701816979975331	0	0
-.11419365910804091	.6261973849397047	0	0	.76048097750259
.7198296170117847	-.29606294562315116	.3638264088589609	.8068388236183264	0
.231441359133517	.7359929408541627	.3427207536537992	.7867095251865821	-.5327228449816289
-.9137813175376224	1.4726030733296032	-.15951008772438682	-.2713083854229258	.5009062272723237
.371930284149073	.9808765547897229	-.4772471950292272	-.9247428827499167	.5396270717318224
0	0	0	.2625987292284523	0
0	.8219402134916799	.5953339820832405	0	0
0	.7193953898217336	.9417825335890374	-.6180178759649991	.8304784905770343
.1932362526997148	.29531734446313235	.5893028559057509	.28507020641188097	0
-.724732198341039	0	-.2880346966892817	.4752503903667772	.253332216147667
1.2198899575423772	-.9920327027863821	-.7656822529719517	-.49013093456375334	.48942654905613664
0	-1.3291026810219977	-.7931565815559174	1.0030746244366648	-1.624120794465517
-.13626840550055525	-.10004196772780094	0	.46899995007010653	-.053626421434518595
.6405875681853881	-.40803674641172455	-.7628671953254667	.7103373484068933	.3180273453049084
1.2819791146407298	0	.4268047208123418	0	-.18196613283781365
-.06663602242412577	-1.9565115052247573	.9040731311265371	1.7820933747882592	.5040499056740526
-.4912702396302333	0	1.1643840442988695	2.6533549432941537	-.3078904355320292
.282070346791949	.4535108162042979	.7503217742681452	-.5862945620498135	0
0	-.4303988023659669	1.912393786235716	0	0
.967475726643865	-.07464818296709358	2.19012771502188	1.2434301226724942	.9736755258893615
1.9026688742239433	0	1.7752652100621724	0	-.02499158807030591
1.5737001379820557	0	2.1957519812180966	.6129714454095536	-.716091838855708
.2049505133937932	.2656964440030911	2.1920817915386106	.8030819237065263	.6377963273542187
.1330445551524479	1.3227015335244974	-.048270740087928476	0	.878967430470881
.5547833609010336	.7995577273041139	-2.255510552119201	-1.0311400708733514	.7001399413837712
-1.5768309131891876	.22482463740969266	-.14295146330230707	-1.1981247351300144	0
.3046196729303994	1.328939836196676	-1.404543096488799	-1.1795861799318854	0
-.03947239613873699	0	-.37176433122983615	-.4969582992236413	-2.658721697104235
.4589955585077256	.8033904622150848	.2581408773593175	0	-1.5646518469885098
1.4711390009969987	.6846641843872814	-.2938922547818001	-.45667422155300863	0
.14599981186103161	.8964302337460079	-.2781134727828701	0	-.6229125907597562
1.0196111418674463	1.1827454673797904	0	-.34519994731903353	-.2574646259486681
0	1.4515262678479044	-.053987526170047345	.3285007961138212	-.7534185010047221
-.5548327003854	2.0229741635175844	1.1910916439574897	0	-2.091612670833948
-.00026446388775364094	1.2066895451634754	-.706578291703716	-1.2253295267595918	-1.085104941643607
.6127103174304226	0	.5876261049409179	0	2.11391452565418
-.40232644833113707	0	.4386144229486075	0	0
-.07839328597761955	1.2709566499832967	0	0	.4951560378731409
.7840282935146352	.9509863349234394	0	-.9565570759970013	-.33823202120016105
1.190365805522721	.6458295213161158	-1.6836199082697196	.5184300253573204	0
1.8707078818366756	1.807222318522466	-1.2154256862682926	-.4341570352920483	-.18162880122954783
.5817035539608663	.5966135464766813	-.3878153390254717	1.5955459543596218	-1.400672241990058
.6818849223326746	-.06726869137271241	-.13307574078157447	.11634736705292409	0
.2048423867026154	.6239561774092744	-.0803950018985264	-.4486600777340155	.5605813067498471
0	.7485533779243689	-1.3082259011503385	.37147770510075157	-.2911039344772355
.3024290306026949	0	0	-1.1338900378463825	-.5670957578574862
.11672278730651586	-.433508273137464	.31544368430454023	-.0038075208563855822	.009020112847906547
.840126147142871	-.2657316521760592	.2841163004751606	-1.3171756704100748	-.30368135621014125
-.20683436933953503	.10190875976181002	-.14625800089824134	0	-1.1211799898414863
.014515241992384964	1.3002754808735497	0	-.41970339079777597	-.699402173155482
.01822035981763466	1.8496488141875913	0	-.6910697639477716	0
2.030679190653865	.5074858760534184	-1.8499934788713972	-1.9331503490358526	0
1.1879395718757553	0	0	-.7593998674347944	-4.203347573321966
.9387474471818622	.48075713646354573	0	.7999029339424069	1.294457594061302
0	-.1312375145412451	-.25945692013762056	1.6171418813521892	.16990587410561797
1.4961961707611353	1.0270325882619624	0	-.9367692751471328	.5210277265776728
.35832616454391386	.4240808005996297	0	1.8492793058333663	-.36725564546847156
1.2507693326542855	0	0	0	-.18772373792998986
1.0267528775118953	1.0648933128960576	-.3821431950660261	1.6343871343793115	-.2946238381555204
1.2891472192189952	.0687010071947351	-1.927120630827865	1.806220524998862	.5052135792954879
.6313982142205787	0	-1.0747857258005031	0	.4903166677520837
.8186200251385389	0	-.09484344522899898	1.0616585269412646	0
-.34664059454372276	1.0148998384275034	.7622411345895109	.9891574833224172	0
-1.3748435813619424	.6114365841860536	1.2289864311476033	.034602634935146925	.19709872948341278
-.656506513145173	-1.0487210452739748	-.65485606340938	-.9811685667604646	0
-.22181223137477976	0	-.7222721078923537	-.12729917600869367	1.6528253003068203
.16457134697089731	-.6231588229218501	-1.8529927903207288	.1290202281060296	.16898319395399924
1.6917980341091745	-.2967834391333922	-1.5463575455032907	-.586306348973227	-.6261091689653248
1.5833610815323216	-.5634513785395201	-.6099773663514174	-.2625033999137991	-1.3173280100128582
1.5192677212562806	-.3952512890133614	0	0	-.6607680362215507
.915688093713306	.8098742358752022	-.8767125386830721	0	.17290719228988402
1.5881132395524882	2.269167831737345	-.9472303908823214	1.0436645166765097	1.4837655486536323
1.7031659463206497	3.738532864326549	0	1.4218667414426267	1.8786333285948662
2.715849043482297	2.421299320812964	-1.837984453690249	1.2024155132098684	0
1.3343359751053567	1.9195620578646233	-1.6239253973251901	.24581678453475697	.41526747064206126
1.4825292717429548	1.5390708592075448	-2.261237881183917	2.077760855324717	-.956090132001653
2.0802774549361676	.6420541094591232	-2.646868093346219	2.723494606776028	-1.0138739914399952
1.978046358913253	1.2794756318415068	-1.8290587894172166	.8716487614312561	-1.538159046802673
1.882906674048038	2.234012247403423	-1.6100276831383067	1.2788383414479567	-2.256971093807355
-.46328561961352327	4.873165000096145	-.9660147856761356	5.562987004847718	-.3872320653578606
0	3.649099625168103	-1.6696178785895102	3.8218271746436647	0
-.4065860226177994	3.174559695408895	-.9031809800319677	2.1270922021934626	1.6744293660615281
1.96932424316913	1.981538974395306	-1.8915353110676558	1.2955658270513768	-2.5185216125378465
.6052509622239268	1.4960000128169475	-2.048816054754584	2.763273025914968	-2.3578937216904117
1.084084294317269	3.8561876702148736	0	-.9422902535003519	-1.8989573475270551
1.925078665909684	3.367957196243535	0	.1817269262694759	-1.5192232031304664
.9793969864814229	3.5015542313477717	.5388017634722805	2.2991677312949363	.6495787380863878
1.456768899649784	2.5810494797847685	-.45711398647383394	.829164342968926	0
1.9668672830486233	2.9476644439350492	.36594527405479815	.7655641344133786	-.7726686259916997
2.3108516133957044	3.2319250525860745	1.4085013476128	.8191687062073134	-.6841223815962161
3.2288739746198676	2.973536958889297	.1157684015326067	0	-.4625476533799967
1.6705416423963586	3.3868584298756645	.6734793798698571	0	-.4495295592377655
1.0763839334151917	1.4506853644653315	-1.6582869365623654	2.745500562695115	-1.0143277406096594
.657156600130285	2.1630797894582976	-2.7700901894963184	3.2267962975040625	0
0	2.3351971947962635	-.9560800016885825	2.8994866555140124	-1.0770532146299514
1.2860556609717815	2.5896347276207607	.34892213215722656	1.367647932630194	-2.5672324831543465
2.5996827205875936	2.029803830605567	-.9558646019410879	-.09309218406542816	-.7201965788702825
2.5748641280017512	2.0339215892631937	-1.0247424197505315	-.3340034860048532	-.9401608662290084
2.722068055812229	2.4594278569680412	-.25617284557771236	-.9013002318164518	0
3.1113028905968445	2.040280161758272	-1.272030792135483	-.1774147596320309	-1.2440084740425814
.7309275420397954	1.1718080109052373	.4347177493974024	-.7287188690114741	0
.8232014660876266	2.103643690565703	0	2.727894655039703	0
.5191623487163703	1.7926123570948052	-.9969012352403293	2.277531716884595	0
.8027620413086656	1.5313576072842676	.05807670640359856	2.293309857602804	0
-.38300568328100526	1.8985805277087984	-.23018515499339054	1.1363113019154159	0
.6874738038433577	1.955192572489512	0	2.5033369528084983	.039054407145735236
0	1.696163285280927	0	0	.21252705566507948
1.125644286463568	.6349892378610006	-.4135378726448654	-.4484047318379429	-1.4625085136330327
1.0725085221901145	0	0	.1245744481122048	.4910000582310206
.8742895797992295	0	-.6849218022235224	0	-.7657322646961302
.6654056989924384	-.4000691324882889	-.4566286651513339	-.4634586279000934	0
.6713082208755929	0	.8712275166009291	-1.1315037077923105	-1.5393893867914135
1.773702811644668	2.2474150246741713	.32705757004916564	-.007942153646471106	-1.2137920413538654
1.5824650393991793	3.5426216225559184	1.3940357831060308	.05900204542576659	0
2.3812572403921934	2.409384656680978	-.583177740933807	0	0
1.8261877790267853	2.801040565702398	.08762672308487318	1.6523958591901848	-.044228758387901676
2.7393779170769768	2.4512638855667492	-.05134374047008966	1.3555118153939754	0
2.6780328859703557	3.3479374632441705	0	1.7149740933303312	1.8899194440607026
3.3333431413168313	3.532681075325238	0	0	.8720063902431261
1.0165106645679358	1.4668360948750405	-.586480989577857	0	-.2982501899324142
.8531485124910727	1.0103226605553737	-1.0623049690965538	1.0953958577310139	-.7716926977060556
1.4149336427689703	.5453407051333108	-2.7085859070937826	2.8100553399711363	-1.0823023200801642
1.8777397241565643	1.084860481365554	-2.8988367267199147	2.7543434378602094	0
2.47724539048109	.7517650677037346	-2.4659141503516504	0	-.5312521529097028
2.424224022464672	1.963785959330495	-1.6681220230448854	.6341119106260062	-.5080507226142247
3.8056858093362576	1.4990607206072524	-2.1123663990023713	-.5075022813907949	0
4.455334017124569	.7513609139446109	-2.832331211098028	-2.5187943246556532	0
3.4980473495674045	.9208426751729761	-3.5162432446118324	-.9457517671512818	.36075835156019564
3.291450001325183	1.9407766221133138	-2.3233542168103	-1.1436874434523727	-.06586195103168668
3.570957966117183	1.0553073450185035	-4.1116437228764635	0	-1.5530431553693183
3.5357659670445365	0	-2.627293829312636	0	-.8915623741928838
4.426713421980418	0	-2.367076218900317	.8885927403003974	0
1.9719701781729286	-.46852538101602237	.19437595023422316	.17500890544536418	.22312267073690267
1.1102234788229	0	-.25513400869595354	.05205249237190937	.2625864403667351
.00519227664447508	.7825913680446657	0	-.3606199248767844	-.015041101812012125
0	.36231970039155165	1.1139663270565736	.5913737067548207	0
.5480620738586128	.652420648424682	.6505173478014299	.40334388977731017	0
0	.5625712170679863	.9451765260770394	.523080415016171	.5652470125389731
-1.0315550164199412	-.8084922231279525	.9169715918147512	1.9577860578007065	-.6294063249551101
0	-.8309709271351501	1.2943221244106387	.41363852799154344	-.038044939488900115
.4786376476084782	0	1.1477160732295837	-.8213190707799513	0
.7169928852849237	-.05272377625041833	.33484390839330574	.9182043015941628	-.18410633289462647
.2687461167988953	0	0	-.6700320314227333	0
.8981572321709006	0	-.8572400311286632	-.46581393531248866	-.09702000831887087
.9783452139752623	0	-.9408796943324924	0	0
0	-.20857147445821428	-1.3052084110268738	.2641188005736531	-1.3484936081995635
1.400486207734482	-.09212178382760786	-1.3401827025004414	0	-.34706097870859376
1.3092422135817225	-.035183157446883925	-.6892891095813056	0	-.08623576180319786
-.4723271058892691	.535845440377146	0	.6603983155904952	0
0	-.39809032157780844	.0014752260340003542	.07505181343926437	-.822897587229047
0	.27304486892826313	.7196744183048117	.4858397579233401	-1.298761569517356
-.19175436419047423	1.4305171978166422	-.13566589449924793	-.6639444588325357	-.9987907712243168
-.8057116035481346	.35571204670834833	-.6668656829271726	.921690715298905	.47472713231094815
-.8013158577446536	.7282746396409489	.20279530803787466	0	-.6209509926112168
-.11851888547600148	.5625550663990833	1.0843947126884803	-.3278735626850256	-1.3793008679181271
.8270892014080728	-.4952126504153298	-.6804564998881049	0	.1358388832666007
1.586099356901194	0	-.30316012621395055	1.9586032259649573	0
2.4737090852655834	-.36469789668527663	-1.1220497274159336	2.3210199055007847	0
2.0332651640367714	.9805434858529817	-.8767669191258254	1.6065063365560495	.5410589282709125
3.0540380515264336	.48781643590644924	.09976568062755671	1.1839076202787342	0
3.278871840849237	1.2945253951653792	0	3.130073656160607	-1.416113120446547
3.1099121781662746	0	.4079324595935134	3.479142203547556	-1.7910607792820716
3.530659271337923	-.18033787708182852	0	2.3877325938068545	-2.404725605301758
2.754383127852994	-.48095498464799835	-1.301628472064966	3.2906582591876194	0
3.2302945534858054	-.9471771510879673	-1.3739229162090971	2.739393513908825	-.9828525623797377
2.638711216336671	-.5481912799084564	-.2342652087004708	3.919188793259541	-2.998938316112237
1.4987913829113695	0	-1.1408745426427196	1.802372167559705	-2.634712592237893
2.8736913315125223	-.5271498777573682	-.2101035801809253	1.6818743781079144	-2.9828879984579393
1.3538991182147575	.8681679851462818	0	1.0528612228179637	-1.2764917851279702
-.28378140011406705	1.117832419880375	1.3000790311349246	.7240552569253259	-.2184093654421006
1.8568905599266443	.8244472739200857	.6557181716015943	1.030759273654245	-.2601896145996742
-.3363183381098416	-.197996415552728	-.36317866026835943	1.2193934723786721	0
0	1.0689034158906972	.4156702746955069	-.09338953225260288	-.33621082035544286
.8197649398521251	-.5249208216473786	.5524606041299577	-.21163513231494663	-.19613042568393513
0	.07019085597175995	0	.6377600180071804	-.6634091299481581
1.0843166469779304	0	0	-.7686083530467974	-.6530761639678453
1.5450610460317895	0	-1.2247589975428672	0	-2.872054124054952
2.814550565963347	0	-.7288535271068552	-1.1922422569751934	-.6572377828710265
3.174727126634409	0	-1.5947663458369288	0	0
2.4625005440724506	-.21824124990705293	-1.54858213349425	0	.21084982013313525
3.871034190220943	1.1454527143923843	-.6556807526384061	-.47619997671766107	0
3.451413740927251	.9847893147424605	-1.532768652566638	0	0
2.4614800346141044	.24470614096766805	-1.7500024748664078	0	.7092575311444895
1.958036319320434	1.7312941737224676	-1.0291287663664508	.8663102578824624	-1.4425472107159045
3.7097535889189794	1.3885099505825291	-1.7260700463493648	-.9649982460746315	-1.2361476800102058
4.4096711801707595	.23185550843353792	-1.4402393405637612	-.8948936078715231	0
3.8565916192582206	0	-2.5952252186132245	0	0
3.9158828750269747	0	-3.2062722544489737	-.17252817533951942	0
3.049575878327991	-.2375368580834897	-2.6804236935149834	0	0
4.412136927335115	-.11311662678928913	-3.5671539681090283	0	0
3.1595918347367187	0	-1.7218634196286913	.8151177030345145	-.2757014095434764
2.977369975276683	.1858107406322827	-1.85368424813742	.5250991473441852	.5225926656161609
3.894909668587973	0	-2.4416131621487724	.4134332162223643	1.016019148494303
3.1115303177589224	-.6502286774916981	-2.675819679880878	1.331292375391063	1.5732248529496606
3.533561616442192	.39522555302347073	.08144778033800237	1.623694160010105	-.7637087460694125
3.5378723641811005	-.4673826784826655	-.15580299598141445	.7751009319375903	-1.0854593948482667
4.146362274761569	.6170979713017787	1.9527220292599021	0	.2599410999490026
3.7227923909066076	1.2944695339189398	.37785387428308426	.9173358659079727	1.0225466404115866
4.083925823532618	1.5039464523179238	-.3625995901004896	.2463718430454906	2.23397998952069
3.0289338665918937	.23414216052705294	-2.092190766249395	0	2.1389135409086006
3.375469636998564	-1.2573600830858005	-3.9849938603724446	2.640585188558801	.5352753834431829
2.749103096798206	-.2488812054457119	-4.314784432766957	3.2443754873570367	1.4903972288008227
3.5931643216750038	-1.524405573409444	-3.7886653765610396	2.389874478044015	0
4.235636828528574	-2.129239175608439	-3.6577043297125167	1.899500417079657	-.548567593901454
1.7165013436313636	-1.4121834159215596	-3.1079233033197085	1.4866314862412962	0
2.5055742964978496	-1.830846311098053	-5.0888585478775745	2.402228386543139	0
2.7786634635107728	-.5202679427765606	-3.026764996353595	1.0571961850159461	-.2863339868262122
3.5316742689165435	0	-1.465905611899103	.9034428734546562	-.723146000231293
3.0250453080026882	0	-1.1256696935239145	2.3080779800818894	0
3.8675626036804585	.43487537290758127	.13114225060410598	0	.5681743085052482
3.593744974413087	.43598851882266754	-.7752691537238124	.32076629890297437	-.04636514684411963
3.1581191054607918	.5338561167355222	-1.2838130459380452	1.0860725000362466	-.2589839305827807
2.9013080555381254	.48329787874215147	-.4504623873737186	.7379850016129055	-.9751542190978785
4.171160032339285	1.8827018961478033	0	.9203824802428056	0
2.934240360595571	2.0319135229414815	.5546690413002776	.7414205773217888	.3898592594941033
3.3385831666764405	1.2993280732752974	.10013734453197987	1.3649828966406798	-.49312198467417506
1.991564525611427	.9215742830621768	-.4123417050664623	.8098677140746977	-.9658932037189927
.9223621201322575	.9708168804844488	-.08166602325582431	1.4334784864043733	0
1.3314282785696274	.8068433988677031	-.19985729992296244	1.6811029695913824	0
.4530213860169444	.5946473901765552	.6654937245989828	.39696111719172983	-.036301752913072416
1.0700227022441635	1.027624840140476	.23640268085136634	-.30728332779081335	-.5819898938319465
2.7111175582935956	1.425652863323076	.27585581421003963	-.8311006694498178	0
3.387824541303368	3.536942172798983	1.5477135833784963	0	0
2.849616624750991	3.1404959195579236	0	1.939730544032987	0
2.2548368810455903	2.732047187663182	0	2.444878665849322	-.07500979769377325
1.7756816262563149	2.0321596011175833	-.6504232885800147	.9567704674478019	-.053988124134825344
2.637340756969211	1.9650759803113251	1.0422595973326196	.6069935136517532	-.9806338724139514
2.7805086034932596	1.8411396241558677	-.2033661223678913	0	1.741396306967805
1.1413412698050023	2.3461978584475256	0	.13869366159391722	-.07804824937071114
1.887552186400631	2.468025123174283	-1.2021100652578365	1.952808281311325	.25585082574921425
3.7141420337697952	0	0	.39212459002315475	-1.9169001329292572
1.7553868202368388	1.2173554250579484	-.04343635556995984	1.2857288855633282	-2.355997434964647
1.7203695433167923	1.1845549813052618	-.3607461150603305	.3914744216989453	-.23774597778240456
3.383638755775249	1.4030502093970962	.0966656413403287	.10207242863144038	.3048964808380439
3.8896762668061955	2.075065625837987	.14981278193803937	0	0
4.286763613777478	1.518997389666933	.27258279888907244	-.5565750782341192	-.9094025381990094
3.0776661804274115	1.1301950093026982	1.3464485523042389	.679782668158856	-2.710523770250265
4.011472979857278	1.458568471511732	2.206675878067703	.33231101008371516	-.9706337773312096
3.5617980293915568	.3630629418934184	1.6024250880570412	1.2551121950061304	-2.704537794992335
3.2507032599711816	.49154952489615034	1.1801870924060403	.6022703228265531	0
3.3719539440907265	-.10166506386188469	-.8878022511115682	2.868885367246907	0
3.442543909614376	.2803090142560773	-.15698012900609842	1.2567712660991135	0
2.2263887657910884	-.5255955085312598	-2.1687527581895116	3.0829535857319232	0
2.8364783614518	-1.0173845123233285	-2.4415624327872365	1.3737404205315296	0
1.4129575483363916	0	-1.5322481521521942	1.692781530888993	0
3.549167157837689	0	-1.543374219349287	1.158566110105748	-.32002775890327
3.1662102745391927	0	0	2.662730253148792	-.823912560664025
3.8924544310348193	0	0	1.5219613244315946	-.13744013749028045
1.9270931368003994	-1.1020369490602469	.065015432396481	1.1378118380812863	-.9889426956130801
.2746472472931562	-.11129661824504616	0	1.4416032190961539	-.30329766701058175
.32352436179073896	.2900913310838176	-.4799862608204565	-.042797091245730036	.19022274372427667
1.4425934695183809	.5309936333668666	.9036645485766237	0	1.3342806783870231
1.9577035136766099	.11901947809464247	0	.41519636060087883	.9465896011269497
1.6355745198106444	0	.37359240283765616	.7615366625399407	-.6366425666762197
.5955268833766632	0	1.312261574213276	.3094095925394924	0
.9622485095735844	0	2.1982900801092087	0	1.3164370683244244
-.4649126060403197	-.5971225021207813	.23320696094172091	0	1.3036119510768867
-.35931890648336784	-2.951008264377645	-.200049807186047	-.9189751418946182	0
0	-3.101961851091642	.6724320076861026	0	.5492251924929191
1.518090893951823	-1.6429621158878853	.4120352096050365	-.22519626153936712	-1.3464780674795622
-.45537834223477464	0	-.09923812897087814	.42576594209239915	-.9025833663855904
0	-.6842221107694018	.1260550682692383	-.6637951807866365	-.7669256893900889
1.0895231619579688	0	.11398120135182013	-.45216599402358215	-.22440117680344773
.47553394437609453	.6934397135972863	.4111660525977374	.6820542110227387	-.05599004240719119
.2653413326279257	.12780097666860465	-.0835343388120475	.07325356227869506	-.2706598673628786
.3601141076795776	.40451258340925267	0	.6061465266942622	-.2507889859470508
-.3672926080100605	0	.09517947926755499	.5451605232918084	.1708289574321643
0	.04691197063062466	-.31974472576008617	.568341320207258	-.011455030211449557
.12404305197200366	0	-1.0704050067320103	0	1.1160968595985752
1.4002067988655682	.8552942227054443	0	.635327654754185	-.4934571679740635
1.4154232583332202	1.4406526281554606	0	-.6723099850217188	-.6456890225209078
3.4796846469332703	0	-.5823783367745866	-1.1613097538086175	-.35326646497026093
2.169304255665625	0	-2.345931336070715	1.942937368541736	-.7394553789415815
2.394234050062369	0	0	1.1752703632932369	-1.5328239349149493
2.27833435231261	.2402938898212451	-.42743139125361673	2.1334902620266707	0
2.704191960299519	.03699291693799653	-.4932795351043629	.9838164549423816	-.8790864359845263
2.263687201850204	0	-1.1330324656977298	-.2009751503547842	.7617986079779506
3.415050973253312	.16004697885770472	2.508834602488129	.3351461252654814	1.63890491444359
5.354366572261453	1.216585501830346	1.7101439586196945	-.37772115035163356	.028262062798787957
5.647534228570444	0	0	0	0
5.569383879833965	0	0	-.9063548399457678	.26342541286576115
5.0109158982569175	0	0	-.8628834931982228	-.3174168027508713
3.5282730676675813	.6136816399995922	-.005280141961090967	1.4871727676750126	1.816264181687618
2.863849086166682	0	-.19680172400423357	2.525199326124166	1.2591787569111914
2.242184484977121	-.5428252326247526	-1.5657714850770919	-.30291483525457796	.5947806949259495
3.115711018632516	0	.6524153844482135	1.1883230727540495	-1.4867939832403638
4.382064802533414	-.7590624451812295	0	0	0
2.723327526434285	0	-2.2087345441538058	4.465705807170666	1.6066883071891016
2.4823543292100902	0	-2.3969620071100435	3.68552630249326	2.0794962530396965
3.410252918640281	-.3247368294368542	-2.5956077650634306	2.018523401082747	0
2.0197270355171115	.6645118777975945	-1.7588190132745989	.6157259617334895	0
2.715936593323524	0	-2.021728514687463	1.2928667243171614	.007907546318391905
1.1586415119146207	-.3397652026028229	-1.5597369050869565	2.188398159317117	1.1267746167389023
2.219928422509888	.01313938590017212	-2.087613753180509	2.125712442777894	0
3.647047236114187	-.09501305518345055	-.8018891203310973	0	-.8510729636122669
4.0332850253661645	-.7598517905379067	-.8367836529057094	.920453104959242	-2.546364320987751
3.5964178300270238	-.09215918353790625	-1.3591080451713713	2.179806784127295	-.22302674568372066
3.0123474264621923	0	-1.112434790698236	2.0056939274976235	-.30242237865998345
2.758265298209224	.7506113932592196	-.3194483003583334	1.7280016264652311	0
1.1232065985352133	2.172782450804166	.0408792745148569	3.4567009027495703	0
2.078465975666339	2.501709716686097	.20964520992177837	4.121006020437894	-1.1707273065467632
1.959107400333541	1.980925517159555	-.12465572661641389	2.893146026895652	0
1.7512246485680458	1.669618914149272	0	1.906195859581217	-.43215331753174724
1.8403934370187662	2.20993860421575	0	1.9218371932230731	.21359613144465245
2.542734999177615	2.122309181782784	0	2.344255262605613	-1.196334164117407
2.5322104386304973	1.2945648715766553	0	2.4214076037347345	0
2.8288597051965754	1.5647681410547838	0	2.0114850559169426	.6397292806452421
2.8423715614476177	1.0384354822898074	.8354452163572874	0	.3847022850260654
3.2456871917649446	.13799796725865654	.5592035107617384	1.9518197142568408	0
2.4058978419170147	1.6544326299452068	2.0626965421911887	0	1.0498838045910224
3.0410953782482784	2.26457992195694	1.7136674435023576	.705651677188488	.1047251753784309
1.7872045800919543	3.042272021229885	3.530784193704631	1.1453084383031087	1.951877004890043
2.850775147152448	2.2815125494440345	3.515822750377768	-.1365720179563507	-.45801335810187505
3.63890857188367	1.8623413120434773	2.8594814711845133	-.896600348895807	-1.609860044579838
3.436608396191674	0	1.8086623987796604	-1.4531495358951587	-1.5644033417579826
4.010214070994183	.564800646113193	1.0053384593118964	-.3598474226562009	-1.9731430082840116
3.8173378507981073	0	.6343865658227709	-.5360481492622521	-2.5713409563742844
3.3815259535013524	0	-.14003374196800505	0	.1075397593282619
5.0721419652377735	-.8915875373590921	-.024804017034041975	-.28198775738774245	0
5.651912558096113	-.3473983037459285	1.1256214860127787	0	0
5.1657894226008985	-.8333569592483586	1.8715821075065668	0	-1.1185137219730832
5.98910422418785	0	1.985186800641238	0	0
5.081284274230262	.6009954078679828	3.0943644608092358	.6027305406394285	-.6543354667569818
5.233831948029462	1.4058552318523354	2.529881508548405	1.7509465669016375	0
5.166189175081949	-.11691696565563492	-.11985738741024156	0	-.1734370853796967
4.292873557278864	-.9452063208435229	.15044898041836788	-.5473067409189453	0
6.014339294087495	-1.0641243900106638	0	0	0
5.559947093770176	-.91240879642206	0	-.4028268510558374	-.7060964648465811
4.505279994391418	-.8691726399669756	0	.26844753233165636	0
5.968369732667212	0	.17688511303209303	0	1.540751132692473
2.8599615034880683	.7924521607419118	.3910392605623619	3.9154728965611585	2.3576567204553185
4.075177927890953	.3049285382243355	0	1.6427597945281796	.268520767628049
2.529444138312565	0	0	3.011724501479388	0
3.2574515189929447	.11472084187826545	0	2.0346184328069468	1.3916734190795486
2.539940670779313	-.10735830220003562	.3103535437424977	2.531756209980385	.13738917977795267
.41560903912627145	-.9283130560334567	.11113996457459219	.20737136344101215	-.5326265022782888
-1.1340695690164337	-.6761995508721057	1.0602971853535599	.4871941584231064	-.4991787214696618
-.04150355305006519	-.3652128619651094	1.0069079474178455	-.19017685863218975	0
1.5187266426516124	-1.0247943578965246	-.2417937133665221	.5068599672126297	0
-.3147339889162656	0	.3978475840881819	.7477070618017798	.5715586265993694
0	-.06593194261592827	0	-.36160399014449407	-.6331892488752151
0	-.9056555058132025	.04520015137168151	.9027398817820323	-.676353911181906
-1.407872487737301	-.19180100058414268	.3606907253541384	.6669981183391185	.29949993828952926
.3794606375838112	.16276185171056046	-.7501966788891142	.06646237859976378	.8101098715503907
2.0245584028881334	-1.5725344917743025	-.1778675484647338	-1.1195774135444523	.5650881882382189
1.0643797457684951	0	.8644007979226047	.14959381698482987	.7954666367923062
1.5300641344473163	.05486133852423264	-.2935416150833896	.740995760613691	1.2756497121836468
-.04247766069095846	-.2603723983521717	-.4630430793554958	-.21171105471646928	.7954514948356844
0	.6467882399952641	0	-.33436372913896967	.07295717675735958
.23165204243348086	-.180771831295101	-.18008903897687129	0	.4898896643963233
1.5917069452162709	-2.10613153431195	0	-.9723694921223242	-.5646180538654659
3.2729840734854676	-.6802083873744074	-.3069324755554364	.46303750023404167	.6537534004898276
2.692611002008016	.28469832265250977	.47122139981644784	-.29129410826668745	-.41844861307599324
2.359455427650781	.45005254890457186	0	.46386754055314106	1.9478118846190295
3.99419214007263	1.5618351040595515	-.5325035943200818	.37544413632734375	2.253278124488767
3.4918230747639765	.39451041121027397	-1.132750480103336	2.0380803947239183	.5448119079875782
2.702916047850145	-.14721376215295257	-2.1012264344504286	1.189534234528488	-.4654796181069545
2.196895677348828	.5163469427340883	-1.093867726266426	3.9285539245591545	-.47856418203766443
1.9192006883872048	1.0139199983034388	-1.2426702102291756	4.222294614743986	.17390484597599942
2.5279274364753315	2.178690095141121	0	2.5147058099405077	1.758454104361452
2.6388617167981554	2.677091755582178	0	2.7892472050439037	1.2443143601533124
3.5634814200596927	2.1817627898083343	0	0	.49126012583529466
2.8904654387734467	2.2052300382899657	-.24687706183699284	-.039751142875771084	0
2.5360144439049592	.9808490621283201	.46125697825726497	1.0274435626399332	-1.3149812162725463
2.2214604434872784	1.215228606455766	-.7517602750623418	2.431978801465543	0
-3.8506058519820154	3.6663615097266375	.37690705580509365	3.428640007104847	0
-.058039178013522014	2.1431881817001943	-.6131310938371973	1.9636057466092316	-.2650142500992284
-.3665885808835457	-.5154885648280374	-1.3900542146302435	.22469960578649856	0
0	0	0	-1.5615402907812046	-.38648411576760877
.4919257362372823	1.1952966023756852	.6393343138779963	0	-1.105155701428526
0	.4209979007944902	0	0	-.47988424107239447
0	.8729616730265695	.9086433104945415	.3033773175283172	-1.5200180011532147
-.07326040223292396	-.2700475578448573	.533009634909164	2.1114830955607546	.5242741211869305
.6146786394424455	-.17375618953982402	1.4319785918564638	1.5003643106561806	-.09873216105209343
0	0	.5405400685964776	.01584900558010499	0
-.3069789541228388	0	.1835719042451895	1.3632672529757703	.29722223183024093
0	-.7537477197173514	.9238614091866205	.0667608928234089	1.2662762110632881
.5725087882410578	.3300421661430902	0	.5304411382745463	.8246824231596299
0	.48405463847716323	-.5977842887372206	.25109603086861876	.9173212594363502
.578825968631058	.7043827415983261	.36814859631252866	.8217637504202073	1.0516988878187996
.5996788662780821	1.3901940059225613	.5950314607867107	1.4623799004999067	-.26034895915096123
1.4956643753055008	0	.23675833576110678	-.31192029588530484	-.7510339147077296
3.198660172493615	0	0	3.0909575136239806	-1.281515873934941
2.996976332828323	0	.6480282046148347	3.7130666938899237	0
1.5561783437872487	0	.830632060084974	3.5718384459231185	-.6708519606393635
1.8198433811405357	0	-.688603660567983	4.101561540693746	0
2.694646124533727	2.7699831540535813	0	1.304832503697106	2.2417305010975257
2.392212106247163	2.1143242259811816	-1.3228713724369388	2.117824943246021	1.3586594554086497
2.308910306657066	1.307688242926718	-1.2821376913254983	1.722773144185532	.40550205190195276
1.7887057868422538	1.6850227456955995	-1.2196739573833524	2.03229877207965	1.3532715647267892
2.1544779498549618	1.5161633942722526	-.2736135767102003	1.1739300125319463	-.06963331265565165
3.969523410120027	.9068643726465483	-.7324898373746739	0	0
3.4400043751152785	0	-2.0441220144495236	0	0
4.450254953983816	0	-1.151717456920026	0	0
3.4666696865329856	0	-2.5236065590461085	.43560117360426553	0
3.7352168300188353	0	-3.169454430441887	1.2261026434325935	0
1.9835738421026494	0	-3.4224330094817086	1.8902663438208072	1.6871610100102687
3.4098630699548305	.27694364916303155	-3.897242810095754	1.5110113041470403	1.4254823995532218
3.8163556350716585	.43421652784257736	-3.7148873686846238	.36456409963691105	1.0954910091287529
3.4064187360429905	0	-3.255860600775735	1.6345634129249547	-1.9539491542768785
1.9849074647598446	0	-2.276434564647908	2.7329883131430037	-2.9629175067776448
1.2972597747891255	1.5092350004698645	-1.219510681589765	2.3380538354821105	0
4.61647719209452	.06844856178783443	-2.0927845130986498	0	-.4658624937095341
2.1790414504480182	-.9138836204670815	-1.270955414848783	2.1378827689176054	-.2915013512160034
2.6511510976651036	1.6269923151222696	0	-.3468618234799975	-.2174551927977954
2.154938502443765	1.2042730316959167	.8559039895838108	1.12006007549733	0
2.419095351453896	.5823999479694237	.058937739162126024	0	-1.4229868727404562
2.686442392704516	-.2623044028129943	-.9825414600450382	0	.1748198986689023
2.37870732343446	0	-.9898613875092013	-.43974326103532446	-.9057743655180831
2.144924087033461	0	-.6952176829487956	-1.5821231565715275	0
1.2072358265363532	-.09327719373784522	.563244243415618	.9719214945469237	0
.8125237428642955	-.7116365159746527	.24841920347123492	1.1563853679617413	0
0	-.2043769593192582	0	.05262463901799143	.3167812515601381
.8142500279243001	.9143813374338519	.08786357222542154	0	0
-.5364936753458658	.34826445322228616	0	0	-.17175665723642952
.34434527263505715	.3316491615036221	.9995766908559793	0	0
-.4108312887661607	.07047471717849449	0	.02679841241488412	.3981248048228505
.9422531322063237	.3149729393782391	.037653347528237624	.16560498331926965	0
-.6464609247886883	-1.3303722995152174	-.22627310443383966	1.240421367830097	.11867951969819229
0	.058660501461652775	1.5923643948488997	-.6260289360828685	.32223916450174606
.7662890023883697	-.9078818647410466	.8248377163132579	-.07326054267802273	1.2913397052768645
0	0	1.2664224191157019	.5073129433729631	-1.9823435295806369
.3212421061526519	.3356597085145554	1.2971266464603053	.047376297702246606	1.7460441331040817
0	0	.21089543732779295	0	.5602033435680505
.33059105540714023	-.624876507735687	.13284510875313899	-.5083518305171902	.35012167290830903
-.48976955607238903	.21512908724424212	0	1.1028993082123797	0
-.6975069111490513	-.5155214167742697	0	0	-.13808165085135282
0	.44754801541646316	1.105160299172797	-.016545911773134858	-1.6913909910943805
.7032355860943368	.7352262000802686	-.24527846638353706	.8020292511401174	-.3109364708272736
.11196687782347334	0	-1.9255122779639988	0	-.07503430965740898
1.90582905271478	0	-.4107204836363137	0	.5955153091844063
1.5140484498398203	.8537264616296929	0	.5923983013533228	0
3.1191333680145643	0	-.76899604735292	1.114311371836146	-1.1011800534611724
2.5822900735300407	0	-1.6366266575127044	1.4089247718026465	0
2.003482396639057	-1.3425665062225562	-2.0190341494083066	3.2303566937312356	-1.5392522407022031
2.4671960179947034	-.7771081504263151	-3.5432246338420663	6.317591424708794	0
1.1704907420184212	-1.3899397265917286	-2.8281137703137733	6.148546651665985	-1.0524010941580855
2.8789455981138645	-.8757233281343209	-2.9100813465570745	4.041249418039021	.7586565069252178
1.8241383447566986	-2.0650907771412537	-3.4402580334459456	4.566710378909955	0
2.0984314482939963	-.8320159618626621	-1.9573457622666308	5.331335663294169	0
.9770748317652773	-1.2673906922524463	-2.962576920299005	6.911242321615826	.5495341514424364
.8814459416806046	-1.2891554554332387	-1.987960266069283	5.171121588651481	-.6958333375280915
2.7699837985554354	-1.7779187337830715	-3.1391179746863576	6.610343591526497	-.6375809455410899
2.5442504325356716	-1.29743975226961	-3.04556629545776	3.5014950123159885	1.069049220777462
2.2972435396115074	-.5463919511811551	-2.4589953107544105	4.745399681271197	.3656987043803217
3.2378399409249243	-1.527613541430214	-3.380648695773568	3.4368914026193567	1.759064917003343
2.5693922395218443	-.9772667833757425	-2.802004469222158	2.8242858669810667	.3169870458847075
4.013820475753209	-.9849692766292293	-1.8847930872033491	1.9171053183365203	-.22879000407967984
3.3654105170965978	-1.374500002222746	-2.1422518586820205	1.5950941377336771	-1.69178433805127
4.077926448759092	0	-1.2721522947663897	1.3094340746677702	.44258379703152184
4.105140589316389	0	-2.630848705300795	.36030718009664464	1.5531671961596103
3.084850929138696	0	-2.144196429611576	2.099106916112139	1.4969635066816749
3.6903352347198948	.5079067073505179	-1.5984511216342163	0	.2999605211367089
1.2181838173971875	0	-.298210378988427	.5744452256539865	0
1.1637802304154794	0	0	-.0907929511205457	0
1.5129376124662293	-.13632183970289113	-.384361161771688	-.16151232981307623	-.008569826167820434
1.628335168681495	-.12370208793435364	-1.1923853205467698	.6778344333868452	-.27617151243991644
3.0022422934935333	0	.6028609952616999	1.0588030262621908	-1.2492080760761708
3.732004409585094	0	0	1.7427479880454901	1.897984526660705
3.2683891677677384	0	1.0652271958158954	1.5473418795144516	.6556970068098276
3.172188467367698	.17678787951941122	.6844347688416962	.8687185326369262	0
1.7730073089810574	0	.128585229740049	1.987660335888199	.8174462292692141
1.9335402622900366	0	-.41663539313703946	0	0
3.037939102195314	1.216319918081716	0	-.6867822089010506	1.4246566188787284
3.1152403368189696	1.1323451134361364	0	0	1.2782665243818694
3.7387239555641294	.7910659350475615	-.987475127822397	1.1420331419683958	0
2.5630860978599714	1.652514579267124	.020212545710714624	2.3311852922654244	-.6311658490888579
3.0320046647959673	.4247356828507536	-1.0080659234684513	2.4513398028215807	1.0854062263667097
4.293729846285557	-.17433710751016115	-.3630920276039907	.5304849370620277	-.3569965577904423
5.686712382953501	0	-.11588180322114505	.37615536889264656	2.543021995108102
2.9631360851666235	-1.0377568566229107	-.11048348455682891	3.3786298065926488	-.8995108719982642
3.8983167221779174	-1.4527148064480482	0	2.126258357548818	-1.223937110411818
4.482970736164015	-1.969656708542207	.1384086767387993	2.0552049553132035	-1.191302633269801
2.542990384496257	-1.9050263119464836	.43182532348683106	3.995719150596045	0
4.159670779641042	-.42622224589099245	.5139361665153646	4.021102609598783	1.6353866981068008
2.5266060378674693	-.007633062012709774	.8142505224678336	3.056722574593256	1.7999020597649698
2.1162349059248697	.11254328316034196	.5433179471145368	2.1014048217544206	.4494714249482285
2.831686860613139	-.824450197881317	-.2934669695087556	1.6758644312728448	-.8198935415680964
3.2549516379426633	.7922450411749028	-.1930119268058612	2.023332489330678	0
1.0104017595119332	-.14655217626978811	.28173790613170324	1.0179706378693296	-1.0793512664704026
.8133355197396716	.5070980397716389	.4045295512609624	-.3960999796546151	-1.6180189464595751
1.6685214272719908	.6339061728537856	0	1.0341522041068236	1.1653786175235235
2.8066330978484078	-.09150860450783849	0	2.5347215021940244	-.15046301531733772
2.645767333459936	1.0007897014762737	0	2.353007820617906	.3887076586097875
3.4362529772035635	0	0	0	0
4.747022721863239	0	.3231274859848285	1.5294520848544104	-1.2593885793237942
3.6649533250879234	.977545707032285	.21704404717457979	1.2574713589431916	-.9322686713914153
3.2863776623148597	.9620843104032479	1.4826854487959436	.7184620236400188	-.029933188454248416
4.227034260924606	0	1.4010809642492883	.5887318705416807	0
4.2181835872346065	-.43390666262940925	-.8789308862822065	-.5181425836938995	0
3.7158019029202505	0	-.07907451258168952	2.165389208065438	-.7237257005563767
3.613037547042955	-.7143120290574442	1.521117925805834	3.9104348451416513	-2.149850579510134
3.0321826957911022	-1.5157002755551416	0	3.9743285400163675	0
3.7513381023010366	-.688072409301131	0	3.944389612932193	.45310797973265515
2.711909646210021	0	.06667699814638892	3.7449726034222084	0
2.4804239152585406	0	-.5764469944089061	3.2985107348562446	1.0081555971519227
2.7037068541018523	-.4044281381999967	0	4.875989435800848	.1563493719271335
1.4956397681852516	0	0	3.989943818799289	.9929475192601833
2.3315227416707502	1.0868176778971852	.843620379657666	5.583938889961531	.3502789334625852
3.1740662194960407	.5198906429092114	0	3.1479846085648058	-.09371870144054417
2.945093640778274	1.2228868321555455	0	3.1787398557203614	1.4320703060170872
2.8311647235043558	.2150234356492856	-1.1037573823344713	2.201474355891082	0
3.2201776721007884	.9931309400306734	-.0361198404931993	.4848708840832916	-1.9205708263047883
2.615228218283884	0	-.4342390606464885	1.4661242452162928	-3.268785477532448
4.300891932993004	-3.107587242392336	-1.25522971050808	2.331180675119475	-3.8045739242114887
3.7635860742850062	-1.7119330821013148	-2.0702511598901907	.38157816432966324	-3.3406066157908034
2.7035592195512965	-.7095551879120608	-1.2030088642414396	0	-1.7419614665857097
3.2529872126242103	0	-1.0393652890171579	1.832009957991117	.053725363078159005
3.5802306612400674	0	-1.53577355339827	2.468586428624112	-1.2899270968287206
3.44307824384401	0	-1.9446514506441699	1.4288838608621843	-.7730902940570508
2.798705674396121	1.0364379108298825	-1.5941133035588264	.5423954364091219	.41870101942239113
2.9527440648229506	.5668688818365912	-1.4803046068713885	.7731037082519323	-1.1940750672894027
3.5738522897624807	.7490231628693598	-.0954269356159779	-.204801447573159	0
3.2860986448199863	.6696729238674036	0	.3201778172365149	-2.134769835804537
3.5128828082426717	1.6213388178167787	0	1.0242975863240718	-.5218918863143269
2.8206728701277903	1.055927977674279	.09463282219655943	1.368236203792939	-2.019245901315106
4.275659346611146	0	0	1.5729848541818319	-3.110161662351324
3.270534304301118	-1.2666335005202025	.301640983294331	1.6656029094642062	-3.3089967436752077
3.498527642926087	0	0	2.9549760473229565	-3.195787367956097
3.807212163208771	0	0	1.4458703838143199	-3.857778322224322
4.571309146565836	0	.6650417055080682	-.6694988575097524	-1.9795992815111334
3.420603887198856	-.4029839202694138	0	-1.112925190249453	-1.2706551798976975
4.917275332516612	-.022134777322868355	-.46588985005466577	.010997460714331497	-1.3123419560001492
4.453608235297336	.37573405116869424	-.04330247903335471	0	-.5917408315412067
4.500822751428993	.479217156300596	0	-.25761946898922045	-.16805097431924979
2.896970866286875	-.10197955680819948	-.1659927623259452	3.0874588940215566	0
4.448698826599751	-.07591110189038983	-.6243315075562662	2.6872817314301227	.31430102066312093
2.645218775981079	0	-1.5174073495284341	2.737861332586773	0
2.6422019067739404	.354035041623398	0	1.9958194971998546	-.19826382821098898
1.2921707250638133	0	-.8354078887505711	1.4998513790790882	.23207596185869903
2.490461577694822	0	-1.0041340059651653	1.4173970903076667	-.039696324839477826
2.353847428995834	-.10056963222611108	-.7564781069221986	1.9650320155495131	-.30826784127083684
2.654946247328289	.7847398789104694	0	2.690560627570587	-.39420424005344856
1.8370654402022768	1.386503490928923	-.3788228305393275	2.999525446190279	.18690314678040187
1.4363546447134947	2.4942476954849777	.07365219436015147	3.2780235687189534	.8404698638525356
1.7604678129082063	1.5138131622592368	-.9720084180741004	2.4045050314723184	0
1.2986149620919654	1.350915514553215	-1.0824505791314976	3.624620308960666	.352544292392609
2.16087547983789	.6395234868297879	-.1120199932812926	4.234390748796034	0
2.64018272381351	.409862933658366	-.5447810633716708	2.5825293646874563	.23759469301961045
1.3546579069857831	1.0226364615365018	.8103796586149765	1.8257996883306216	1.1691585212218394
1.857640822878576	1.1106846330808569	2.7339330760856493	2.5183725262660817	-.029495280316416128
2.9698470054975856	.6012635805264117	0	2.8159570342349314	.6703204379568499
3.6335126672980085	.8595697762472964	0	0	0
4.3946511773426495	.658148061391365	.49872621006739004	-1.096084691811146	0
4.852621416828216	0	-1.2548832735949682	-.1562385113830272	.17529892873341874
2.890816640868374	.23472737799516874	-2.239934393064918	1.6502780852130614	0
2.2778181098911894	0	-.6933985216026639	2.528048847952296	-.9501066501485502
1.0846926591560302	.8855572511397781	-.5524936145970651	1.8271939331634746	-.3689854464903472
1.7603822443129329	0	0	1.0784605769769888	.017533060930521094
1.3888179354032553	0	0	1.3267600551966232	.45795739203312646
1.2824278911692069	0	0	1.1669269981705441	.04325655752141677
2.107881302748818	-.5784691973217916	.18443661566208785	4.407971690236936	.13740210573557926
2.7050281090813533	0	-.5266444889662079	4.09120802545415	0
2.83270168484595	0	-1.981199557595877	1.6433329967086356	0
3.422366961523765	.12200913203351983	-1.6539855433124455	1.46446142984563	-1.0695357084587624
1.9601917810200549	0	-.17424837557817546	1.8100790546419128	0
3.2088569388197565	-.5418809555621444	0	1.1561654795346734	0
3.012735538960721	.24789312243745587	-.5682804141432161	1.681218749449503	-.7006438833743931
2.493686214680202	0	-.5828126326339251	2.159119131091146	-1.5226659712020054
2.9976563804016676	.1424567672769802	-.6549799134249384	1.300812500990813	-.9276250967263722
2.9370347101923393	.8064956862163579	.49540813074966095	.6213870119947972	.00020231333013120967
3.194432610229641	1.1954278387819934	-.4881382304794252	0	-.2880760271180095
3.0034553784581433	2.5386091756027187	0	0	1.663462646754647
4.892397032497713	2.4633848362501616	-.8431243153362791	-1.865672741118246	2.792050928304923
3.719312407710973	1.6250150292882402	-.5874994491088634	-.5019957466207574	.30006922802562563
3.4177849143781014	2.069070501963814	-1.1018145272594584	.18422882980930502	0
2.7916319155512377	2.2646516382753235	.02991620620046255	.9221316144197528	0
3.0067579778972697	1.8365729669153137	0	.7820090023338613	0
3.1306545149930245	1.760516887868402	-.30825160139175717	.5179211005888168	1.8448281351225486
2.001068688284893	.4170186350165249	-.9000841069025096	.3018408367603349	0
-.06431286489462401	-.8659436854446717	.06561658335980275	-.17123393270382437	-.31879598889032884
-.5070033555365885	1.3502106089090853	.29818506110838827	0	.12675402778701161
.4254909043342453	1.15638453392567	.5170930608162365	.8377174329999666	-.7314832896685524
1.3458309402769728	.5349716678261404	-1.0456036388184784	2.04735868428722	.424574082123404
0	-.2761327753554157	-.5818517719933607	2.212920731319249	.5363958629827502
1.5436315376027163	1.0783154447566725	-.9718716014484271	1.2430681774797578	-.05391286175506066
2.072361644648892	0	-1.8687460217261047	.22615972109385873	-1.1145986981728164
3.7436573485255122	-.613076402817473	-1.3595178328705337	.651139991327514	0
3.9482224444286973	-1.1515913745600326	-.9992097684700605	-1.5007413371306217	-.7512703254274926
2.3231532442253324	-.8326927398545708	-1.3062440108099342	0	.1613558279129958
1.0243656224375222	-.638484519835754	-.7041837380245607	-.7896807700543729	-.3941643481012035
.2788091020225137	.3767763099397783	.016672724474798117	0	-.17268192763529178
0	1.160797820906441	0	.2826396867148382	.043444576185395156
.31837792026275347	.1086437789234242	-.4442232666978926	.557963639768504	-.40034736492733747
2.614214746827156	.7034601721381317	.3662518971805058	0	-.15984568031780166
.9353565648195165	0	1.1290950706723055	-.6872573852135928	.3494313709133046
-1.0672821788871416	0	-.9167970531265195	.31843302098634224	-.736627703139201
0	0	-1.1765386233696356	-.13178204448266376	.6411403808638342
.8505846051200529	-.2450237103377757	-.642590984443628	-.05239356158558628	-.11859529967468212
-.13627604512073538	0	1.3980281112945536	-.6869283482772899	.1979074571797728
-1.5632932834723519	0	0	2.300428180598465	1.6652202055541245
.654164348881606	0	0	.1602465996418958	1.2291711100229723
2.7036894858947305	.6691071252627583	.10318471617282982	.4230180735223529	0
2.13204165329659	0	-1.4830030472170228	1.3555365640535335	1.2158377063671049
2.528094531130309	1.4158298407973577	-1.2391809962396798	.9598249858719612	0
2.8115158669886746	.9114150373331485	-1.8292737256807614	-.9065479356316108	0
2.0313365221229995	.834859003959688	-1.6632736625193545	0	-.8963641656187481
1.1673122339216486	-.6541726465055472	-2.760693586561416	0	-1.0264480266710794
.3499195249578257	-.08803095118828219	-1.3695329499819193	.5260523981292831	-.14801358376716517
-.05345002488097737	0	0	0	.41615618101358925
-1.3918545423957611	-1.004301093527863	-1.4177433251386387	.37185878811518625	0
0	0	-.8309585142060036	-1.5314364778655167	-1.7436064493737753
-.75047130452206	-.9906041200512266	-1.9276149322551914	.9694077698607461	-.4776126294763733
.8457354508773689	-.7052107005042326	-1.2640457015600588	0	-.6446968431366977
-.4072090203137529	-1.5077326364586625	-.24229082982657568	0	-.7744291554984511
-1.3455774780100267	-1.2978619629691783	0	-1.1445758988235863	.7797523769637156
-.5180891620657161	-.06536899790151934	.12779943820039355	-.4140222912965953	.7632958047319415
1.4536264678652193	0	-1.507704931626641	0	0
2.058447672842598	.4184802761360758	-2.100482844069137	-2.168131184916197	0
0	.7121226314137181	-2.98721768308664	0	.6454806447463787
.7532693742110312	1.3067195710459665	-2.38043937325003	1.2413889932485576	-2.394857258515471
2.159410316528352	2.238265055313379	-2.405030767693979	2.320167871063934	1.0133630707318477
1.0558996821491502	1.4973178272810677	-2.6854897237781237	2.869096308446206	-.4904501053261404
1.162062657727972	1.5681672232919233	-1.5136538620070408	3.541079699286003	-3.0875881937823895
.35096052151950297	1.3502102860327216	-1.731667066701525	3.8762475892914163	-2.647885191631455
0	1.4717015211055355	-2.5631812087430665	3.995833849562049	-.5977097588125558
1.252068973708944	1.155289569859631	-2.4426025108774647	2.3745519712768397	-1.9191185614984079
.4527121787729603	.19941681385244872	-2.0227800930981643	1.2042369171016887	-.8632991993683844
3.3095249863032876	0	-1.7152734366261857	-1.2496696528844835	-1.268075350418297
3.932661653375123	0	-1.1102331920278132	-1.5724622671980046	0
4.055229371882531	.6471656612685066	0	.660657219028799	-2.7588826426522184
2.8001127694868986	.9565237100448478	.9769236465670663	1.526316945193937	-.2206683625264445
3.357779433668712	.9372524744372832	2.331168740033744	1.7022912405017343	-1.6616281961021022
3.222197099807347	1.3422773837153674	1.8312965745141732	1.5432356957073547	-1.088345828733825
2.8265960170483186	1.1349940184639802	0	2.9853493135541647	-.009356074686582061
2.93341229486585	1.9756740734393468	-.0814486279645528	1.8597958119347104	0
3.4120936234461965	1.3801061414024098	1.7327648542573573	1.108870757629257	0
2.8870080628584853	1.7627321262635822	1.6201217296619586	.8591407453967761	-.12303797152594559
3.0435124616527194	1.8337956158305195	2.6251966879386925	2.0804065697850844	0
3.356615299452552	2.160012135140964	1.703485985758597	1.0735315570755668	0
1.5225731623268117	1.4295813523982435	2.603045349942406	3.30980328344427	0
2.1026157105840815	1.2615402004283258	1.8496568310012587	3.5653770915043013	0
2.425065730562647	1.9642967054891372	.9849671578096453	2.459136991406586	0
1.890308332582366	0	.23823192417502503	5.993579644325994	.22918212315325942
.8216329995806108	1.3129949571654302	-.29852290008010124	3.2083327473988845	.03522823551760723
3.1469290534267964	-.501870028457331	0	3.0920739288350028	-3.714602721727572
1.2055354180381397	.7287682725003676	0	5.6713367331176485	0
-.08658543662592089	-.7396975467100066	-.35695894006540585	3.924230936440524	-.8214826878474638
0	.6453371965874398	.009999642807788027	1.071156626822672	1.6309080252243504
-.7174415579118814	-.048476325486320526	0	-.7037559666779701	-.857198293990028
.3753780164180731	.4672019066719325	.33497697619306904	.3257847186952356	0
1.2286204844245967	.7268624463396951	.6326743467539827	-.3471077468981467	-1.9327788029929664
1.0111173909319107	.5082874245063187	0	0	-1.373099406413628
1.2357733687409485	.4489513045410839	-1.1834537796147124	.039361325058059726	0
1.5891848689639494	.16179840066916365	-.8707844517079284	-.27727120966207097	-2.8286337522062674
1.704688644486539	0	-1.0701728403324164	.8721618895065602	.5699383240073579
1.6473638294639437	1.4072626075075396	.16706262128054017	2.590562642274856	-.7142670695019224
2.4941439325124186	1.5054980080033464	-.44481243645314616	-.6438486857843361	0
2.9126516346435993	1.8367432929187546	0	.8353761481871452	-1.8705231377544524
2.9208402539004394	2.9635890992510387	1.6079506324721349	3.096119774079534	-1.379517886371946
1.7135676135418798	1.0997564719258155	0	.7483732167866497	-2.98071676892753
.7497333431431545	1.2066535498506281	-.28754676285818015	1.286053497249552	-2.221584969559969
-.8135309597385001	-.3864510481280747	-.7245521984143996	.4666907352492906	-.3660364908584002
0	0	-.5952619952522269	-.5433441373139017	-.6849548538344047
.11252018775796956	.05668633654132993	.141617517691776	0	-1.2019602180894462
.41795022328935627	0	-.189568031478149	-.12735047548777756	0
.3757150155614016	.39717692097327006	-.39961071635372103	1.4406511485013942	1.794316013579491
-.08833214475142166	.9445710301193085	.6630330798899513	-.086468548404994	-.27893473355248727
.13031658651739225	0	0	0	.532009281715834
0	.0620702038699143	-1.5647035070158744	1.1055583557740523	1.526450683694363
1.2486038855345312	.6952677444274868	0	-.4477282291048306	0
2.1261233211190373	.8068880830140834	0	.6034276337457345	-1.2196905091491315
2.9146230074718096	.5647210571856915	.5294105569124414	.8733256167318909	-2.6622316456521626
2.4227051380503655	.020599257168439578	0	2.3983887964259996	-1.5221732824790792
1.7374868600267768	.7823913141778215	0	1.9948195688707426	-1.5679709765773306
2.3540890463368624	.1917334949807027	.2376985210950297	2.258794002800097	-1.4529664135546672
3.1547349876513273	-.054304712166714356	0	2.936084949567771	.15674804391448904
2.0964928159780243	.5297654372225958	0	3.6207928275605124	-.29761405452540923
2.5909548303253334	.6200354186317795	-.23474926747106906	2.4364488500958865	-.4086088960075786
2.5758125452880356	0	0	3.329578653033085	0
2.0327390077020433	2.0302264000228316	1.6383907375214675	3.6205851455287754	1.064295011654153
2.429155031994478	2.107596194169026	.6707469221281659	3.737629113325914	1.3536799228670715
2.4812417094238945	2.2451548803159995	-.26301986216571566	1.7102598259638477	3.8992586502858675
2.9966086208265206	2.489287833019987	0	1.96581029380333	2.890942600730251
2.899730470660524	3.0177603232861774	.6267683832074556	2.9172450552291984	2.599412362371611
3.240214866764432	2.741636948777333	0	1.4088121263718976	1.9344866225913604
2.337866782504647	1.542101844785818	-.8303968716216176	0	0
4.052487528833934	1.2956326320471472	-.19571660704715466	-1.0090188696854667	-.6760513103445447
3.4108697337636777	1.4857076406245844	0	1.5746828136722266	-1.8342364541304157
3.8088475955905903	1.519997592735598	.1378680935156571	.7518939618072868	.3703390007890343
2.3292841730934577	1.574617380026815	.7728906717408798	1.8868665013288424	-.6371275301243798
2.822585423734484	1.1370671234512082	0	2.7070504080163635	1.0618699322617056
3.51557139259176	.7208950952606084	0	0	-.197666237837541
3.585438528682855	.506624851689152	.2888412563721117	-.26004972291154616	-.5275732362189572
2.696460958845314	0	-1.7284086188708454	.10662094845502329	.343447055264181
2.422472505366839	.21087124790798328	.6556981911338617	.19719588753912068	0
3.0448701168230157	1.3704250289772526	-.4002892724229103	.5788208374806518	.3939638703473901
3.453344351127722	.7903180702463803	.08398220766713882	2.0093370224464557	-1.8464216370275
2.4733298974905575	-.6785092523071345	-.2982426851622366	4.009678312956554	-1.934691547770301
2.7146038403793367	0	0	3.098443487280426	-.3937976204176474
2.0248884131506433	0	-.7361030742043341	2.1343963291856864	-1.5124256802025116
2.147636586374472	.5652799325126653	0	2.8074726735596984	-.5607382317496308
3.4499320824069093	.4034226197375853	0	2.4369392744711287	-.9732033805057616
3.7960963746377296	.0986526046036833	-.4831290786495974	.8688280133213766	-.2023271197448042
2.1287442295753998	-.5831169029332484	-.7439382825392515	.920297936166327	-1.7661931250175926
2.4009588334683585	-.38429275503560045	-.15258980863261085	0	-.21577450805368492
1.8110996819485292	1.2499593903613548	0	0	-2.2107649360237653
3.2633807706169025	.674817278189792	0	-.08025216476368086	.4975240314042224
1.8134589980918934	.1757017740337844	-.348222411943939	.14990490710517318	-1.0714988656539877
2.8505849015098876	-.8841973450245175	-1.8585061347465865	0	-.17028122628775413
2.725203331349862	0	-2.6210069610496167	0	2.1251945635459832
3.255822416892735	.3811309631121029	-1.4878618090826081	-.663370472426699	2.726834252577892
3.6236806295417336	.9277169331988533	-2.3882270405647636	.8126898835334739	3.276956295601802
2.712009028968117	2.064597020365306	-1.0868818050749929	.12681056594668583	-.5411518947826555
1.5974572526624815	.8687611016559412	-1.8361712789747076	-.4250023995143324	.20537196441035757
-.03264774749509278	.5310784599779556	.0151496272477906	.2825034070670024	0
.007110162819987997	.488321591246466	-.37329050756005183	.48969964581350145	0
-.09663869829768751	.26103180290120326	-.3533024877800977	-.8256464585072865	-.4674927818640653
.6147931369810227	.8376707449308307	-.14543324182303902	0	.08799163435199336
0	.15766343106067443	0	.1588412889919567	-.9361953445775641
.9335204595922653	.741905551254683	-.547176901399806	.07902831922487702	.043883908077802056
.8369254666675761	.7928222126081764	-.42571610200528115	.29202275608703365	0
2.453017579658299	1.5220819367692828	-.3512347788370755	-2.6163289593099717	1.2834118488246276
3.397221559484548	2.14008235412821	0	.10064773734674415	.12109477233681465
2.041968922920841	1.7561689106224172	.34087105491777125	.7848708898841317	-1.7809533916446938
3.028040200047624	.6932597136280675	0	-.5153740506770975	-3.030213834489373
2.550428740336516	1.0584958618199587	.3103659586111653	.029492858488834955	-1.9092305274433607
2.8021404642394176	1.724732665822603	.08927489005517178	1.4254998012595963	-.26824941274693087
2.479983302636775	.8543347066460047	.6633512427187201	1.0603115520096424	0
2.9438050392131663	2.210806479956806	-.5075674930890698	.7424128994489934	2.1591432597403526
4.481354356380028	1.7003476286925183	-1.4625910092533132	-.12487793149253339	.37353730388073425
3.6320384472857263	2.2483886796338104	-1.236207986896244	0	-.1150433484924742
3.4872014740376227	.8877916447650802	-1.7920478693634143	-.5452200978415596	0
2.9023880890026432	1.0716780523352365	-1.207191189759389	.16169437319021834	-.7911024546884582
3.616726636971334	2.36251068481461	-.8419363335649377	-.6711905621188865	1.038529169982014
3.4679045229101946	1.7359347855279466	.6909632186317225	.9206690636966167	0
1.7607547431592685	1.9402706598560082	0	1.6296941967524117	0
3.1037844655827005	2.5226817296597592	-1.0170483803520272	.7150396389545344	-.3630125030088316
1.826992195615303	2.6399964838787287	.9575390193427855	2.171801045781005	0
3.3265094922904934	1.0302556214806513	0	.570662562923112	-.44177231191984057
2.8575413078979954	1.4623320739446959	0	1.3299702914787042	-.341330492282266
4.013695719591331	1.522880039508928	0	1.8359050254603972	-.6685575667558787
2.472175473150746	1.8894051170122215	-.277480131661493	2.102293501976488	.2745694352260798
1.3793352894977373	1.4411856463969626	0	.24356496758229096	.5397799330753574
2.6535576359369917	1.2339931068985894	0	1.6725815031319375	.5329799930577701
2.100840840954883	2.083748993858702	1.7565673418059355	1.6432162368387573	.6233263876905817
1.8297619517627863	0	.03717851264305866	1.6105241480994945	0
3.0505114601205863	0	0	2.115326012594827	-2.9223109006770454
1.9069579373213337	2.3480815478349433	0	2.6389022203287285	1.0620903071681587
2.044985720853249	1.2457140824252089	-1.5660238008835816	2.328279315382709	.5432794629018023
2.5882592733227217	1.2701635994698137	-.47179438386309286	1.1049191692078741	1.020201000425069
2.2750153979365475	.3823101366479068	-1.838904044955413	0	1.139047454562236
0	-.1168668272359356	0	0	1.0356545924568845
0	-.08742499176833153	1.0084504886805783	.6880684630851392	-.0789925518174856
.2227774924096675	.1303605332697856	-.0842271750448893	.8020205677655625	0
.30709323158012836	.8207824437760385	.60162926583265	-.6129410822400703	1.1157665219420663
.6579839847628466	.027555343339128263	0	.09572513936066127	.23704918826550803
2.0515961030441754	-.2568189545817493	-1.5058448910125415	0	0
.0560982414705153	.09188283336019452	.26175670380752514	0	-.11698773305230598
-.1798513260612479	.06360891333242816	-.4090361590280725	.8528256397446246	.1308401722509167
1.0426810125422414	0	-.7475850875111781	-.9953087477594198	-.6046431803834682
.9725135941185297	-.8430543473493457	-1.1831655193454447	.4639616723554093	-1.1025029720502808
0	.12581278166930007	-.23508671678565807	-.4425667748738205	-.0605109857197339
.37596059185977876	0	0	.2660257123759625	-.3255829396575808
0	.42239240771795994	-.7097318525753276	0	0
-.09291616895760851	-.1916746871437296	0	.6074827015394744	-.37130843448131096
1.4862709633292073	.4662637748752603	1.3034646554947007	1.0231913733600315	.9538315426179379
1.3607854156376882	-.1848930843941751	0	0	-.16968085742011538
1.1915258017509347	.3279023005721935	0	1.3135650150795701	.015390401740357357
1.8661220714215763	1.049082149082923	.12042075047155865	.05901460835637751	.45581848131354924
1.1857763810730708	1.930021021826645	1.1738693478702684	.38594288833239	-.02317543924773305
1.6074323615643373	1.7245131997911058	1.2995755887016944	.2813786910498234	.10807181206023533
2.402823357521069	1.553076164255157	1.0331159119671964	-.9488397908642549	1.6343501696548182
2.6321885269532657	1.0865566436272864	0	0	.980172901638334
1.8585793681647382	.6297440171822762	-.10588841633283293	1.074888945559431	-.13733172951641598
3.5218773750398444	0	0	0	-1.2438791044734268
3.629391463498937	1.987756433958383	-1.117254364889523	1.6651128320844197	.47951390675999317
3.0005200148044495	.15586573321919878	-1.988871782149976	-3.0061866709444645	-1.3522964633011607
1.67091744233554	0	-3.0938791205017004	-.4907802374844519	-.8257957205827727
2.926277446096127	0	-2.4144183066537916	-.8038499423311456	.12307827292024448
2.669250004749743	0	-2.2237205313421353	.7544504608856804	-.33636357855960913
2.8249650145926632	-.9964762298010538	-1.156979208713822	-.3372502487057614	-3.2599260665391205
3.399609434873766	0	0	1.4373770870307356	-6.351490257241854
1.9424702312047477	0	-.475084483172556	3.8767838403348565	-4.680691749203773
2.0895170706745914	.9509040959995765	0	.5127917808248064	-.8658284092783191
1.8734124672150028	1.3885435196458802	-.5235100281650941	1.390444947253447	-2.731987347966822
-.37071475167901946	1.5274523697721507	0	.011115376217775252	-2.7293211779250965
1.5062056453192723	1.0419843618387405	-1.6733334303091565	.3959744856540932	0
2.9341697702896155	2.4247059210660513	-3.1298266853781005	-1.0874381889390763	0
2.5792236062285974	2.0087998130608598	-3.3160825000522323	.03249449826727657	.3639720565409519
-.18688543038975236	3.6878015371500656	-.950489176747678	2.499526116562371	-1.7675343314984402
.015172620254211067	2.882341622264506	-1.4453932558029683	2.483682496531321	0
1.410853090474911	1.851869946944577	-1.2435979014206389	1.349727540082664	-1.8615252480727835
0	2.9388104510977078	-1.7663420137650063	2.2444445575711787	-.7482006039050119
1.0034945690849777	3.6757610118723454	.045656611178440026	1.128126001240589	-1.2073170521138277
-.03375727803383749	2.835169275669846	-.49920154758449126	0	-.6232342037207699
0	.9228345392266039	-.3347590396435885	0	-1.5553833186162525
-.31095036286308636	1.3078113011546397	-.694946745423359	-.20999697444233162	0
0	.7867593072481296	-1.2228455402733478	-1.2759139816044125	-.08838547072022389
0	0	-1.0023169152196083	-.2841552665540739	-2.066164362793754
.9619616303403092	1.036481091176092	0	-.8757773577211744	-2.727873316956496
.513168445644119	0	-.4184218545651985	2.7633843843227575	.1318744247251804
.7886425709974147	0	.022412823073451035	1.0247547669630843	-.3401619609449591
1.405525535042249	.2883789932269655	-.46848029254785317	.6064708226897035	.014460730183202958
0	-.63560715496586	-.27613775202791346	.628320518197742	.2185972428824834
0	0	.48256063905307633	-.4191595583286734	-.534424629784467
1.0433147452630378	0	.9192679325410372	.22093916858687257	-.515822073878852
.7951222427991502	.6743479657091904	.47105352681755097	.4119812773715278	-.8759308744119345
-.1564851096774816	.40753312596957414	.4267315808029247	.9214581073244591	-.5733924817020388
-.16401023234216122	1.024934706968249	0	.5451265270018512	0
.9669611067287834	.44227441629667874	-.5430685007511629	-.15251331787078065	-.47584733830932835
.5312426956719762	-.5963726942877224	.377599921116493	.6021276291441361	0
1.1227332587450676	.5459145494384782	0	.7294592750581773	1.3665042179409588
1.6892906133530756	.48702295867001166	0	1.3159075909329347	.05596918307057197
.3249604501815965	0	-.3072460278169543	1.252154318973021	-.9938065904743214
.22573783453899632	-.48919643410149294	-.05481608368857804	-.10285374004905917	.28780052231431785
.035038589278191146	.7548042430325619	-.00162269549874694	1.3900175471588694	-.2033643720114859
0	0	-1.154365503484246	0	.1491536435329598
.8457751450535042	-.950264658100093	0	-.32497698443978157	.8014513379557284
.500636765513895	0	.7916154257042967	.431781026358302	.32602577548378864
1.5520629091704878	0	-.8995051171170014	1.1808422912524918	.7815705951243682
1.9981351477276126	-.22844201308604078	-.9747639182565675	0	.09584585797558517
1.4200067051356373	-.5077560479477085	-.8245893867840747	1.1030659160581902	0
1.4986042899962453	-.8086987681475533	-.803622986479078	.48900393823424093	-1.1703551064321878
1.614708699795186	0	-.32187263781916553	0	-.4778036985761414
-.3180405721329673	.018510174522970976	0	.10862968017794078	.29242681706863
1.5419998944539943	-.49950630441141686	0	.20144313705242883	.5221174066171557
-.012662160264995836	0	-.6253246700299573	1.9345484954147518	1.108957541651171
.28775390046029886	-.35116092904384555	.21523229764246654	1.608635348742015	1.2133673265908338
-.12480874607757086	-.07692231551110845	.09131265414069423	.5209839671332264	0
.9866781780891591	-.38690683798944037	.1601911920899106	0	0
-.19473579974606944	-.7869653087155555	1.6580870264986332	.5361194485336915	-.268515944017628
.5390787859683313	0	2.0728624142363343	1.0225539271785082	.9468968879258278
.12238535575859749	-1.137531707891707	.8485472358245667	-.4697669895536759	.3487232623505605
-.3220784483244016	-1.3417258269945531	.5159985184196022	-.15430944436705674	.5365888187727679
0	.46478723363672225	-.6907316877158977	0	-.04503076531504552
.4506461956062072	1.6514317415353719	.20046133774812092	2.24996318946048	0
1.3937689165923812	1.3253918160972762	-1.4522647437525893	.8418292705715019	-.45963638067844087
2.6845542962340176	0	-1.6000203973987408	1.5219908676171787	-.8757706910277728
.3797925648316952	-.6133848024410946	-1.208796508507099	-1.0600186083489846	1.9367923832527154
0	-.9690349945788352	-.6492811459233016	.4550596212876633	.4547143215216856
0	-1.0619502122269218	0	.4357991610257363	0
.9490799804948811	.3827011771514325	.43823725625678667	.7110360335872196	-.21242149638016375
-.4068902581632518	1.1529569337027297	1.3464857952831946	.7378235222684226	0
.43814373930328093	-.22209993134831613	-.45681493691736946	-.16298880835558224	.5181288918007374
.6776001004140237	-.19123886926000208	-.6975507318908784	-.22247799290138953	-.12591756089260364
1.4882547122410505	0	-.04875827388527071	0	1.069129941478843
.7302194807014922	0	-1.3884435507096762	.48306966074668767	.21066674846757028
.16755151772471938	.6204775927897712	-.5819890028849916	-.46697692732191276	-.9151106734976423
0	.7470202124792549	-.6464625711670793	0	-.42566819852449
0	.41073720518175894	0	.3482750730198784	-.36812749166708436
.9984540569209435	-.28378772935914515	.5964858502868636	.8170525454112602	-.5912257062779276
-.7215626624715261	-.38159123497342373	.04786191263587489	.05381373849680804	.2524292725925866
.21884979086075806	-.8395250427196623	.6487480114071023	.1393935432985493	-.9476326933063313
0	0	0	-.428743316301729	.5324544299940515
.07344925396219237	-.18377496741216762	.9405416275078611	.3387207218489139	-.9609234405973868
.8638417833517567	.44423981699722725	.5118253749330571	0	.603320954108403
.507460023967692	.1190173589474976	-.15857662413887336	-1.6323850559972952	.7060301431711772
1.0274053933179677	1.1228625539565642	.07109719579597817	.13869028842301273	-.25588338636228064
2.759958599103813	.9055358247550364	-.5347181810313122	1.3169263083295775	-.5938195787013032
2.3560378192711076	2.9211678233464284	1.060933611300824	1.474295727632148	0
2.072699161796374	3.1895343685010973	1.8786584443116174	2.3587287691480956	-1.1475943823705272
2.3551020949495083	3.7093903016710197	2.1823157947858416	.7782049957271964	.15469532663511215
3.4219621921039427	3.014692159931084	2.605189524026867	0	-.23460009118905284
4.475396805289565	2.7521433428636017	2.6702542295538847	0	-1.0229615892159694
2.442853645374055	3.166030095244129	2.1321851318969993	1.5091440159709812	0
1.7109715540625041	2.6400294776197275	.8450588381502788	2.7232770359818312	2.2725845684855424
1.5877166793095232	3.5566420738114286	0	3.688628733761822	0
.9191739566263442	2.3576964965693237	-.5848124807350523	3.9378603049098246	-1.0174161106639743
1.0029324254605807	1.3100734550269426	0	1.8067353650908	-2.5316108889294817
.939108740735906	2.162115482322962	.9737509410086258	1.8240206607438758	-2.3210881789431457
2.0912750972008602	3.1289978495958	-.12398168871018658	1.2157615747596207	-.5098516495176109
2.839554954540875	2.7294045627551897	.6536324423964526	.06359778669841945	-1.692114970398476
3.0847533496174218	2.3282494077965783	-.8344343095843715	.3996927585384478	0
1.7445663452713889	3.1336947949776652	-.918332029366119	.06279401448832717	.6976283951830099
3.816545941508648	2.6498627701555377	-1.108347914020598	-1.7266524284572142	.6459078471736479
3.1140682208207116	2.3254587527084705	-.7178845385824644	0	0
3.503299505862281	1.692147645462919	0	.3283024469802646	-.8287529660035657
1.7506675936318028	.667909581878856	-1.5166877870972075	1.5992278126004156	-.18964823927839236
1.5376023452936183	1.2158748638412185	-.7709313318131462	1.1178786562890581	-.5976615311251766
1.7619252908518246	2.0393625839025664	-1.4622791135518236	.13434965068431082	1.4876449027112204
1.3099165696146615	1.6447159089891359	-2.1382607082784135	-.1766420758672712	.49556768255463185
2.7043369213370263	.49865673917250075	-.6265624717458518	1.1420323623572075	-2.2300794392148022
2.502717188278195	1.639113826117726	-1.0835855508218288	0	-.9607063473777355
3.413989106508119	1.50715629195877	0	0	-.7611331486993062
3.6923570746372008	1.818727773145946	-.7282682738286533	.3157107117177489	0
4.615623140144064	1.8982495041643959	0	-.8004752836815898	.5486930616696962
3.273842374980846	2.0786610612650085	.2328188976618005	0	.4460775711036673
2.485966365555646	2.5605646532853212	-.3661857736294035	.95365011403839	1.10131877113775
2.5774297434150975	1.9027565548700012	0	1.646697185956745	-1.0375730811461787
1.5935066315993647	1.45312766086622	-.9971680618336172	-1.1507585697868261	0
4.144629456148419	2.905882939346017	.39514486501793034	-1.8705793610972197	.5320070228281356
2.1963801651438057	3.3341718533579	-.5004234842281028	-.17213890230968557	2.0823898098135287
1.439233087971461	3.2026729549897053	-1.8737642612233236	1.8133960533866016	2.7261735146524746
1.54200233538996	2.346004824535144	-1.9821413377614683	3.1930393095374336	-.22916767803134144
0	1.8957832553217262	-3.5067890605744836	4.887448594372751	-.02150700717354656
-.2006813497147258	.8730900425415522	-3.2333503524775495	4.130289967095426	-.5898701070656595
1.706582795016946	2.225462708230765	-1.7796333372615412	.060547801448765065	-.037372632711649444
3.096079642767943	2.2711993052729773	-2.01403256431156	0	-1.4878231595228515
2.4400949873831608	2.4929528132110463	-1.1278024674875597	0	-2.258615014846047
1.644371149015639	2.363321318762545	-2.0810327126064383	.11405484048760667	-2.31311736666481
1.5108191298571696	1.0126807340146873	-2.824943672371207	0	-2.4428748063181196
2.275570862441164	.23431986325209223	-2.2624767755780657	0	-4.259570039940025
1.538366739220022	.7879382225400751	-2.3846973367133373	1.775630176158326	-3.9180540672432143
1.1022555344833485	2.598090629555566	-1.564987446363192	0	-1.3562171712880466
1.2339277476599106	3.2526287066445656	-2.269516333631977	.19761750896547903	-.055376545873692784
1.439786492092024	2.0473984722487923	-1.2212031884178305	-1.4600850945282349	-.28490709757449684
3.126397301936029	2.1616850349660295	-2.3793785846348476	-.3356736973846659	-.3303263067017965
3.946980631139964	1.8281923592921359	-2.3422496576943925	-1.6081983415575807	.3553900244114175
2.0211645343284044	2.3901675021900823	-.17138181722207163	-1.6137663818623518	.7066458116841967
2.3539742917302133	2.376275919066203	-1.0888630982393226	.29027077506160703	-.6405966007176889
1.2531474532482665	.635182926058883	-.7724981345913631	.7818973691378563	0
.9792067642412875	3.174296371782927	-.8699376747843877	.22027627644683886	0
1.4686573342825597	3.257633734931689	0	2.192035855666152	0
1.779472294410113	3.3139369490423114	.4550748265062382	1.0627144520336862	-1.217040722233226
1.7966902262674864	1.793366042812502	0	1.7500430060195482	-.057849065096098884
1.0082658856523978	1.824640637332194	0	1.9051195772912604	-1.0638999474736215
1.1145325050313188	3.2484711866218285	1.4393646425572715	2.5849060388820266	-2.4422979842302164
.676881824073156	3.7174683580797185	.601399591856454	3.374272156033467	0
.6953596451250015	4.365094945857886	.9066203639435467	2.731646277663701	0
0	4.571620201479366	.6543981641788094	2.655143463307008	-1.5215932804306882
1.5107857933605593	3.3712501406256496	0	2.012176973427142	-1.595315742845337
.21945757547461142	3.5992848452942323	.01596435107863814	1.9237527354046002	0
1.655269702600818	2.7108015478168905	-2.2659738525229223	.5459180127263086	-.34000816664084665
0	3.3494594865629956	-1.1693848409787826	-.7274048809204539	-1.3626590970627142
-.18427164449945777	2.7906765245046223	-.4124060540894316	.14613209482040132	.4278918375323285
.3560530298967691	2.2900628902570004	-1.1434299167200834	.6706192901833672	-.6599807911451192
.3664622017048845	1.9864558066574325	-1.7679883352285883	.1862296877676171	0
.9160556427034267	2.2581020788608015	-1.073364709760264	2.5217055833672424	-.8539845870813445
1.2389083914645758	2.5463634803754833	0	2.063777790419729	-1.5314409501500943
.9939972001281387	3.9714735831046624	-1.392097018396097	2.5123830570698025	0
0	4.141752229154457	-1.5408587890094827	2.2828832610086605	0
.7522406440698091	3.3471013495803232	-1.660411060295007	4.176618400300387	0
.6184767149123481	3.1991689082700434	-1.899161326217851	3.47773212185597	0
1.3969113365870993	1.1374436761222821	-1.5503443164738089	2.882871175200585	-1.3589986123652642
1.1838777050676506	.7093516994971699	-1.9787569349410246	.31284108351126166	.36024566505273686
.002873653690450617	0	-2.2710612071848013	3.164511829312511	-1.8089870478399395
.11352289633758289	1.5105715646462774	-2.001802591259344	2.204029547028213	-2.9310600273210787
.6121220941364576	0	-1.4648791258810896	1.7669841495028824	-1.9575720556317084
.49666226703052985	0	-2.2174451005171982	1.530323441055001	-1.5996750821460834
1.5743842450292485	0	-1.3903436790981396	1.1433167756210714	-2.935730731290537
0	1.0242854588688757	-.100040762934714	2.0662762073790173	-2.5392361278341036
.42887510818108715	.11850645559558282	.13606380664496065	.5937636198851953	-.8127070681249434
1.0665851897810734	-.5621569569368948	-.3782544306230258	2.073406600847448	-.6156391447976699
.48047019375975397	.5943964566208833	0	.4778288236166138	.24501037409475365
-.048481233643785426	.05170370938260189	.28915632164333477	0	.09005884020019435
.28644112935061217	-.05923316659061892	.4373370040082229	-.6318406424557436	0
.5827001042079035	0	.06866040759309681	-.38898391712768104	-.5173281105198395
.7803102687446413	.9743970011136109	.08576743263462416	-.1858469942526513	-.2861317504912872
1.1479621689033956	1.6741949230867004	0	2.7842823482520656	0
1.1834855228202605	1.568070499791056	.06307606483847938	.8943074695429757	-1.5259727663445934
.8529167925601235	.9666169472975138	0	.6906242377907237	-.6043641240504009
.6114073697315208	-.6158768388673502	-.47896762652950764	0	0
0	-.2688078510226458	-.3442775487420121	.20800414645234644	-.31943657883890086
.35441340603251953	0	.34282871848119095	.12825109606966956	.36344250954591756
-.4336993577651524	.7858591546592034	0	0	0
-.37738713929343115	.0845610456333219	0	1.1917090520016551	.22382271967428577
.335744716475207	.568835059154381	-.4073818745454894	.5162091638206726	-.42583538439118723
.5734929320731301	1.8013855910893104	-.43283252578103426	0	-.6569326942885906
1.4327605155839316	.6268090664368934	.20581607238095728	-.7564494863240674	-2.3724286720543937
1.301617740189824	-.4580458600904158	0	1.60851064438344	-2.284889325648297
.9335526097378197	0	.6013589528638272	2.6126754805079866	-1.7814611209199411
.4293383209788316	.7125453452550944	-.5301708459941147	2.559976842937635	0
0	-.04637003476169459	-.5131370076049492	.25976788074096524	.5903887369307608
1.4561624970983251	.7736608483387442	0	-1.4089858147708565	0
0	0	0	1.2016032935234904	.46617550932180135
.31304939226828216	0	1.5391368477575091	-1.4021075315170728	-.7471714522407469
.010670044466470324	.7970828043578786	.2435940008408869	.7677142656690557	-.40084694890345574
-.0977446019394422	.2560932428598389	.053315730356651325	-.5076315802975419	0
.5262645997523878	.5849649445830908	-.15241528936653567	0	-.48575017247506236
0	0	.23200963274907316	.39744189636257155	-.2883911437011535
.31322970751907026	-.8281563622748481	-1.081847148269512	.8131905407208703	0
0	-.6482556008373236	.8271034931246092	-.8474327794120683	0
.2693095217426807	0	.016693651186340863	0	0
0	.8478313953802087	.7101335817935583	-.7424599382372901	.2746748683137393
-1.0782448280598613	.5964936585552592	-.3649838312877284	-.3999098590534739	.5428706220114147
-.31840115516365314	.9177621538423342	-.6235343285988398	0	-.3047104283140434
1.2892006499061572	1.4600908410908013	0	-.06215008745101901	0
1.5232227581752666	.2872934740793051	0	-.51627300088922	-.9613968238847722
0	0	0	0	0
-.6178461584523612	.9649228909060715	.07172798557302598	0	-.42207837192662734
.6184855442690372	-.4045914127532581	-.39203369551757994	-1.2314792170099804	0
-.6142037959619426	.3077604090772341	-.24647981839181246	1.178807096635855	2.131376973755528
0	0	-.1909041377152441	.26727957999058816	1.2469183650981135
.7935804009535555	.06857108412246071	-.6164135230006165	.50424773488663	1.4950368238502174
.7622446281285954	-.08739264697567668	0	-.34310496048311484	.310288575791259
.1538474733821961	0	0	-.06521992986380325	0
.8703863006284576	0	-.614616418291746	-.5168414506530153	-.6818941052147635
.4111720804726676	-.09112413174837389	-.3710242676913795	0	-.0917991533705469
.9632971455527473	0	.24922224794810854	-.8051742017500214	-1.1630105090393963
-.20022127733144554	0	-.9608885882051175	-.3776965859126369	.7222928672439132
.09152462546897705	-.13925278968795862	-.6330234048723296	0	-1.8094514241393234
2.136305997089478	-.4616406746436835	-.8445467100611842	.022673979032420827	.7554981362512831
0	1.4427125416980597	-.7951372729527069	-1.7036202862655738	-.8748979503926906
.9677927990219612	.5918187106861892	-.8625668340412711	.7209588143246133	0
.3019944225056703	-.1782970116433287	.019735688450551514	0	0
-1.5648709024449508	.47220751448167564	-1.2209630258570845	0	-.20899320461347318
0	-.5031398183299858	.649343626468625	-.2648530393946313	-.7747610183621364
-.7784965712126631	.6307843194444522	.9145975439843078	.8675938796976408	-.2615836154668042
0	1.948906629591872	.3376827864433098	-1.3804289862679888	-.49750765417119325
.5581122072263083	.4796880577866738	-.3701140250208461	1.3343685978852342	-2.195813294573834
1.0176300283132251	.4562516651025961	-.04500793092282851	-.2508869530791116	-1.0848372035918379
1.427342105971484	1.915795722803724	-1.0553899783974974	.45482917600479006	-1.257873340341647
1.5765275914776038	1.7060015080804325	-2.3520558272649272	2.307871664479638	1.8478506899931066
1.1063853997776767	3.661274695083776	-2.9267450457562116	1.3539571860379014	1.8065831164019164
1.7679842797011909	2.753602459570433	-1.7059486097100944	-.14446940355583124	-.6375568926554052
