x1	x2	x3	x4	x5
-2.249095956244044	8.738548163402145	-2.1083828433438065	5.993932506471576	-1.130011371434202
-2.954139734345244	9.60764888588934	-3.757967426272158	-2.4234505203545655	0
1.1262221511758708	3.4205623483845398	0	-1.9151702137434352	-1.2041416005772918
-.17613406106660912	2.078712849363258	-4.419563973568288	-2.72808675957634	-2.391936308378172
0	0	0	2.3577978084411733	-3.6818024583572284
7.089147412817232	1.84735239462929	4.000271946640083	-.353601799855364	-3.688841874709949
-3.9865220919152975	.14154394343993937	-.8388466283630391	-2.416488058696825	.4874335002237772
3.4158400460692206	-2.736762936094823	.5682246358154259	2.3395415245938365	-3.9831773726664306
-.21629584023564838	-2.4652122441989595	-.8511438484417316	1.4053385866095025	-.18548257311920385
0	.5483284145801978	.5266665569134177	3.138011382644971	3.3476208258853672
0	0	-5.168334060772331	-1.090836808318167	0
1.4168975586111456	2.6720613310225354	1.2817789670203033	2.4921817538247732	7.031898353043703
0	.19775528124541059	0	-3.176658726553039	0
-.5423130783437308	-2.681564377746419	3.223911627134467	0	-1.3550123438449384
0	.47304444310321037	1.0385723178825457	3.1323313039660525	-4.0141301314102495
1.782656399378484	6.412648121367999	2.776774043593056	-1.4078155482146681	-.8432373950888604
0	4.5043041992266435	-4.886681721207813	2.7752694750274056	-2.119963786501111
-.6590456462432485	3.5292814562313253	-5.0812923827126255	.33322829147051025	0
-.17172139374652917	1.9697338853272908	-2.1840188986978646	-.3970859371927622	7.417425658388146
-.07953037071344893	3.786667946858181	.8614438533042599	0	-11.510551497287667
0	6.589558831685356	2.00506358610754	-.14815364920917723	-11.251012707003014
0	3.276502136470724	3.3102277673172464	0	-13.579579595041176
0	9.889068754525953	-4.023483261529244	2.9814788725110417	-.22810165769387541
1.881622133278921	13.232049745536104	1.1726833276160538	0	1.5832227290182888
4.708040432733437	14.481545089416032	-1.508558624828269	-3.676308100093035	-3.3090578406882583
4.989246726278449	14.016071246050645	-2.9768339789934943	5.340774051496847	.4707262177361271
3.2638991632588636	10.26416546009934	-6.06195507425106	6.961549482206392	-7.599976427784458
7.307730667843451	7.014949599386761	-2.3629252359332096	.7744540662648416	-17.911762338401502
5.011193184811206	3.8017208973340906	-2.8205447969266433	4.186178436460849	-18.0281556077233
7.65855770134937	2.985320763751203	-4.02546533546025	3.8103011217483647	-21.843504415354385
6.35610604503364	0	-2.515339522456209	1.860118853208498	-36.572592127967596
13.961020997806527	.7240727894550374	-2.8403229586776515	-10.807522777323168	-32.59561350657488
20.10221756705542	0	0	-14.197577732984284	-32.41823629653229
12.661600721099802	-2.2640443962314545	.8801098086983883	-1.5408693112259573	-19.124091518578375
18.754143110666416	0	-.6245305444390432	0	-21.965908266671686
11.224326907956167	-1.0621812472247543	1.8718832792935758	8.176159200171556	-15.51109353385559
10.709044339936986	4.530666375068793	-2.4243691713640025	-2.418112238632032	-14.049208192632552
4.434127507666492	9.892528417154798	-8.248806560136966	5.495094083812857	0
10.248611554280544	8.586348467308733	-9.20096370066429	-5.613289100374336	-11.083591599200187
6.867508920006321	11.296528585935187	-5.78191064210365	0	-5.6002916609021085
5.9767026392266445	8.0785564006966	-6.990528854369869	2.6179481251731938	-5.7223347477979
7.22422353090942	10.723294154755546	-12.940863765627261	7.370794759824509	-3.1328754559614955
5.148794013619255	5.713929985061068	-12.31450995141596	4.219573237222883	0
5.38132705645491	7.724036149979087	-11.907085353679488	2.9166373378243184	-2.0395012260881704
.6192773872246466	8.347433284561271	-7.602897535276119	0	-3.0927800351100343
2.9502405836482883	7.972995834679914	-6.049219500449025	-1.5624541782037173	-5.389943463681922
-5.061121114796875	3.4676992106970443	-8.109813952519092	-2.19817627735746	-1.2248696992790635
-6.873857436285345	4.398226481666756	-8.792734638882044	-2.5093867028505334	-1.8363033459930258
5.517699768580373	3.8285154988553938	-8.486932831163763	-2.999792566476661	-8.262129971191463
3.1664100230389964	1.0596304744193317	-10.666078186579274	1.4600013497661157	-2.7083217629244856
3.7237672684478973	4.217450909971475	-6.340723108766173	5.953776241992658	-1.3891632630956692
.6210518220574373	6.549284690737817	1.0949389798289353	4.477531897518164	.7464172835685914
0	8.242084735968872	-3.552056746596203	6.000923011412011	-5.2121928048078905
4.416041183632606	2.837914876068068	0	1.17762724063951	-9.777724647362131
0	0	0	4.546097969003379	-5.898747598161781
1.0449802127351342	7.494114957021271	0	0	1.7951226865353431
0	.9583788233123962	0	-1.2726205461832871	0
4.098311398804986	10.622138317808952	2.827975692468586	1.6003839606810595	-.7389530323369322
-.16107669685974338	3.905360119145316	1.3008586167563632	3.8018597194333608	-6.234553117633609
12.059375466750215	3.6388673840216827	-6.017353275684396	8.476677525083717	-4.0536682496894265
7.7377042115846155	0	-8.624284339609709	7.459967795686811	-13.333442005981308
13.131559021585712	1.3859789428103266	-4.965753288970814	4.036958274231402	-17.421969931886157
9.789463119114261	4.17978069760825	0	6.250165314425607	-17.494260828404407
11.639773169671248	1.7875460841461353	0	1.4460346126411538	-23.590079424174053
7.3256471318606415	2.934512027585527	0	15.742026992817717	-23.318935529169227
3.244080932709622	3.806371580834177	-2.7561093252650695	16.917785923140606	-16.735886476574915
0	4.2737607917216724	-3.8836042737078804	23.279201410961548	-18.38929298030712
0	5.654059429835819	-14.196195556351626	21.993029465147934	3.296176635795455
3.571297777907354	.13749453130431377	-13.6685640903638	11.269121426240059	-9.830544727719062
6.965205670336988	.3380298760645284	-14.829137870199288	11.485209289249902	-6.828708522499852
7.199471534404117	1.0854759898692494	-15.66905388938943	11.36703143718324	-4.777500359330101
10.884887688315022	0	-15.542604476105032	8.253718814501623	-5.216197942205555
8.16843146418551	.259757791921126	-10.982388287709817	8.580115348284087	-5.114838923331711
10.130867379430029	.569375267057932	-12.140256138134847	5.8825357690533435	-6.4054491014821116
10.289979626034153	2.1892310516235547	-13.926160327769699	0	-5.272675019802805
4.817188930750327	.31544209168726234	-11.4163521485024	12.575876324874024	-12.622992871273963
7.627442092144156	2.8169076826236217	-7.525909533716768	3.810137731644032	-4.576944056213069
10.859602990564797	1.1358271167942315	-5.483043555187514	4.771249971620107	-13.156468608175542
7.95424799376201	.21377127437849108	-8.65352294321752	5.227380586265175	-11.567406575045611
12.454540932696133	0	-12.131742953025604	3.5706611327866766	-.14977262828331472
11.744327275200169	3.6950281259002913	-7.455562628094697	9.52735573059614	7.364902035763573
13.878516259946226	5.76336189266678	-6.2812229959701344	4.3760722202434295	0
13.349435719642377	8.319109315923008	-2.238158322156396	2.5421390998381006	3.768892639550224
13.345301302428103	9.56795026938541	.0651475637579389	-5.579154972615757	0
10.31914068247364	7.42588923132127	-5.152792409701517	-3.135430475806387	9.49839978480415
10.71284553196158	2.660441371913703	-11.883104107975802	6.269145572819153	4.363039121725008
8.67295115105417	4.912787952857782	-9.710385595134698	3.0376594312324756	7.304933421165448
6.393357815049953	10.130948017479708	-7.532353456571846	10.598554302051886	12.220635678742184
8.9643960963891	8.12461139993051	-12.21531934779008	9.733373222053585	6.344827098004454
9.648730207912038	7.842809309007383	-8.543064445884363	5.002608657059799	.2435526242114288
8.615728379013184	9.152977926265839	-10.158025265369265	5.703014892569374	1.6014441404050612
11.163953572694252	11.012206823581257	-1.1563395225593391	-3.183398484716902	-2.3420353654363204
9.720864598575014	12.281654019476216	-3.753772119518592	1.290994264090723	0
10.394745787028056	11.46525729211183	-7.262099558744259	-1.1172724568272487	2.42224304488052
11.968705040625892	11.098298988143414	-2.8628307848437573	0	0
13.272641016812127	14.722445961548956	0	-2.791262571267256	1.0191721129664804
13.700577269315248	14.804221716548932	0	-2.8680944158423163	0
11.881584676312054	12.458121623858117	-5.3623762380964255	0	-2.5313078474135224
8.823369371779453	5.957202285719275	-8.748893700767754	0	.8128940390755945
15.849697690651938	4.964308585570175	-3.3070275737166472	1.42725230483796	-3.156078824662928
