x1	x2	x3	x4	x5
.5367318700407524	-.5089996424458315	.5800225292739077	-.4287457241921948	-.1602491831015717
.04885929015645388	-.7538608560307628	.707300247992974	-.7856103510182983	-.465368137751211
.6711918037192395	-1.7674604606346827	.5055373816880097	.4577591182017731	.8203053664620721
.5811876842961301	-.9496258275669094	-.7570235506589149	.028174407825665937	1.471117696360054
1.425977425026966	-.1863340173135677	-.3934248153880732	-.07544738380041233	1.470073217792465
2.073675493158591	.13697501500825085	-.7890930605869884	-.19918235038943072	1.1684468708718716
1.6972163833614686	-.713765656102209	-.46372327130796626	-.1298096031059472	.49074718748380175
-.15565177801091007	-1.7206485858962606	-.8998362437098791	1.4487931134518428	.5442751930665624
.24412078655867575	-.6313034768347405	-.3894157909314676	1.7948895280600232	.9904306310393347
.5279005021462848	-.5468848463008696	-.15211717133914482	1.43786794647021	-.37855928950055384
2.6504918950970544	-.5582500391065054	-.14333308970946512	-.6049070561455097	1.5333573259941624
2.9645017231958555	.22286809095838078	.21972618628715196	-2.302013023903865	3.1933989443128246
2.8867483225153694	.5442795126488686	1.3126862893830307	-2.5268375253421826	4.668561968876234
3.227564333779793	1.192023098829503	2.1598237444081074	-4.274566074112079	5.5996798693752154
2.911159512495037	2.037515601330611	2.0850817225296048	-1.9487804278817604	3.550861713270313
2.2815057461800317	2.108502118023019	2.4727942564182612	-1.6183313487487412	2.661156645067836
1.5688646497254175	2.2057860187716063	2.7080634176999987	-1.3507480117416815	1.4626704704516673
1.956661399178928	2.179077542376006	2.9956022083495717	.3351128525496828	-1.0205944518725587
1.907786955022892	1.2702101650559952	3.024273319973743	1.2557795207990412	-.8020639044924277
1.0720461098710976	.9173212712399141	3.111352691560462	.8226824104816971	-.35040326800800914
.6019726934875769	-.48899148211075044	2.791020359507962	.4290504862203772	.20255608616129883
.9740904987190003	-1.2229551699215924	1.377889408820975	-1.693164944695791	-.36486152082579937
.9524905876334331	-.1400602021839691	1.5167724585758984	-.1701771382061359	.6816384043427837
-.6661586550565799	.8719126598509883	.6273052004157189	.10249222434565974	.44141388582718316
-.9748655962101308	-.16323232815527844	1.3524727462266861	1.19160920292261	.05444384104043354
-.26278042380103245	-.6475915513760199	-.11776088756045142	2.244524865530481	-.39566289893803175
.5616484460730098	-1.111449926498768	-.598804498068529	1.7156740576213516	1.0292772462465654
-.05120428426743492	-.1667889751222953	-1.597665621780243	.9146117605352144	-.17318300817756763
.17082507843273817	.5571779690018379	-1.1088960468499123	1.2630357738762847	-.7729964176267565
2.0763122074471716	.11876741902180094	-.7290474200789515	1.280337827526479	-.7622779600205233
1.982945858593725	.24502851837923217	.3453491713814903	.962003705545036	.6525753919993063
2.262687066526739	.7062976409943535	-.06258765384309822	-.3544658685728339	-.1736121844588323
1.6311187227554362	.1912785882901629	.4611763361357134	-.6077147507201894	.5358392520160831
.9892711818370413	-.1909472064048576	-.16281630786630538	-.12868172127056643	-.040549794634889835
1.1877273606821097	-.011650455155526967	.5136731634920781	.8190056817618303	-.616448314679428
-.12826697290734762	-.34105280900315904	.25091859738101213	.33524479663188805	-.9103919049733742
-.21454242294053533	.06218503832521072	.3039325500817128	-.4182090774468552	-.05335722882457951
.5761675755857116	-.848066280347304	-.8383796983162365	1.4267176283042697	-.3789756710738148
.11188013468639499	-.3218227923059564	-.15416189462720778	-.666286481931572	.02159407376280389
.08805886885851555	-1.5662541017249307	-.39143041993783495	-1.025270830883168	.06842639108683718
-.027251174201339358	-.6606332529793539	-.5073558419619603	-.5792112165197119	.8654061103354451
.7036924567107415	-1.3441268001246287	-1.8408374443346598	.24205972403262144	-.1259135203317329
1.6421676899703843	-.03180652205967646	-1.5199298543279056	-.960704343369871	.9848258600552168
2.088649420858446	-.44102225151518315	-1.5038220636308235	-.6599537051517065	1.7025044741910693
1.731808210887366	.18458763168344067	-1.4418489156055307	-.4985833969838306	.5952791577196778
3.573359408972094	.7763025167736504	-1.0406310167364055	-1.2342729665873888	.6611893521161347
3.6604008809933246	2.4004563226130866	.5374451466350574	-1.281625399887072	-1.1876958060583014
4.706342188260803	2.08426848487834	1.8424697091355662	-2.4464993248114104	-1.3240631142507797
4.902600370356476	2.374597842232659	1.1750487902854634	-2.733440330086693	-1.4464697320724524
4.889778094986993	2.794030668945669	2.806118562601881	-3.22716889575245	-2.384701707864695
5.160467719814272	2.5446543640107286	3.657006516639821	-3.0317458640045842	-3.921638479775942
4.543051021874174	2.7289378167856837	2.432401279217348	-1.8645505505865663	-1.8872626503690486
4.167821405084957	1.700201511545027	1.7973995555361615	-.5083987788438064	-.9665823359211254
4.111197124571307	2.4024817087619774	2.044215010435416	-1.2288274769896306	-.8215830287555037
4.1674792529455935	1.9332072775781866	1.302941984222126	.3268416300658754	-.23172161941823272
3.6718848406861326	.73092039822954	1.0447637278207191	.6009980652584543	-2.423764058210144
2.8057230458015425	.5034969156156444	.6416321229264079	2.384482032597161	-1.9002865092293613
3.4027212248199388	-.3838473565684695	.7612113602286659	.06609920534625446	-1.1190552907311715
3.8179962052855627	.5855320004689143	.1847516393862273	1.079250515514613	-1.7998277931178404
3.0752954700784136	.6302245211314169	.34763889628996114	2.0527668974581075	-2.857180967932762
3.2762285139625247	.29305109833375165	.8558424145785924	1.0299955084645447	-2.3113721074838316
3.512963182149001	1.4537021056458124	1.3755992871691862	.6500399823845915	-.7904972032863147
2.8296313910543756	2.1816392078037103	.4184118992641547	.5674513782783717	.898395735463647
3.7903679228999194	2.2807875163940348	1.9007156739076119	-.5838702707930982	1.0614591329509948
4.005866981383165	2.978995913903447	2.2273070824715857	.09241337176626169	.3946028473411999
3.8258265575137558	3.6636197305986227	1.295844253389663	-.34710399349397913	2.325526336184173
4.322286487558599	3.489172086626548	1.1710854451967911	-.5514041991372922	3.9672502826050016
3.590605520376536	3.9301199100357156	.8323095296365658	-.1074176357441673	1.9318631208343002
3.6809555583074185	3.4910011853809015	-.35752872405907965	.21698695014645392	3.361868384025759
2.9901954786212266	3.9157439034897092	1.3236899468417878	1.2795541605223877	1.9609329884328761
3.2243599171299877	3.2771863407998953	1.2764607401673747	1.8200180436154505	2.1190815995484495
2.7702553028483914	3.8848345218480977	.7563978053384476	1.3406124351347575	3.1704385513199647
2.110174071225358	4.582809376180197	.9030075685152096	3.0825358149729483	1.1583160421569536
.9859281325234001	3.8190298954377506	2.519497681837627	3.3258883156607437	1.1261710788678663
1.3421735110586033	3.3571340362190014	1.3842507578345045	4.155449997266436	1.05116708627627
2.5119281777621323	4.210519324218568	1.9512516534466464	2.5946504583706287	.8916211432250103
3.053329835047382	4.022261387557051	1.9759978004424634	-.09118009620368864	2.7479004099454243
2.6384346736629665	4.450389997901472	1.486939781230388	1.6142367032250613	2.398948278462903
3.3685583882760866	3.6786741135884378	1.826636285684116	-.48462692035699517	1.461939967924328
2.9780585166151115	4.365548211664622	1.4169323134588099	1.7174160960249727	3.0136652457355058
3.395906997689497	5.7971303700032575	1.6448988929789985	.929186896834269	4.91112399106484
2.3506700278045067	5.453791902494558	1.2044266811569722	2.7145612625846955	3.0450151264908305
1.9726267478917283	4.149908160149143	1.3800052748074791	2.8926738637892178	.5518523733890294
2.2101960667409135	4.9784980116968764	2.942310202094902	1.408962234059615	1.578455335211701
1.9610263185882129	4.0616591771158195	2.6919598821337565	.43914727332298564	.3966742875218207
1.7687027872795766	5.275688397180739	3.2498914713953133	2.830418902334061	.2795645211626101
1.9140339090255623	5.15145729421348	3.748446250104245	2.135805617679788	-.10869628515848817
2.250338678276857	6.054558663758139	4.45591701458563	.6417686454126108	.3008330286891573
3.0497310070693846	4.673453367712066	4.40553344871882	-.5509766183092764	-.9859203429436632
2.2793383592633187	4.586958691880664	2.9671833305988433	.531188128503436	-.5309238501756279
2.669685280124471	4.338673739502155	2.9145342552759503	.04541587352481488	-.47952479312893803
3.7161110875969863	3.639904026708494	3.521924369602165	-2.6639174823176113	-1.6496016836492622
2.9570125491363313	2.7744928859706928	3.9444105350873238	-1.4279734272425788	-3.957543811097201
2.2681684224280634	2.625798896624843	3.405658436429209	-.5603597562057019	-3.3691857725644434
2.9592440733311864	4.3485780797845095	4.515299888613942	.15217799968861118	-3.9183867531158585
2.5965279830044814	4.349711347703655	4.874805094391148	-1.5928600285348513	-2.999788457219883
2.1942204121891544	5.227459516403583	5.167435795012493	.8785197282131816	-2.4156840305795115
2.453025582853161	3.9670935560954383	4.014343803888646	.824929010124276	-5.987647128976708
2.4319301696922357	3.3274012151402435	3.52930716289535	1.2635708143880213	-3.800096330067027
1.7120546287510523	2.9912947847657017	2.697322262195624	2.7053329836018793	-3.258019791313238
1.5595462486370841	2.7211609055133126	2.302118510382698	3.1901466583629525	-1.256381525594276
1.9411807473330935	1.967727642095455	1.5743647625500916	1.967928802789774	-1.1693418818237027
1.5630186964000758	1.4782786387991806	1.7493277483417573	2.266577233209267	-1.5759917194892696
1.7006324896883838	1.4133322677331495	1.65448328103907	3.085488265856129	-2.2787205762450355
2.3990009477161967	1.693355682913074	1.8611647587878453	2.3094533685121137	-1.238875345915713
2.329587507693129	1.7465575055257048	1.2113821545309456	2.979672772450226	-2.4616462945543867
2.14380578622497	1.463839464787132	1.7497721191312983	3.2683600846279166	-2.0318574078212746
1.895439920006599	.8316334948053895	.4968657162390571	3.587735129819663	-1.5992447635528928
1.266156042435695	-.7254859709221984	-.716516493142991	4.137146820251894	-2.176008591289748
1.778094921508009	.3677638664237374	-.4881974094868203	4.29954612802159	-2.125201350546174
1.55844012691138	.053461297640736316	-1.4979927564256	4.3626530056123025	-.9288478891207397
.7169230960632638	.13531132905108656	-1.3646414130335902	4.13576582777063	-.6658591727242003
2.9620849306903296	.5513313283837681	-1.8120805484086882	2.4732242340927426	1.0033993654475837
1.8445828076404642	.14629502031012126	-1.0740707288646452	4.907686203466869	-.9945930888020381
2.260818451248692	.49423980538768425	-1.2727858308293485	2.833007389984901	.5133372110501441
2.806382515100947	.12199393001049344	-1.3417672772708844	2.4754401254124114	-.1239460834553429
2.686981832780472	-.6720577433651974	-1.8417326389686786	2.045376157485303	-.915120363501077
2.3303735933800387	-.0874786115661384	-2.19181773941561	2.7560907586547847	-.6773326723667449
2.0650522330926275	1.223643230671214	-1.1410202616294314	1.6981515465321162	-.14299957712650332
1.7314472261013412	.8178037702931525	-2.0977751951141563	2.8200877409519114	-1.646058029323371
1.9480931912197712	.6539993368577921	-1.1490670384094706	1.818918472454358	.14681460915571753
3.7293730082514513	1.621907403852985	-2.4846818173628042	1.3818977352767157	1.577575119505774
3.3760837756249478	1.2386606446895636	-1.668038236232792	.7253706646659273	.4844399589389196
3.1526554136628375	1.097984713002132	-.40162273044876395	.834231499776975	.24979661838352393
4.1883444756338575	2.403587551169395	-.6518227572809028	.22915978215207716	.5572987578919381
3.8501026362780704	2.228232715455766	-.7188174571134004	-.14390401163009295	1.0948437966968818
3.7852356266021907	2.7360673437684557	.5808727902862441	-1.2381104920648525	-.10700523345224494
3.734349120871596	2.5983520827738507	.1696751962118601	-.6816631462565613	.11449867120502381
2.9652206448577156	2.244033781853131	.05860425370764477	-1.0951819761953492	-1.0625676033591964
3.841795319772312	2.9306903766009778	1.8330916377404347	-.22235870752370523	-1.6257263848350603
3.428024312692028	3.2268215529256303	.965751856597961	-.44959271301631143	-1.191221872257008
2.789547075143281	1.8443601101163651	.8696554730554525	1.32809220214068	-.489263762748247
2.215886006158179	1.7593624361586466	1.1410787640513183	1.2028748669673932	-1.6359069211880954
2.83686618288314	1.421333360748358	.7334774499755317	.3146510667216797	-1.1182424269940778
2.1069638653541785	2.071748661923009	.6420791518461186	2.0689386000871495	-.5869618016475078
3.250032824606637	2.2098561316354384	.6721497644631034	1.1478036372184444	-.1981706742033618
3.436522175551395	2.070780962776769	.48343384048610394	1.4234043492372863	.2092878840667111
3.005549089086164	2.440190363966291	-.1185860119151857	.9302742385104116	.4591413315229791
2.488837329563999	2.14106389232662	.6105575898436358	1.226346058498892	-1.5972768715815637
.6530666602759564	.35032297332287643	-.05098203018671388	.5522505999593058	-.36526048580269443
-1.1330796996666677	.2284296292240386	.2122046868160769	-.9924100786447707	-1.240369333052719
-.13279060674614002	-.3026522274854338	-.791727185828184	.025914030394246113	.055145151092436895
1.2435473186369297	.9342433026857405	.4528182817731345	-.10628611275013675	1.823029718739332
1.4843373866993492	1.2781935748546336	.29309533719026776	.28889648829860404	1.485427438672884
2.7627141622911973	2.918311248068264	.2196794592895539	-1.18920830323701	.1336601921450754
2.7425444256019462	1.5233686025278725	-.0028813811646834497	1.0365083179233887	-2.0172879166503264
2.250219583593627	3.1630639756712506	.5619639645663643	.9456523054190444	-.01674700205332913
2.314382601468301	3.648075491404034	.7679405183168013	-1.4063765144850675	.7429972031907627
2.257631673057083	3.4666632913028863	-.2770046837517328	.5475834075743455	.25616372959620676
1.4544815222381366	2.5621584834129862	-.6621114095474303	-.287134760699864	-1.0042351254621589
3.2183276905143336	1.5826688194418541	.09399051705881245	-.4187654777797719	-.9562783075203733
3.499597288372897	1.9618005739527808	.2556736479364877	-.828540870328626	-1.809749768410887
2.99670527635946	2.647776412322785	.9066417024820475	-2.7620507292396033	-.9843011521332192
3.5316713512789075	3.4762852128980777	.43475700481114854	-1.5274142549792074	-1.3228213777709137
2.890298499646806	2.5487192367754963	-.6404286848727188	-1.2057284473932879	-1.878318556187104
2.6857451868446125	2.4826085507532616	-.238109713134683	-.43482583959118926	-1.5951124044612324
.8513291231486109	2.995552097427577	-1.1864714963644873	2.5426251841932075	-2.480699078951762
1.1374067428251198	2.902659657381436	-1.1701702695549585	1.925929899736115	.6709999268164566
1.780513608343114	2.773184968227326	-1.1431022878764083	1.9273643920238928	-.5695454003129398
2.5250992142743933	2.8181079449521564	-1.2149282182295291	1.1059463205678908	-1.1535888856264502
2.28520789312211	3.002472482769808	-1.2798016833633932	-.2840858866193434	.023897476685493246
2.0482724827876875	2.6841085079061933	-1.690645357130238	.17131411432838978	.4402124356832354
3.0145813638166876	2.4051958010671326	-2.6773779564564992	-1.2853038334961715	1.448379697711809
3.33132624713896	2.1677523193957846	-2.2761214024355367	-.4314000200683934	-.35353201236869547
2.4536249494034212	1.2316538263947605	-1.8909806971285514	.6194179503812856	-.47479877080476485
1.7229206181776844	.9244862864095484	-2.8721961674466483	1.248729585553695	-.9080064837964776
2.1046784699069465	.4962964802092189	-1.415118591757715	.7284092724342522	-3.0929321632077307
2.8046524916814515	1.4531517828782612	-.9489913216763156	.0107364242066437	-2.042947893320808
2.455710194340664	1.6686298282668568	-1.4011914025797358	.6824273154380107	-1.4523354263262196
2.8151339167059417	1.4584759561228675	-1.744895020075727	-1.3699958218448431	-1.5665515058869577
3.7196821914796727	2.600976567785485	-.052819249688158015	-.8037307701008465	-.21110042699082743
3.038866789895406	1.5841467524727648	-.7138980235082482	.2791625520396918	-2.5466107565132976
3.5129856052456168	.5300818894110781	-.1013785536534743	1.824674855332451	-1.2792653810438182
2.9380697415985755	.5932166897928597	-.6013781661144016	1.8285601995665246	-1.896779632056031
2.948180680702676	-.43315114055996595	-1.939880400681059	.624868969258269	-3.0064041369611596
2.576976233778114	-.1689963619155311	-2.053964445277488	.38744009833703735	-3.1716599659097797
3.830320524938017	.7307559695011151	-1.723726798231104	-.10515747957707289	-2.2925485527318386
3.6099067653976884	.12353237192548414	-.9317452052739004	-1.184941952432922	-2.10086296813272
3.371812029271187	.8448507439221999	-.7718649940060223	-.6337802795461028	-2.3810853099489324
2.3830153274108214	.33640466485484866	-.27587248241827544	-.14365885142578472	-2.133269242849109
1.358491976371137	-.1245220436044896	-.4817266716481061	1.0694121007649755	-2.0478522067298934
3.218168640210143	-.6232236813506493	-1.70457082539125	.7763435311244415	-2.7453464438604676
3.329641694303549	.8603108074984559	-.534743223674467	-.14846363784174582	-3.0753165101160977
2.7351228486043184	-.00864468886647718	1.2986589114481093	.44145084913758764	-4.949911238646836
3.290537477219937	-.2291586010946104	1.3111671778307021	1.128673556120663	-6.6623740963910665
3.2064325904694644	.6580350426240703	2.0305678555966504	-.08189816404178066	-5.770758027741643
2.7292290346355204	.39849790539265395	2.510882131577159	.44650201294497593	-6.812770585967543
3.29496053722396	.47144643940809783	2.620469537991182	.6481536851037504	-7.21258904807573
2.7943502635536372	.8033065652956669	2.372105152068193	.6717222649942061	-5.651360001760854
2.3424781166703097	.40254634284361474	3.480868147519227	.7634690142422036	-6.335614907551868
1.3358513389508895	-.11813952332017325	3.3892638997337157	3.12755727199698	-6.2786504127417375
1.927248281503374	.20003442912392733	2.8055943334061038	1.7077768290643116	-8.79934812389314
.46660360750573726	-.311419713295919	3.395391062321439	4.370822050822358	-9.785308971297678
1.1840104305171304	-.5392597305433463	3.3572996538327757	2.631448307459498	-10.28181578490593
2.228925498604519	-.027403863926432237	3.2758201591476634	1.479154272649496	-10.095245772937957
2.30034567745901	1.117491674835679	3.105634089988104	.7817426413732236	-9.633786259415002
2.6475720633132305	.9747620927826738	2.315858091339752	-.6628488221631552	-7.926457281819454
2.9781668650104307	1.5394360130335467	2.428706528320636	-.16154155993570263	-7.294287456442016
2.3922885978150172	.663368262727352	3.51309778102707	.6328758566811143	-8.396161444668639
2.3854531442772675	.9489333549103415	2.3221325589526347	.8879438448919502	-7.25286469463546
1.9214108950931095	.8930662525365343	1.5048794143135669	.029632627499605713	-6.4566879296533015
2.5611567466349934	.7299556976985956	1.2356241009711324	.40948428248074326	-5.844630761234678
3.0637052212988816	1.5269356623324433	2.258081615489986	.7981963424370839	-7.232043650086325
2.76085625343405	.8357509877679206	1.7479506063042138	.48790159868911687	-7.073078091019991
3.1236421757830293	.915121792284526	1.0824687030610582	.02431526742637316	-5.881918110690228
2.544200052705677	1.81205823994854	2.2149462803227102	.7045272400638399	-5.740865946910884
2.746282893913583	1.4324513627309188	2.8448465925932043	.5884858120455118	-5.648367956512416
2.614882620248683	3.4814553477496673	3.890547111823605	1.5030188530071045	-3.2652990410047273
1.984850324786679	2.5362581495565566	2.501111404663968	1.1340988335859161	-2.6988615196885313
2.35777731508006	2.090790768222895	1.0015869029329107	.16582711955785706	-2.1652246195683107
3.5393380302084165	1.8082280571765819	1.4853406688871846	-.48781104474307546	-2.4025844789159367
2.5671045808317396	3.264786223086521	1.6131109835788866	.8068622479723521	-2.006196577613399
3.0914185428739147	3.024330459393535	1.9621119348532847	.8399387282524768	-.10134415966851773
2.47057742381668	3.2596826769069507	1.0959270296256933	.20213019358463802	-.565099423393774
2.3409980450918404	3.107903492714898	-.2589159200002651	1.508676794900484	-.5019716349994262
1.2209555132123189	2.459715035282707	-.24015674452543112	2.6889510239642487	-3.1968893837472536
2.0152088338413616	2.337683584160417	.24760838483336056	2.8087956644156957	-2.456015865990225
2.2822315291089423	2.5208916751303434	1.04512453449798	1.1294505886288477	-2.082207216044152
2.5963393188220483	2.3700350586622796	.17614937164499955	-1.13009605336035	-.47014262796021633
3.751363213359962	2.766352505504641	-.0537545080594552	-1.3138361739539461	-.28285891300694255
3.9689821777596377	2.826444499597951	-.09985482444830435	-1.0775828502718372	-.5667828084518977
4.5107550472889875	2.699789319592698	.3352998486599848	-3.0969512945237563	1.041501376261495
4.159879318635523	2.7966005303360735	-.17210880675894208	-1.430883787742479	-.9528068214484817
4.159022649280335	1.8139457549945437	.16377711743910456	-1.6650553475033252	-1.5787227470998078
3.8259769950840297	2.373882560523241	.9257019362457352	-1.383507223045786	-2.201188311352807
1.9581543059603814	1.8323410661798933	-.9677483796413933	-.8913318391105375	.39816971623420994
1.5783455306971197	1.849179069007331	-.5962524941068489	.30841265862613393	-.025432645828558254
3.7014262961927495	2.051264145478534	-.624959478596851	.2639736244551819	.7651034215774406
3.1061711455758823	2.3942412102706836	-.11604227582455964	-.7221183754036467	1.1507790895824577
3.9220140463731648	2.311659025802186	-.4112281971471765	-.8543264265055388	-.23786957832273725
2.869951776754188	1.7621021232010812	-.683671226662473	1.8589373483348988	-1.657487948947086
2.9247409041522583	1.0157555473708995	-.8438228910619957	.5629843048192781	-2.011587172251039
1.8087644716446107	1.5794207667704288	-1.0990032018981999	1.200496441277696	-.956238363194974
2.518898662166292	.5983501226874701	-.6573388306403016	.1266381416403235	-.26596168500290734
2.4577044818584555	.5034290712621555	-1.8341112839818963	1.2443546844001285	-.8474476788057447
1.9951574745009952	.7104983989201307	-1.4130846354402349	1.197901025284225	-1.275759975897469
2.4274959455267444	.83682607795461	-1.4143848127257272	.7847462016107591	-1.8353159286342549
1.7415113540889813	.6778276468503632	-1.6514172495134491	1.915448598236851	-2.9357233582032705
1.596137730810482	1.0687943457578788	-2.41034918739342	1.0246704505795896	-1.2811648722046143
2.296873992707467	.5588643732134619	-2.316544696392716	1.2781279072683347	-2.430158886097461
2.7835167676371846	.7817118812562381	-2.1504054739994003	1.6605476335214195	-2.040405084389284
1.8127741658341854	.5742060790745244	-.8767137545697652	1.681560907041299	-3.738542595897204
3.6942190869354223	-.2606833459354134	-.6763192713574013	-.2545065205854288	-4.552088001333211
2.275396704264309	.4872829557261142	.3832305869363343	.6953462727084028	-4.829090560028349
3.349611926761896	.4888172483680379	.8363091127143133	.18294074809342903	-2.9582143713381472
3.279931059593863	1.6265085948377314	.43835285205623	-.44226887987811125	-3.5743027445752076
3.6355148572541935	.6086470965846426	.3498761666423071	-.6189779512904672	-3.323390697801918
3.1694507631309663	1.381873789940713	-.11928411276320457	-.6687196586875053	-3.024243968475524
3.317477726914303	1.5659348101312793	.5270725782100771	-.33821605307844416	-3.422894254714977
2.5818023322791954	1.2918748990646385	.30271922468370094	.6781053121789548	-2.584824298550077
3.473630037747744	.15774255854789035	-.3865839641890123	.16944129244021744	-2.8506540929314
2.4422287856218223	.8428475948951862	-.7450915428607799	1.471941209279812	-2.341987326059031
1.9027838444350482	.4334137139736653	-.6390274837059298	1.0313578040056992	-2.9180635421781913
1.6148829083195788	1.2057737992823774	-.4623873181159565	1.2667563573712903	-.4351057154129777
2.3069601802416293	1.8272079754476975	-.4192496008475138	3.0549068166410276	-.2870646539493253
2.3680320922540767	2.753741773695484	-1.2883522362009556	.7036615549627716	2.373771026593794
2.0344679566166755	3.2392897656009954	-1.5770881357178692	-.34007498874206366	3.3411454488962007
3.1796382455454255	3.257485522185726	-1.8887245294514081	.8794201233615775	4.972438041391632
2.8222437244386014	3.5979533219790776	-1.7657824105433184	.4252084029480408	4.409085850417101
3.24490452185226	3.5982348415825096	-1.4526713372133249	1.5159516784498734	2.8991945350085997
3.4424738133192467	4.13890856952678	-1.6642173858393974	.09175074231694735	5.025706721559935
3.134213242070703	4.2166908119706505	.16160976265101634	-.36873765553251214	4.964462191389261
3.176740644527401	3.426945820258576	-.23652682729740873	1.635089488271445	2.848969586473605
3.468898947100999	3.113779623177082	.10582980485002291	.3056221486712276	2.9040619732298674
4.12046039222993	2.922431534483887	.5584520584677978	-1.1967179966248667	1.7519828227692118
4.08363396831347	2.598419543306304	.22187204307644484	-.539511416011482	1.9268909557871334
3.583079361671767	1.7951201257744989	.12762862408252051	.6793422934491478	.03318934897502046
3.2976927489042183	1.6369706343137542	.4389127755210385	2.043351291656806	.07536809716092202
3.5162564169594335	1.186827713622348	.4632657865424184	1.8066581627635805	-.7531353513484665
3.2936801302768886	1.3862342807305756	.5378219950803138	2.285145978174319	.9291675331849606
3.243501731950256	1.3474180750778348	.6441261100455792	2.449088065054626	-.007050929227785829
2.814033012582815	.05471360928681601	-.0822476353811793	2.5960883849975214	-1.037643360135148
3.197088572831462	-.200791771730363	.31058254175538097	2.5694561186917815	-2.8486379608969896
3.362813200448517	-.7815352288418802	-1.281854796006704	.7898712445602233	-3.8270736321114773
1.225914525578097	-.8028322282284059	-1.1275826876272577	1.0605227433810211	-2.3416569595658294
1.3518987458696965	.13338968350423303	-2.307935842158981	1.2221645603411972	-1.4228597922537694
2.2011960051992685	.07639563067184707	-2.0937257882393467	.9824062460101235	-.46898852446174155
2.4911737829279916	.24405392587320832	-2.2533844459405263	.6126391597348171	-.21979604737459146
2.4282814897604146	-.3573424943237406	-2.499886754826217	.3120204239970551	-.7321459329029882
2.2781066181572687	-.01642756124481659	-2.6634530639769154	1.0969177363560998	-1.0438987493149021
3.252431355885187	-.721135000750431	-2.116522316810264	1.5022208208981156	-1.454485154741361
3.1096016114517684	-.6436605264574349	-2.53345079451487	2.7185084606228784	-.8665054445664048
4.302168419565092	-.9276502180729174	-2.1488310708863887	1.652590384185341	-1.630703572694433
4.445426917944233	-1.3535306998574017	-2.0429560927839403	-.8193644053584509	-1.7701490445879648
4.303336233873808	-1.4638106153008406	-1.7766796141217691	-.9459298850036238	-1.4170109268707252
4.472068117112526	-1.2421564864454897	-1.9692059111666156	-1.0950214868479116	-2.151902229399211
3.748995640717376	-1.6103223941840235	-2.94955131546128	.44001512946182175	-3.5842910249131537
4.501914899865199	-1.103738040869464	-1.9100126922823826	-.0071279962791596825	-1.6081300381953472
4.004380864499573	-1.0303352773728218	-1.6652487204606516	-.8979630271073957	-1.0626335274540244
3.650611205553868	1.767011958877179	-.7329116333666824	.5224857419271145	.8061622481111654
2.5719571218118085	2.995422353099457	-.19265500312378175	.6990571592472286	-.576536885842627
2.40254148484955	2.0610059451751352	-.19115449075897853	1.3244496890092736	.2392471528093519
2.747770259877322	1.0829657808016	.069552822231015	.539924651534488	-1.1676231273072393
3.0989714110532915	1.6473978966025113	-.606253501469769	-.034070255130248195	-1.8716447596738763
2.4566135508456246	1.0791191949563999	.31393502524752287	.6072161993108486	-1.3629573988213328
2.5120924832716387	-.24518484727073633	-1.364473655418767	.7595586656256678	-.338910044353319
4.583967009041565	-.8275644801482349	-.8658400494998539	1.5350840780412875	-2.4213077743682945
2.446643697964724	-1.1857404793658808	-.7993003811146328	.8917353047048913	-3.3642443381524476
3.180796255839729	-.5732433546846551	-.3103117220503085	1.5215214840260816	-5.266024752086587
4.55726009775678	-1.015626680436894	-.3500214440788663	1.229967047754381	-4.219940391100687
4.538952536096607	-1.169801245389541	-1.024785584695171	1.3845761630839672	-2.0001501310926493
3.946956358865281	-.8930913507472367	-1.2144332977660295	2.0675385376886233	-1.0017654940931329
4.107245002677776	-.5108305527423121	-1.3160776687927664	1.0623555772657	-.09752123251432418
3.7384749424353774	-.9733929550953739	-.6531548235554352	3.0909690073816374	-.3923350183658705
3.3452372586807697	.16676205357514753	-.4815756805142625	2.503991104560397	.8764217911613753
3.347119330979486	.38125218011525686	-1.1629972824715442	2.2011325287757213	-.9764901889651411
3.6962899407295584	-.48512851093313575	-.24829302928394853	2.4488611473824182	-.19472021080375015
2.9942673271028655	-.27137010537775075	-.3489316111944491	3.0583600085044442	-.00589152840223206
2.8604124422140362	-.03550591139650397	-1.0072760259783835	4.683122492371298	.5207487415280084
3.54904993827163	.007576276360918087	-1.2889002758028791	3.860109955931746	-.13985305223382052
3.4718235516952527	.10400004589004831	-.8792037173356474	1.7558575604620013	1.147369836919083
3.5425331646149285	1.150048569287339	-.6959592256404878	3.6322522359966007	1.675653672133073
3.598958855233103	1.6312849628588337	.20558521159756926	1.748470429061864	1.2473470319339537
4.0455744441288735	1.6893021080811441	-.3662893679406655	1.7584401529968443	1.1157429768127534
3.98673251061905	1.429603177451943	.06582456309727053	1.3333823636887636	1.4652290714757579
4.8105188315042815	1.3910192696403805	.6029388798973666	-.10042849275165597	.9931309293011568
4.462132856368485	3.146080911904427	1.3481868497698286	-.9670506664337651	2.025182341480197
4.656420268321118	2.7754216523392694	2.598233375235931	-1.0860261866435241	1.0739593695014458
4.448944006631791	1.2430818026685477	2.59489640352959	-.478771903712247	-.10863582592030979
4.280866433042784	2.0026155072559972	3.080998772443011	-.6799131280367202	-.11320904726684305
3.8510585424164185	2.6092677791820678	2.453159090482866	1.030919559212741	-.5072431558871641
2.775523744480255	2.8671515593871244	1.7830092961086788	1.0495360783271956	1.1527516192164924
2.5840185286380284	2.207784663727596	1.8224123926130178	1.2166882351261061	-.00575885724382974
2.7760860800192675	1.8403927268691325	1.6276032816898078	1.6469621903100142	-.7725445936902529
2.7783818699496083	2.0011240380559974	1.6721433200519022	1.4046489440706362	-1.0975712344386621
2.625974766097656	1.437230809397076	.234767646408019	2.5369697194292598	.03780060132267632
2.8552370447936837	1.8420359733948972	1.1950481289757806	1.8964881422813198	.6640538035729364
1.4484573231893014	1.6194993972081682	1.0856958565168378	2.2841699982036086	.21990454182463065
2.8315247052828383	1.5295294517062312	2.1636013470775657	1.5632795441988994	-.8409814661986847
3.4292820414130425	1.892512561396635	1.445846050645181	2.8170948077435063	-2.9600238167526207
3.0216938421147796	.15637242303699525	2.133402961704148	2.8019460747368554	-2.9348724936781587
2.054173486807677	-.2482110431624377	.8906668781010038	3.28542233712502	-4.264872685363471
2.5864773298923245	-.3553036232623448	.9529152372283825	2.905354603373442	-3.022476717341464
3.0958528553008238	1.067895065094191	1.3088316206087325	2.23117988397781	-1.2983819467705184
2.197413384824919	.9485178267923801	.6186503643238336	3.855607914299162	-1.0740045951606045
1.6069680261701824	1.5774361473840806	1.544340679648039	3.316225938596911	-.4788405909526127
2.324112833099045	.8892475056436676	.8211863815808726	2.314477802653443	-1.05312828357142
2.249336620378228	.6102133560609395	.11391335717436102	2.081889264970096	-2.2001493807046213
1.928437933542409	.22538762676345178	.3737953618353481	2.7046379793633575	-3.0211523527695587
2.6759286185642948	1.079873872247021	.884797549888006	2.3228668149948386	-1.6340201084566501
2.6953345053758677	1.2702958665927069	1.0234539041762982	2.053488918146371	-.928763517397029
2.847068104254031	2.4216721878409455	1.744851816604216	1.9972609543936461	.14812416794007416
2.8082664699301016	1.8917471333846603	2.5751136265262553	1.7081710907279897	-.16796088144084148
2.221448841505694	2.600595425723817	2.1907935611665676	.8983015332480636	-.52100452284487
3.423993436528278	3.160068038013828	2.234898973663466	-.17047852549326165	.8486470705890498
3.2214350498318653	3.1590289429865255	1.2297961735276526	.22062729362211853	1.261613181105382
2.9867592026400915	3.5063859865502938	2.0780260952405984	1.3746465362066895	.9338578506356591
2.816803730910642	3.0856542712272583	1.5007600283513725	1.170728052944855	-.19889128571921627
3.4562244695972892	2.6479092400895894	1.4579874491838223	.8640671182670938	.46239397976534047
3.5228662545246325	2.5933782824107015	1.2241495427127265	-.9537516260058749	.10923992437004776
3.8792672780187685	2.1464291459614233	.6642697876688424	-.17603039044058372	-.09834695612681427
3.9294622620195443	1.89221885318298	.23093289673878536	.04775807426107233	.9758067638344667
4.134918101745534	1.8369409880393723	.5227671973135662	-2.5574902023920356	.968130521371908
5.011120183460967	1.4553682744806418	-1.2300242686296257	-2.878521167692815	-.5130339385994329
4.011702130034415	1.1382883321717678	-2.2404848985451715	-3.48299981697459	1.737112437428272
3.6814013456077275	.8047741662557433	-1.443901099823547	-.6443333089018028	-.6441283224734007
2.695305394362121	1.1955742620201089	-2.114785988638687	.6284843853017245	.22308450157908455
3.387507661360371	.6991351462291217	-2.4530712951222142	-.5403292130775826	1.0500897715794617
2.470783153584032	1.018136755170536	-2.5517878156352705	.7567724028496545	-.7084551628797915
2.2747588444154343	1.4034976855052126	-2.1899026438766267	1.8872064999463207	.20642983405572982
2.2289798713755617	1.0924448323591363	-2.1453266898194046	2.3590532532696873	.46706018797129123
2.5952857449069073	1.9241706440340445	-2.1340427483659408	2.5111100331763785	1.6165335617824117
2.800589251471622	1.1366658443531135	-3.5329962704160045	1.3589371127651737	1.417444749155069
3.5049277032601367	.6850822877143576	-4.369001935231773	1.4247020001266977	1.0536696738952251
3.990722819987091	.7545555413658193	-3.7254315226077557	.7009292835385021	2.0672837060619327
3.593956234462667	1.6130719496874433	-3.00378232127141	.05269325117175491	1.1581797323434262
1.5163914706166817	1.8300701858740154	-2.780926916887961	.5475418946536017	-.22632846855718494
1.8202901638062636	.8616135723614209	-2.5252986661602783	-2.094529558509496	-1.8889630828937296
1.8879160618835318	.4966521710460458	-.7520593335757653	-.7875391362466779	-1.448859519071054
1.8582055297243931	.5244739078040811	-1.133761031226725	.8241544489981738	-2.1131653677609945
.5179468107120057	.2481101166367355	-.7128077780284119	1.694219059563802	-1.2820563549446837
1.0982093994402287	1.511094958932351	-1.4888163659273657	-.1304364473518022	-.4038001922588141
2.1702172222389424	1.6714467365292522	.811154002479129	-.019224199417298582	-.6009729891860842
2.3070709920531094	1.0344535607173306	-1.5122543111199336	1.0669418635506602	-.7397586455517702
2.3110481945692096	.8346371640657193	-1.4959999529712606	1.6559517167590139	.1757658517270353
2.1179107298043403	1.0548162041320726	-1.8559722218890442	2.7892692986958245	-.5519559034212342
1.6905188294027436	1.1372709816606676	-.8961467734457549	1.9332212221557936	-1.936758677216799
2.748645669606856	.35517544170611975	-1.0976355750278328	2.171361412571151	-1.895104124907558
2.1190357638274406	1.5961570841773727	-1.024937144080174	1.4898823892814512	-.7553241274974191
1.5348569865927715	.28567737932263626	-2.0937729684520434	.4427171512197963	-2.072659001245115
2.0488553730878025	-.002964929345399603	-1.8915085214834755	.7469475788975016	-1.7725718771335308
2.9159563160963855	1.362199809659218	-.9095811894751277	.4770566858750591	-1.653080902371756
2.634335064874022	1.2592276457267861	-1.9921222896536444	1.14620206311948	-1.0033892523288621
2.315549322713537	1.2369630389758364	-1.259744751646394	.8195637312025184	-.5896715775840933
2.5865554134113458	2.457980692878155	-1.780131838494305	.8887756909970612	-.0395495531627212
2.1600206462954694	1.8356176097503518	-1.614786247801746	-.21844508834795173	-2.382480297638497
4.186206543597563	1.732808053808814	-.9464721207445144	-1.3965391874129396	-1.8281479317381861
3.9353013590915795	2.0817136187991796	-1.197825955570404	-1.18121255812931	-.19605172491787834
2.091189263783028	2.1201363448317974	-1.0897043650348128	1.9312894821664057	-.9146323202771545
1.4081425391280988	1.6700041705698367	-.7125428434265474	2.1815432567730864	-1.2903977212129287
1.8325004716361943	1.302256126773026	-2.269802966104849	1.6096935763293063	-1.2263275190127647
1.3867396277609054	1.5826313979473587	-1.6982098898611042	3.285228668837	.626371682961429
.3669800226092692	2.641154769243391	-1.3195406105805567	3.814460910012998	1.5623662881921105
-.1436861417712375	2.260152709698022	-1.9110815338843354	2.2230957633302566	1.559534696534349
-.1561424954153542	3.0917248282221332	-.8578106729854317	3.6803536986519436	-.47350992763784217
-.401693800026089	3.8699416431209106	-.801418227561089	3.7835955623376467	-.8859117634902185
.7376409885546191	2.94079651028866	-1.4701627693987327	2.474153633114047	-.5289720617442317
-.15174571102093642	3.3338153105538506	-1.7019423306046224	2.0364662907287436	-1.6596948809851177
.5823562434928976	2.781905611312686	-2.1356863255044227	2.716292575626981	-.5427615715122494
.9375969621808092	2.9290235205440345	-2.3742057334772224	2.648547872079039	-.10994103807112054
1.5980408619607553	3.588269238044118	-1.855490928972417	1.4643431867514396	1.4467481983703485
1.6612395377427207	3.403263791027263	-1.1670830510209012	1.0957234114766903	.7174807863226357
2.0133373919233843	4.259516681956743	-.15512244889534135	1.7070102064878947	.1305608462733088
2.0226369655572403	3.457185128989921	-.7334726407776413	1.8293250313266936	-1.319497091999754
2.180374510451219	2.492519046362032	-.4955692689508324	-.10494914456789439	-2.0343994904861145
2.208748205132495	2.6119993856490837	-1.091721455368335	-.4268593879014647	-2.393827194783903
1.871264702244186	2.9779414743706454	-.4324806239249872	.4301093312003153	-1.4363107139103968
2.1351422262582105	3.1512539204357988	.5045738118508561	-.7681605154657767	-3.189690896289276
1.8088002421950797	2.985646032840554	.426979660096299	-.34698143555823197	-3.403246391910441
1.3747194847866169	3.1346985097178064	-1.138542360233656	.8748594478705985	-.6043624607646305
.24068643195547668	3.119275344578747	-1.8864764822007107	2.29531892146671	-.735437168667197
.7797839451548941	2.1639324115421683	-.9762251792725607	1.3347061641706959	-1.8214429902234612
1.0680238549489316	2.2574715149648705	-.6408395488348245	.954531727116721	-.8036326421818726
.7463867614707609	3.1296826757221403	-.7138672154917289	1.9459391480866663	-2.4069603807512654
.7525245190477695	2.5230950437665864	-.26794674209471614	1.227632621580943	-3.27226317569121
2.393012900164023	1.5756875287366074	-.8650407632724763	2.957403773268848	-3.2147217079360817
2.135032673210974	1.7977747261394739	-.7550924913371212	.8538111430326276	-2.578054707157218
2.1850761773123883	2.30622022024904	-.807045718773294	-.41922670571508824	-2.2152230064022413
1.7406546062006467	2.8869693654830977	-.9042782651069152	.9540622185193004	-2.3058883243895654
1.5057445044611777	3.1243323654423723	-.7400849811964357	.11802829072538026	-2.6712693345521856
.36772833636982705	3.8174178314103666	-.8775425078355352	2.838648153039303	-2.320617253945401
.5138760939205449	4.438039939892542	-.7134031878139754	3.439768442830368	-1.642547899560628
.2592634953593524	4.130309201681262	-.11515102458174531	1.4492509922372858	-.6078145245108908
.6506491820855937	4.650423012541899	-1.0425425596151454	1.651768636144519	-1.3621875913719272
.4566681586763268	4.279255448555465	-1.039664300937459	3.495513151669646	-1.7164365664883476
1.1042194134644463	4.186187376775193	-1.5365407254200518	1.6047104214627115	-1.9195243087981924
1.8149768867667473	3.7211173419244936	-1.2826480479223603	1.1016593316317762	.09971704769816137
.6351778185529764	3.9102372209635177	-3.3388047311311078	2.292080371262162	1.1129210445305193
1.2258241769560747	4.038939117204405	-3.2592921540006157	1.4451513721362157	1.4048525456475784
1.183913501640906	3.7447411454412647	-3.387589324742868	2.6609323483505407	.701441060940421
.6040932385716162	3.6838596551263847	-3.3028820722343473	1.7042146034244505	.35187541552133683
.9832329155440217	4.332321041366463	-3.2169019729963115	2.3822532596812396	1.8435395266981116
1.1606621459363433	3.2891788354657785	-4.1508687422490045	1.939529189164845	2.160261359978741
1.4577133596339413	4.413892002336042	-3.616413145904234	2.004201052179941	2.3883379190224363
1.7953682507758846	3.9893825025776035	-4.274233691757269	.7895476674769414	3.352640689574069
1.7968109582177525	3.9992504087931895	-3.743821124051093	-.3171278776171297	1.1632543059887002
2.6156740789674924	2.271840248730234	-4.096280927485479	.207476538521185	.07995315146122534
.8034557928938156	1.7385150556273397	-4.094847620393303	1.996334368001803	-1.130252931814303
1.36129870585825	1.7546759198702508	-3.8203942938841893	1.6380652384515306	-1.7533936902576048
2.353568724186658	1.5261986417837963	-4.386609907694112	.6019254694374878	-.4010436472650335
1.9520030120705336	1.522338896597692	-3.7336940363749607	1.000250017595897	-1.0664478053054713
1.5879458849755201	.8342349038422656	-4.072454541402389	2.526304759226906	-2.521365309898969
.718377558822773	-.2922951479361357	-4.769685075710309	3.9105393765853846	-3.1605041197421877
-.483109420789211	-.3625486814963842	-4.685096081060772	3.6940147177741887	-4.5386880354234105
-.27142922923740853	-.2701857643125318	-4.141934678693017	3.421258859281457	-5.460666636903338
.5011901182753534	-.4109733953506186	-2.86743553841614	5.185021162138205	-4.420059226942138
.7037502190569487	.3743942548691827	-2.9506347418521486	2.628290215457277	-3.2600346990082216
-.18293572486680293	.881578434482016	-3.3126526486649617	3.6647580667499846	-2.4907029446473388
.7723265418709281	1.2036026090356546	-4.289581361746994	3.126850085289407	.3082966852734228
1.2480283768378644	1.8345999969861018	-3.9985458668077554	2.6535615127202243	-.05459999071336574
1.8255000591326935	2.087181430704755	-2.877729952846855	1.392102211826654	-1.2184014262252392
2.177432043692268	1.7505950543076398	-3.187881531566279	1.7327411414695988	-.4941181697460069
2.3709495878987115	.98814537392962	-3.1366333753393545	1.3939544227644265	-.13511370950374949
2.357944093762561	1.0160807003187735	-4.169359007206691	1.9058380292933845	-.2819574676305521
1.8807722334721175	1.360449156648462	-3.364502503053866	.5382728265927156	-.42872676447945535
3.2511649780141054	2.3347426190915046	-2.6520583578086026	.44227261047765004	-.9595860259308083
3.4539852521491063	1.9494272535841917	-3.1253193841960236	-1.9685294962392559	.6032466208690618
3.442465520639799	1.8760235944824883	-3.1210688220838287	-.44293615563498023	.9059262097691245
2.6603976487305694	2.105007103629428	-3.054634529255129	.3985055158371409	-.37304177836744257
1.3449411164427167	1.305432722233848	-3.7635350310252984	1.3646678918639725	-.007844945025507255
.5531079973078418	2.726260340075152	-3.681336303067721	2.0472001327759157	.5883954087281168
1.8249572539490642	1.7947689613988758	-3.3096231086187555	1.9128253825970365	.7993516932026006
1.1346644090309173	2.61806249277624	-2.88694349109887	1.58150501850051	-1.571935451270342
1.7173786141060199	2.656531870372003	-2.5803522455204724	.9076955002381506	-1.1002952201486582
1.602860218569003	1.8877284591921253	-3.1217933971791307	.4243719115677607	-2.6293131362055355
2.0189159874387137	2.424280916586077	-2.920429533063003	.3633698445611784	-2.5849907293153764
.21318158481295163	3.1392023750231473	-2.9046343972110185	2.330617984198768	-1.4675311265155386
1.6664833643782602	2.7769667029455705	-4.313246932162333	1.3000135432767372	-.14977504937634767
1.9917876689900431	3.3978130889480713	-3.367373653574855	-.828293333188123	-.0563534702029469
1.7273016806233146	2.680712695845428	-4.414462588488691	.2834982154515844	-.4126921765317123
2.144359874736969	1.578750075574377	-4.159323092159968	-1.0950920419803003	-2.0640242702565907
3.068131907770141	1.627378806034304	-3.205054478636099	-.6143911685978798	-1.8615380706559952
1.9863524629756275	2.5646219259581207	-2.5995363537910188	-1.1799734626951504	-2.3938866000369505
2.045750349454068	2.0787355284819267	-1.8054037061495318	.22279619880275126	-2.6561990515681835
1.4126454545142755	1.297512861450433	-1.541979508784467	1.666625101720728	-1.3198402168329983
.48695379360086016	1.2484930069950966	-1.6411961346534334	1.0680331141665056	.5105168531804533
.8954580259281839	1.5675693176334533	-.9472831749865267	-1.3081963034136637	.4260993573597669
1.1157635283365699	1.0372888335887596	-.8196696820951785	-.12652645365554904	.07239183619120837
.6369996316771169	.6595324899022257	.07008707950041645	1.1404148735922823	.5831244117840504
1.9389802995712353	1.7664466577818891	-.8622634785225405	1.1363117985415325	-1.1199552842168345
.7013508582512461	2.0154138575836775	-.8467935591077254	1.7577666145087034	-.8424320113683283
2.0737151931178697	2.486121556405767	.6354836577728329	.8540754271207845	-2.3653975757576418
2.162243574525909	2.975523681150366	.6713780701722896	-.07602464881736919	-1.9271955780477315
1.1586945390367638	2.691736484060705	-.1258435018015178	2.7354786655997123	-1.5529251740774908
.9293658735785759	2.3034942757312544	-.9140819436555253	2.808567345151955	-.33291902467321344
1.3285635728735863	2.084845293362671	-.36368948449594024	1.5840253614708755	-1.1352607239305157
1.7391060291176776	1.6484112119849201	-1.831791606198431	1.6829010497406984	-1.2568300888561807
1.5523838419719473	2.770987179262359	-.8420462313981909	1.162102959192151	-.482829921955498
1.6038571255720868	2.699726358317586	.21987734161100256	1.458760105803439	-.8333899300634395
.662726498996852	2.6449740985234134	-.9701820653171	2.313773628700753	-2.286243643916957
.6778582038298981	2.509556443727567	-2.426756664971741	3.4888559483406323	-1.9185648408195626
.9012945602703455	2.1791035326220416	-2.475857187767704	2.417412847722133	-2.1103892483374858
1.7532844723104042	2.1381842332434142	-2.188420165529002	.7160728489883817	-1.9628515192520062
1.6269055581400704	2.4557272305499103	-1.7922791869705672	.6679776523816926	-2.7291295711957053
2.273163964747119	2.8896987057325276	-1.8791161522221165	-.2895961289463963	-.9353795641795202
2.392890874849973	2.472268193081806	-2.8401924287827707	-1.3278246055822855	-.5649003547339645
3.7553309805677078	2.088973115072835	-1.0335863629792748	-1.5359423003065515	-.9774813447978186
3.5824660348565023	2.9374866229780046	-.035932166488052	-2.7230260208838404	-1.1605273323829566
3.6166517971635974	3.2978420398170547	.1450359833461414	-1.0758152356777906	.4013581971884079
2.429788023088588	2.8488745278761094	-.9012976234452456	1.1357112020505067	-.4202774863808077
2.3556210416520353	3.1643215798169213	-.8088376326507417	.4649903537766172	-.18984045350009227
2.0933021787269577	3.4166582280848754	-1.2739673808959306	1.862489299927291	.7208022254507545
1.3322587721102186	3.402541274900583	-1.0829330379367532	2.080079193111308	.02223478630161306
.7613222060184468	3.351137476888119	-1.2847422854928607	3.0278188591382817	-1.1208325513226562
.7852486377551229	3.4627149348403927	-1.5988812925863225	3.5874648263593727	.17447370962457337
2.011625431200452	3.1984775527951608	-2.089032721569537	.8091312766207949	.16919054056720065
.6555377452485893	2.973128380963066	-2.0736723188559747	2.4723066152444604	.6519851255505675
.5868215252259923	2.899791151712027	-1.825067385674795	4.340334824307352	-.6477097243062905
-.23801401727842667	2.3314623970104074	-2.422323257482574	4.660192783468609	-.7653276917368568
.21081626315124183	3.4773619303441947	-2.577117550293274	4.559088546563837	.14506423676127478
1.201272925972931	4.12213654735643	-2.696066711171966	3.444472056144295	2.4908040849914315
.9865697947925111	4.397179269066955	-.9030595397218367	3.768536963844404	1.6238532166306547
1.3427610146835944	3.556442293610777	-1.2325560864741285	3.2025145263313113	1.3299869614303783
.749408520855015	3.101483322772587	-1.1217997810929397	3.084836664389566	-.48770419613636007
.996343964747574	3.3393971391712323	-1.3736268266019256	2.629848093351469	-1.5125461309120094
.35138980220954164	2.9261064069574143	-1.3112402265825358	3.0820845547611917	-2.4177160107999773
.8690337158145235	3.47169168876636	-.9180871187321922	2.6736580358431725	-1.0133441859608938
1.4530912996584642	3.087886111624154	-1.957833810963265	.9926648478688083	-.43642029445735786
1.9532772312404703	3.6488588544447147	-2.329148680663347	1.6023209992520164	.5251884592147664
1.868230217746904	3.5482565521503586	-1.8016249088022078	1.2018881834308492	.021551977403563294
2.413887562062015	3.0890469740004804	-1.889144714535201	2.02043206450076	.1330339261916301
2.480760052992964	2.1728744973975047	-2.232493954222653	1.9888244801068575	-.5467783498930365
1.2043072389986769	3.2151959291245995	-1.7957767656886514	1.3352115425006106	-.5248245235761927
1.5668028266881984	2.8410901236985167	-1.6117317370785122	1.179437313427434	-1.1566210832728434
2.3821967780020614	2.9894525969083348	-1.0946391050445525	.8860136568417782	-1.3695291318026621
1.4685604940057864	3.1157756744540923	.8478884539202671	.32704507202095245	-3.9962400195317764
1.2538901912667095	3.6153887792999826	1.1029794852298973	.28546575805138746	-3.4888308864868507
1.3428164223341208	3.959355421839487	1.4630905152523166	1.0464725782301052	-3.129932787598277
1.5032258690528857	4.357414709529279	2.4563284408931287	1.437680306314131	-4.710395426817575
.10874482354828191	3.5011510660791507	2.693331488683259	2.4203842101417656	-3.558918249303473
.04435659461972152	4.564149649186486	2.531547485232683	-.4039636773036807	-.8839870109619027
.25576525777061804	5.419493629070453	1.8295334725236871	.9694550031058161	-1.1813123925661673
-.6243377183427036	4.103627556091209	2.848776327793663	1.736509929581723	-1.890943300051569
.29350308185722657	4.696039460211111	1.4493297637817601	1.1291852542727099	-1.76401141745279
1.434311066118512	2.4249341255631482	1.2112613898753144	3.0967983922815137	-2.918724984829026
.7987414205357175	3.147870975831384	-.01168120720914212	2.2659731815857542	-3.3292127838902283
1.2177403446517807	3.266681603417978	.14038429187667661	1.4431898357117223	-2.9211283383251794
1.0109243955095701	3.3532318157940133	1.4344039073760473	1.2534665476287419	-4.2096534122983265
1.8216258875176428	3.1234401166136596	1.1352399602657377	-.6383354407527247	-5.460975060566277
2.0555571406719015	3.2597212486450293	.5119816386422177	-.044466134163849313	-3.610542643514665
1.289752753401733	4.373056326060705	-.48704532350300084	-.23635012955706014	-2.745005579451556
1.0873026649500415	2.8769677618128346	.4133767312028984	.6235380454382601	-3.5521580792051988
.979066546426961	3.333645854335432	.490419127940794	2.52454152182897	-2.967372115401586
1.350708409284246	3.723629973980583	.34373296834786626	1.5171120730350782	-1.6640185313934661
.21680181418459096	3.8289971488096683	-1.0541412185338528	2.7520371133423245	-.6047943771049471
.21064891904902294	4.055217450840154	-.17487896073370213	.5348345569080689	-1.9891758865819398
.4097381850033521	4.3865562030411835	.09949893794345993	1.5706401965854981	-.6021295744834828
.8711168580676405	5.448637538966872	.06206452627884687	1.2332501080797578	-1.0085875376192845
1.1589107272519588	5.191884379062919	.5956306651646446	2.402487904205	-.4121222836364671
.7485870924386983	5.055096674219897	.5003057888338563	1.5908731883086054	.6533116637220846
.377063364038327	4.960987491679627	.6697039786789833	1.9876271314919225	-1.3880360382617472
.3831502161538557	5.059002747456246	.3973843422565946	1.4000066320879538	-.04462749285266887
1.3717807229850958	4.447672747665995	2.1853967129416056	.8899118493840481	-2.0114447695540805
.876359573813909	3.96615958914334	1.182807635326302	2.5941228434379817	-2.4034543884899877
2.2027869671869467	4.3424322044711205	.994033893142601	.6468298734456857	-.7167923207583173
1.6405827541122981	3.374259336305092	-.11988034280885343	.7837476906086364	-3.060997700012923
.9970375071095567	2.9175083926830467	-.9234446366230213	1.4389125069351298	-1.5882446155008165
1.8841791541251633	2.4930299781752647	-.6822126146922458	1.1023272664974648	-1.9516094611698256
1.0078518934421987	2.2632153226010163	-.9305916676666086	1.4057258502671948	-3.6233980721273897
1.0523097889066362	2.7221959385051147	-1.2349206845288443	1.8450223243100299	-3.11068537265918
.7985850542239545	2.7141694012277466	-1.4055115704728622	2.592845278044799	-3.9650330155258207
.5236247774568025	2.3987819338312795	-1.6106759285229744	1.7214585030470018	-2.1858127214251657
2.072068717941345	3.366648103193797	-2.305053013643132	-.234093924510147	-.7651235781695009
1.3805156731858235	3.1370494692088657	-2.0259667949310796	1.9403463935427805	-1.558281926751484
1.3896637728886645	3.0892513370506403	-1.9299696308046033	1.318578430716309	-1.6535146286272513
1.6902510042740766	2.6180434048898316	-1.1501965774834897	2.334224052085208	-2.5854865110903713
.955091154741786	2.10796127649563	-2.3182793790810083	.9701062677336995	-1.1507283928455796
1.7122188591767902	2.049726440013855	-2.368448080635145	1.620357322279951	-1.1663958007814827
1.7193919845137535	2.3077558790853336	-2.3680853143147114	.36171545970241414	-.9193179021247775
.7742745690364621	2.7140402926288445	-2.467169175656685	-.5264269626652639	-.8127710345458942
2.2733491660047207	1.825799024574414	-1.4913005520256124	.9642138474019017	-1.361051341788563
2.3279778994734732	2.4115537716913513	-1.616883733362853	.5703731207044964	-1.482436646584294
2.0061690805245775	2.156617005599667	-2.026273211348503	.9525819927603159	-1.8683612061775776
1.865784182513365	2.715102619343963	-1.9663716177804795	.8130320861218059	-.5237965707182756
1.4682815403472873	4.468459044533476	-1.751955261709337	2.2295904978944794	1.13494128749354
1.581383367386592	4.1421779981006726	.2121352584637456	.6636008565643969	.9022627136101417
1.3905487877351115	3.4180158123725954	-1.026504120511206	-.06293184902026328	.10790105339162126
1.0645926674363277	3.2606339273174316	-.6058017205025176	1.510531916727393	-.47900265693787636
1.2594263053892418	3.0993311774970045	-.9317004376783694	2.1889309378870223	-1.1173023772709467
1.1952857870964382	2.6162971571995723	-.44193766752619895	1.4295933878106108	-.8532372881322485
.911570961263914	2.917534207199085	-1.2699629880810903	1.3176606012820398	-1.8351088507561715
1.2664258245398956	2.0556171824172242	-.889195580947362	1.5657300538464594	-1.2879948294260453
1.7538202581359883	1.8812954092137333	-.642982997580524	1.9543099676750273	-1.276955972368443
1.359792891942289	2.7660756634750205	-.23553578238795336	1.9655516339892332	-1.5366403323349245
-.3141723775705285	2.5871841758510667	-.195095356313561	1.7496858162199174	-.9013059583814931
.7747635499248472	2.838892158952391	-.18165069260651512	1.501295468530455	-.21490753304297178
.812826679630253	3.0963113935933393	.0842860416552906	1.1718532209815167	-.8615512274832067
1.271610715240648	3.8402007520715165	-.3324513472898488	1.1776901261712045	-.35342067087131745
1.7655979438080527	3.7199683333677522	-.9204110579528421	-1.5002046739297943	.4618978473946489
2.1106862665914714	3.561142141100444	-.3479352887125464	-.6661998357377168	.925195739069905
2.1600628075164456	4.004301554998216	-.9045875800876777	.325112393981493	.363653953780942
1.9409596229308594	2.7270491467475044	-.9061241433077042	-.5249954371710018	-.533224460526364
1.4664373116080411	3.6753791932796096	-2.1181467246751673	1.1061830597923716	-1.1312815255220152
1.0246253145757194	3.388143913807335	-1.5717893141452297	1.8243954365014419	-1.2049123662794174
1.6051371196813649	2.588158364435385	-1.754705740638692	1.2946051026809107	-1.5046083154392604
.9969810376114545	1.8705318874892525	-1.9236434077537246	1.497481740030433	-1.4727682517586267
1.4689433397865708	2.5174589162142595	-1.7770589519626894	1.7811723145921672	-3.082849344740175
1.322403179734244	2.6755268511223864	-1.5738152215462062	1.1324490844645207	-2.477353117592809
1.597330521268815	1.5459596269219915	-2.7807868317542406	.7608376115491691	-2.2544619112169677
2.376621983088036	2.1638424959003886	-2.1565808795897814	.5122671373261276	-2.318347774742943
1.8755219166428043	1.7733360930827833	-2.24633496048204	1.126503370315005	-1.908485567165183
1.1161727702074704	1.0135414724567815	-2.1652692848548964	1.0091449603102554	.08648403882991101
2.0608916531019705	2.521812963886192	-1.7102713222208248	.4239912205960404	-.21249530335373856
1.3190828702210815	2.078729296119984	-2.914751983821786	1.2390258241574201	.39903140972752904
1.3233932766149814	3.1254947919175162	-2.4276333509311248	1.8052862746172411	1.1158747321126103
1.7632593978299247	3.829844562101621	-2.426659901349311	.2569383446987765	1.0934933009414172
2.3069995794620035	3.846370203043973	-1.1152913646245377	-.4714093679055721	.640464075437759
1.4250352363307115	5.073389529821878	-1.5178007197067598	.6861919717223024	2.1137308393014176
2.0208070264529967	5.0111590399759045	-.7927510476082095	-.516013479023705	.8284193843217568
.6345014504470619	4.793030675982185	-2.126502843834054	.43334983604498956	1.5508375362249613
1.0606123497882247	3.762435520642254	-2.519063237753875	1.9455303442055543	-.14212217896768115
1.0525116867360653	3.7457811111104076	-3.2568096263112083	2.1162683498075605	.8414798517282378
.07211701359975939	3.2039234840413533	-2.740708686344983	2.622323145339592	-.5964650866361468
.736890846161779	3.340939933627855	-2.944680321579129	1.9588386391516797	-.11842585101403136
.6947486607551404	4.54766790566508	-2.61296574505646	2.79204968749381	.5440786529448715
1.380277640666319	4.483450164396729	-2.0582272979407388	.03267374103542392	.5071898591871554
.7774179264437657	3.9349037034288976	-2.328658037895103	2.064743734221629	-.7169903048081543
1.847161097500055	3.6674732222617665	-1.5853499050166135	.1826327402189672	-1.963204470459678
1.187701101025524	3.161590388663399	-1.5027233437022174	-.41567857852655926	-1.0047088663477457
.8597182206565446	1.7674264332529184	-1.1336760428327457	-.4121659231109037	-1.8299038185214127
2.1316276238310032	2.5692075159966743	-1.6504075907202975	.5138230464721414	-1.9647965863761814
1.928855432791929	2.629590647622779	-1.011671351016239	1.6799966236656974	-1.9680591290932816
1.7926632030550476	4.1257510778276485	-1.8478924039506528	.2578676734382044	-.2616031784766565
2.8333833347920896	3.0571640198395844	-2.7369259396811456	-1.4681471139183988	-.46976005397159815
2.6283599137807614	2.889978408114081	-2.2429522383325695	-1.211001875133583	-.8946779564639927
3.116393483900189	1.0028805771109743	-2.6745572578164216	-2.182266229945819	-2.8105065480250713
3.329420913627201	.8439951723283009	-2.4162515903542046	-.9264073203885084	-4.30340094588587
3.5528129039712675	1.7044901321235941	-1.1434299071793326	-1.8035401033665992	-3.107352046019254
2.1419689218827807	1.975920776115925	-2.7975192351123743	-.8369809103845143	-1.5820073384326654
1.9308436973419358	1.435938170711344	-3.003871448556356	-.277812124760588	-.9429885916344092
2.413074233358798	2.24618349928692	-2.2476827402019603	.3593663810166246	-.982819868354435
1.9423010097585207	2.056759667241353	-2.904037250825591	-.16591959825762298	-1.6635189098896626
1.0557057152053249	1.7305060342365688	-2.119638571079882	.7424482281888105	-1.550792180895912
1.4277121996515199	2.00633806831058	-3.0639416420537042	1.576091426315176	-1.1994696758743109
2.084352703326932	2.1520371122817963	-2.3693052099038123	1.1450762994838417	-.8862603141796539
2.126917185489404	2.5360323318680598	-1.8376320585095798	.2821487142050925	-1.3280874550156743
2.2405359593863765	2.310117994348934	-3.003923062081061	.05834705975927451	-.9860158909654245
2.0297054294968246	3.1202081467214247	-1.5845211780299089	-.6037109937785039	-.20050368507892297
1.8695701611733837	2.8544480001818924	-2.3190100671990614	1.8628754647105568	.2728041920954931
1.3083438416485869	3.345886375990481	-1.4735507066560145	2.5277053775711065	-.10471395427278535
1.4821298487055323	3.023635552426511	-1.3161681224833395	3.222123340008178	-.02500276390530043
1.4349954926782529	2.7396658050286127	-1.3550453994534228	2.4201245246068015	-.06256225521355906
1.918259801587135	2.473727683010749	-2.743367212920796	1.6632318506008659	1.2227206941925806
2.7406945411947987	2.411329778100927	-2.2436493328600178	1.6786274227879479	.27995097758424065
1.6325672343218223	1.7850414102714613	-1.4487964837435625	1.0121347258950066	.23721416143430535
2.3395005368433823	1.7352241201486795	-1.4455120270184623	1.1408762777189605	.5634656869130195
1.1982845628296168	1.5201258806065459	-1.1455629999340662	.3535292457682011	-.1369179737321755
1.8144120601957763	2.032812857358393	-1.345333370269529	1.0092192969929226	.374693468489092
1.9416799046060915	1.9386771654844408	-.8995376027370064	1.788277793167105	-1.2749817513922033
1.2065667884515334	2.05280126054357	-.3677906000083693	2.4086452411824597	-1.4207406740773707
1.3332085585834277	1.5988764024493558	-.5342732760259288	2.9612377501900853	-.9293563778524198
.5640930947847836	2.263893626024183	-.6213159416148677	1.9896465897494413	-2.6715660494910374
.9239786860762478	2.18244221107717	-.44164110867920725	2.520295921617323	-4.324561340654226
1.6600641522683002	2.061397715269716	-.5806104588137282	.48530268333737203	-3.717626083898168
.7119623639575392	1.7460640224887634	-1.7533175728049701	3.835690939794771	-3.2229138387242737
1.0465689662362432	2.1804550088821197	-1.6172018639244732	3.1567605126810427	-2.3095786788754156
1.1337895226964756	2.23126452287746	-2.374114082761111	1.5686264535467789	-3.196458539599594
1.8372152789059102	2.696476836473927	-2.4664615654856874	.3133678049072776	-2.581220868272404
.26725769749599904	2.1953034653140424	-2.3602437816845767	1.2097834092296869	-2.3366013587309222
1.1004521826464129	3.049586416712618	-1.808198984418246	2.1448338786408137	-2.0385199312296325
.2382063196459468	2.5876615032578254	-2.0844705166713218	1.6330154186711605	-2.3086979695942564
.10710359398558372	3.5898979685770755	-3.471564009518745	2.452693329486408	-.7519226173299596
.5357036668031683	2.758217372420451	-3.643240320980473	2.422992069152353	-.15110735672842976
.40402936608086226	3.154275826026507	-3.0335292447747166	2.191281866440167	-1.0739366674860578
.42822951893050437	3.583415087290533	-3.110123833398677	2.7393950905652504	-2.7101016626287713
.2197128270316331	3.8201714233644455	-2.6674465816772637	2.075398755551459	-.4915410683735267
.10746748965412123	4.443164777413132	-2.318794644266139	1.84220253896807	-.3814636788838958
-.07005554698246746	4.099388707554428	-2.283598827580736	1.0734004808012731	-1.6920579659109372
.6797999339055012	3.2366156740463277	-1.2709406007978348	1.645247908528653	-2.50370224538864
.6784433746482783	3.2368692726112305	-2.3613692125037398	1.4541277108333739	-2.9508442556230827
-1.153734196723566	3.658851268134997	-3.835579227032768	2.1478939496975835	-1.7959395400928528
-.4320222737415557	2.9097521945245646	-3.280663965917605	.8779139630862924	-3.4007893425565974
.7837579906054097	2.5544509516029725	-3.4951467597254307	1.3454225240094184	-4.473481173389388
-.43776799944900213	3.019650320948064	-3.0814497502154707	2.369011275334666	-2.856052203613002
-1.298434859959426	1.740030852091608	-3.0143007245604707	3.7382343857335534	-6.296196258605386
-.11941615501054073	1.1885171768575626	-3.3556487027407216	2.047940119660749	-5.862272735006561
.21273414596876533	1.9216659562059548	-2.566426845352747	2.327392464596633	-4.477866562776662
-.016403197701992833	2.23332258534959	-2.2603688196678906	2.2728652686696096	-4.4184061024775865
.1127427042538354	2.122999044701476	-3.2923437959296806	2.6922150751538414	-2.5627364741063543
.5051716340100307	1.992616481748549	-3.417668229292104	.8841626686529558	-1.7587697456273237
-.9838404657924746	2.0647859439094307	-3.4490988554083772	.8388266499320719	-2.313166252817104
-.5896765055625581	1.599820763500355	-3.555691099718254	1.7531547580710725	-2.867856264969264
-.8329284140215156	2.3848172897345363	-3.239225687328924	3.778975421705492	-2.2440199417183155
-.3442136197001113	2.377849589943995	-4.0965144689330835	3.8594672179980294	-2.175088452267943
-.5448983362449858	3.252356029244557	-3.466888352457702	2.453158120539615	-1.3235859442571187
-.012546632783623002	4.175630724846914	-2.795556463834073	2.150983342838981	.16051449912877147
.7916090514083645	3.932982024835988	-2.305308065448802	1.8759330664832303	-.15795888615440945
1.8496646249260695	4.992865698506899	-2.5319246850574295	-.18586636520214356	.824173673258215
1.5250891009297523	3.63456697764854	-2.9285455184700484	-.5769670018164594	-.7549384369915318
1.1273986287208646	3.8551799563514315	-3.2372232891609123	1.108740654636053	-.7629531300210011
1.2183123116868115	3.900192882597471	-3.6534976151182468	1.483705080218956	-1.0369662695148185
1.2320485323906696	2.932436223355869	-3.349907164347209	.40071839959914335	.07534221586442358
1.71943790375609	2.8406648019597642	-3.6387035752719363	.6225122987647771	-1.4670862701878506
1.0905228530144366	3.417004975469441	-2.0699633781032682	-.33993361572313546	-1.049634447055905
.8666113328485594	2.966707112344376	-1.965227270669986	1.5782472137535248	-2.6091437817239473
.5736123079573385	3.005979460392187	-2.219217320670535	1.5788799454007503	-1.044790764486236
.5153021236245017	2.8285974192396957	-1.6953830277168707	2.9940547626019183	-2.5794029090245494
.23319742258563936	2.9988881497704725	-1.71064600822427	2.2440845018079303	-1.3215265794388058
1.4915834590892527	3.336398869557085	-2.8333388936706503	4.3255304270416115	.998004852970688
.22260174602496424	3.3184299711117995	-3.9776411230303412	2.6812733545095497	-.2684693495602904
.31557737743132086	2.864853235361179	-3.7852466442812656	1.9913919711153505	-.8261713346207077
.22868248814013772	3.1289111619573604	-3.2043549148277886	1.0189763943449286	-2.471104301867889
.3815960991168651	3.3944473593168962	-4.30382934091425	-.3263813345645932	-2.0830406422876395
.16290686341834235	2.279707381358734	-4.147796077401207	1.2399665334863341	-3.001623912291092
.8798544702716836	1.4149712678000328	-3.6689014100044877	-.007292525211590975	-3.03018500950967
.5298315983614091	2.7011329449457864	-2.447118786181597	1.4974545881121744	-3.106143593180831
.5907858284701042	2.9325186475512615	-3.3863648777092235	1.6261045994471424	-2.417607569121427
.38006103739282887	2.9519138031136074	-4.41534873914821	.650245716167273	-1.9145501857366107
.4737034670709676	2.4579540155598205	-3.568499496102176	1.493219492762142	-5.128981128839536
.684301250858404	2.90020981245058	-2.620846299436412	.5062964683021117	-2.3549319627775076
-.007300410847715183	2.4447719337232483	-2.54614421291313	1.8461483556355698	-3.317047767105526
.1879672430557103	3.016894563964793	-3.7162429790644302	2.3528680354556104	-1.24929208694055
-.5339924270493075	2.221153463608217	-2.387460136044051	2.8341202270452066	-3.2339043822851945
-.5670259327091907	2.4536719885249534	-2.5701812267411763	2.950643856601068	-2.3269361505380974
-.23023936672844647	2.4609446955340024	-3.651648075170583	2.1751724646833326	-3.1243149791492786
.5034530810567603	3.458228952050469	-3.1481043157201705	1.3981274281124905	-1.537705139726544
.42020564277907024	1.5799488455068569	-4.23045005790862	2.343922564734722	-3.996363132818148
-.6614604482676373	1.4140562941240875	-4.012480954916649	3.151875659130896	-2.946601276094727
-1.0368600287079364	2.071595856077649	-4.317757803902898	4.564666060616203	-2.5321604315359028
-1.123416818751192	2.236807946725857	-5.035895784222831	4.203708731803464	-2.123284467490772
-1.491640377621187	2.0593711516715194	-5.550551103136983	3.8546346878978035	-2.085529635526218
-.6964660376951908	2.6592849920436	-4.18168402555982	4.186293731938539	-1.400607137690127
-.8477790727067922	3.086533543922214	-5.077347687202039	4.467938847758537	-1.115557327050815
-1.2894818355317146	2.8740393337199075	-4.845913950820237	4.271758511432958	-1.1914042498336317
-.8094562758269785	2.7015656225232845	-4.990517013066133	2.955054660491557	-.4484454271210515
-.19029076346949886	3.076221965339053	-4.361426051051839	2.9999130265952503	-2.053836687574453
-.07983512871077549	3.3258157270267033	-2.946633830418545	1.7951127348263909	-.8208278240036688
1.3832162766283038	3.742524406759735	-2.973558841076297	.6685520694374132	.10094643868469355
.5270273040304354	3.457873772620892	-2.4977461555819387	-.21741286817288	-1.3197375087647578
1.4275259676531504	2.644302195032087	-3.9561181441761404	1.0322718351288276	-1.884254197532366
.44777874675402346	2.530861151203155	-4.374250120095814	1.5601361442439008	-2.7066046510613573
.5053964941955473	3.3109733570009916	-2.651476233058024	2.1721290084138047	-2.8682296412527895
.4511222702882658	3.706310184884375	-2.9608517528598965	1.4119040634273863	-2.2681473994353705
-.1527093335312707	4.04337796753103	-2.205685163221263	.25880423024665955	-2.4393499734422988
-.25594024326386555	4.180845270319489	-2.372463533104233	.3224446523595017	-2.3069918821788793
.2685766783048225	4.0136450026099535	-1.7631726944558594	-.27657560742348813	-2.463616351385568
.9479071120608935	5.661647369241003	-.8693180099281179	-1.126237524268526	-2.430523332898839
.23589932638198413	4.815620055300258	-1.3332318330636006	.0690022519377217	-2.1981864383617338
.7017664922111573	4.878557422986827	-1.5678348484194524	-.3782882037989919	-2.729951455520068
.22641892588547016	3.9464791314920618	-2.386094188438733	.5193856785247947	-4.730789644773974
.08977337500640874	3.753431523452004	-1.4871448455289564	.22085550455480385	-4.318099085124412
1.0778335371182721	4.40832010963037	-1.874013357373626	-.30902600619614173	-3.715204778766807
1.0277243054431011	5.272192316603511	-1.4301567207890813	-1.1982633253554624	-2.891962015977995
2.4331608148988955	5.124783363202981	-2.2863311306424645	-3.6866030339279403	-4.0676978140952045
2.221986823991195	4.346537566601901	-2.3858213456553488	-3.540787615414511	-4.4713515644212105
1.9377660217254398	4.807847683753093	-2.4100788358524827	-2.366710678630615	-3.0275148545381594
1.2756342836922208	5.493899039581238	-2.1227964926807514	-1.721786203767082	-2.9244140749762266
.984174859828983	4.953236088491464	-1.9273474493094447	-1.509942749715498	-3.4165785670979214
1.2804987802298216	5.128989238820029	-2.099288995750934	-2.1597267858967513	-3.552243587754228
.4800601975197796	5.165175048201723	-3.1355945159591747	-.6372290778892329	-3.2840702422858605
-.0803780880571805	6.203252524765133	-1.7218368692814576	.3182058294491934	-3.879879872578018
.29158880777896307	5.337097245696095	-2.4264502506878487	-1.607487538646501	-3.57559634349086
1.5230567112136546	5.142775020081844	-1.6318825174841063	-2.009182211454689	-3.656062283223424
1.206342676961119	4.597651007686737	-1.8850793944268667	-3.0965905726329943	-5.990290978865408
1.3328381541500787	4.352134729728083	-2.255141899411921	-2.059476066484887	-5.34396477703492
1.9886179565813882	3.730310304878265	-2.9476631765472807	-3.0249223474880065	-4.236791894886852
.038730774634074705	3.9604240065906464	-3.798268996959808	-.32344705600030493	-2.6914385697285983
-.04730014220136769	3.179871986249367	-3.536165959638194	-.9394592227530674	-4.761453219460836
.17114622365967422	3.68774605048777	-4.702735808656298	-.26866281999716424	-3.7967412831075773
.5019840962473191	4.016585594831041	-4.342525258140888	-1.255210464009173	-3.3115602234142107
.5552694005598123	3.74044650793817	-4.05930905016866	-.9742997901020916	-3.9794527784835
.2104407856350439	4.401383339323875	-3.8873086731955686	.3560526631943252	-3.3250637143799375
.6344854487530424	4.558708480566653	-4.226573615234802	-.674165926426985	-2.1540428498544353
.4796245654942678	4.51072729450323	-5.103250937559318	-.5419528760804876	-2.1967423413802045
-.10181755219326927	4.2078880622931125	-4.623134640039323	-1.0602585354550325	-4.705238664409594
-.29574914618028003	3.322911841509934	-4.4736845768763365	-.17282365625604573	-4.393098718049398
-.014309998964831233	3.769329397002982	-4.698628047435747	.8728229655707833	-3.6091851394785324
.008734751438367716	2.8359212164414265	-6.2737564561744135	.5057369112224674	-2.2274026431494094
-.6431846869658088	3.089926434475916	-5.267620818950019	.6645217742877245	-2.988684936837014
-1.344892183733082	2.7894658544416715	-5.766763638525871	1.6029502653696084	-2.4744706069323392
-1.0323949312445266	2.826172066802763	-5.468960241566116	.9900963643120768	-4.013542931968381
-.703072805751283	3.892616503675411	-5.566733301686541	1.5889853104147167	-3.1596891084340264
-1.2285399776670107	3.1656597601024337	-4.6469939630943315	3.4772274390386615	-4.828559376733999
-1.6217753050145447	2.7765970745140813	-4.022942548537845	4.718032328606778	-4.975974903512217
-1.2578398016432468	3.2299034321652402	-4.449261226809431	4.06601019009362	-3.575939129329759
-.7755284267762592	3.3261393958750007	-5.033785670256941	2.9313118180726696	-2.131120042117252
-.6216682989885609	4.12894444871026	-5.6301067359419745	2.572627571940437	-.587821950962092
.030861883028331205	5.325919000084949	-4.896182795578193	1.3486297877603741	-.5672080705455831
-.3102232088678786	4.369783196651281	-5.041234503242692	1.1039182411431159	-1.0022038040503929
.045244152700482654	4.3147596758638285	-4.49093469553076	.8724433028094349	-2.5974804263850553
.2931328393688317	4.050817730064622	-4.324003796419468	1.0984834062346196	-3.301177771085607
.920214418198236	2.8567725401121242	-4.8606803486121235	.17442451891420113	-2.936467398063342
.3841192199829492	2.078828014785304	-5.3515220264693	-.22495536105005742	-4.333711617536688
.5433330699144717	2.3492457705431984	-4.105905900352381	-.9076427181466613	-5.943115629965139
.7394211003234177	2.6769633646304993	-3.7401112391111284	-1.0097155751990388	-5.176586104008585
1.0783400100401084	3.0840572851267005	-4.476642140088385	-1.694238698777794	-5.231000966159038
1.0374132649060546	3.41111186484317	-3.131362191239703	-2.891294036895988	-5.427185491725975
1.6374019689485506	2.9428471005030916	-3.4562170123729627	-3.205224916547312	-5.305795608052389
1.4774873855324293	3.3208662676988703	-2.855970510177603	-1.6321699857609238	-4.971701858400503
.2790427583309256	3.980031090444938	-2.5231721338510855	-1.4863736684724493	-7.0386083616854025
1.5761281871306592	3.636599191734271	-2.75223429410143	-4.209479863394402	-6.795134773098129
2.126531874288527	3.3651493660215874	-3.0568451237925705	-2.8761237539770397	-7.070883432948253
2.4377884403402468	3.108503585547967	-2.7566537747359634	-2.555436576810523	-7.725552102130544
2.9296398844271367	3.4554864544336543	-3.2919651063735116	-2.8233296623944693	-8.111976575378518
1.5652710525068412	2.2965462850186857	-2.7012598471022455	-1.6338002722473353	-8.649863217361949
2.2416030881778086	2.310737426412512	-1.7797379981700328	-3.463722585755045	-9.508978438872271
1.8091153667123978	2.560976187952004	-1.1586693531308545	-4.542369318995548	-8.403512642175768
3.002545570197744	3.2976791877292007	-.9857163943046865	-4.563284159276804	-6.711957311747802
2.5036191357296924	3.0427761505715183	-2.4290347123276956	-3.257879505812001	-4.702649441925251
1.9738044487695676	2.2325933458662868	-2.642623377336002	-2.3848602563427135	-6.60679721324447
2.213922002550445	2.0787416601796407	-3.539217567275025	-2.534457222410573	-6.470085253207346
.8084574668787439	1.9347345670589395	-3.6582877879821596	-1.7879698293781567	-5.962958246358214
.331308308407658	3.1751034250816677	-2.7129931873775655	-1.5364454840954873	-6.018556454152808
1.7205240336479701	3.6827726117612487	-2.9201386726355403	-2.5429130177990227	-6.207403835510174
2.2230709404723363	3.862849804172895	-2.731788282679586	-1.7254737499388924	-4.724578444890556
2.184146690097993	3.2874125869216924	-2.865243317393034	-.5720293571787044	-3.6001818612978576
1.1074184277364838	3.549610075256255	-2.144893747007795	-1.3694604886892552	-3.476744157453745
1.4646357941802903	2.983674674316372	-2.667839976101758	-1.6756484530991096	-3.623708616202402
.5149563052664672	3.9133143515162425	-2.203789467483135	-3.2781696063077894	-.7653319177409021
1.2670748733680965	3.9365334510113508	-1.5916087397782042	-2.27868099785947	-1.7334263252803443
1.801661630197461	5.017857116031216	-.9400603366522664	-1.9583462744420297	-3.1521662356092857
1.3167401950890427	4.281867606265127	-1.4197242768547673	-1.3679245011166299	-3.1873835841113776
2.576712774993839	4.025399854411047	-1.505817368800285	-3.4221113156115956	-3.2415767888769293
2.151898322519611	4.836134487934088	-.0077554128219875715	-2.0521472155442173	-3.368632417922575
.04877582480188025	5.879634892265877	-.14182808825836402	.5214466099720019	-3.5379306083225512
.3323735388329162	5.34899207675877	-1.0053034194528603	1.0089308339390235	-2.567515919720579
.8219419678135744	5.438512424881408	-1.1607272387543457	.8026689869904845	-1.0302134242190366
-.9399033328967334	4.976729159500871	-.08983030722769003	.7390589855449343	-2.7390159740218185
-.9550780801388788	3.5224528153123993	-1.1318134676102443	.24905810767953265	-1.8461260455325514
-.5513493236021603	2.7232294022220027	-1.593186224390438	-1.0274965606965631	-2.49624921675408
.978632429805912	1.6883108243809208	-1.2968189790031148	-1.7998877178499468	-3.8971558670016875
1.0935824991308742	1.565796779544359	-.7565701048429924	-1.423314742841485	-2.2158852727054565
.34320858540726945	1.7032257442299354	-.5056478451485125	1.3308990127103375	-2.010970564352012
.11597725500885202	1.6003029497218102	.2190434754864033	-2.5684551974917276	-1.437730474033056
-1.1377529882553419	.6171121360405991	.7788184824547939	-2.4418354278734196	-2.7003684875507585
-.3950159859973091	.5550126196977838	-.07068670576587172	-2.2978563029081758	-1.8589195001302898
-1.2323097008724042	.7956236239554204	-1.3773590914865488	-1.2945275398518037	-1.7869207825194255
-.16729895379316545	.7915322465423222	-1.3127372277441816	.33730322459289586	-.5909773960530689
.5533788036034255	.4031642554336761	-1.4481502743019952	.2466073796173966	-.9982364471824126
.5243983826857952	1.0857320356375262	-1.5017925774780072	.6735657026151253	-.7103325757887057
.17588052664192658	.9649128889694936	-1.273281914978091	.309336340465124	-.22888511167124592
.003830918003505674	1.5323932219825165	-1.5026960153928333	-.4365422763775228	-.7549925219856772
.6344709899201244	.9845424314614297	-1.8429105048335455	-1.1091627423587265	-.7391301506292386
.5805766930078115	1.7276512986827768	-1.562158720305497	-.6108738637219643	-.18786150865099635
.2657759743568247	2.4554264031917596	-.9437474209242024	-.7696268623108828	.355451502274298
.3557240821748251	2.5034333747028614	-.24155458705792127	-.48459910842589926	-1.3273767456467953
1.1354150084063366	3.063749131666287	-.9680335902490423	-.16834375504023621	-.434061417395315
1.007900162819295	4.867587246084432	-.9845905849791793	.2908208740401994	-.9243140055894775
.37177026981224953	5.627538969375386	-1.4086936929681249	2.5171601735751286	1.0430768123666851
.5757682439573406	5.363925050254931	-.9046477069337602	1.976452888667999	-.8629739772874985
2.7179602049439264	5.478874627588411	-1.551570052954251	-2.4715944807688444	.08382844597159128
3.354375455054957	5.99159614723831	-2.351506594423914	-2.047960676873053	-.4647435110778171
3.726226703336447	5.0917315228380975	.06437470961580427	-5.73746881574391	-.19308295201149378
3.255152012639069	5.207305900864726	.5291736752837746	-3.170033429619577	-.8752608354336111
3.506870104920831	5.242126275611072	.8320233746600509	-5.319699054219692	-2.55126931939651
4.31799443391583	5.278646408738445	.4219858374548981	-3.324272000556004	-1.9753977395613456
3.2818850301404208	5.36271329364999	.5367814058921947	-4.797517007190561	-1.490538143983724
2.7989442013204946	5.998852005131532	.6611673281127903	-3.4145569736173518	-2.4274196348416193
3.327563698008096	5.795399120037013	1.3172663873050305	-3.456946198678735	-3.013869432409088
4.342569261650208	5.540914907045186	1.1911683350509452	-5.622910960339981	-1.5082075450988761
3.9391723918157164	4.740541408487614	1.1024236342534972	-4.9472477824345775	-1.615445014327788
3.5590246711313407	4.825086909989007	1.6508738996812713	-4.6619504956907285	-2.809329191469444
3.739598431493707	6.027371522404787	1.9691859678195869	-4.705753845460327	-.5994841381689481
3.723156345005913	5.379519424771642	1.456267967378678	-3.7377909859989797	.039490976702321406
3.053151905848336	5.476622095673609	.920916496018831	-2.9457697948726067	.09974219622585911
2.309147999993308	5.509148478256953	1.6966497075187381	-.7331247591659202	-.8782597834512642
.7893575815201889	6.224508894961244	1.0203232601433012	-1.0044427690190671	.16004382096136527
1.6294281539952944	5.573870345247268	-.44358453079641974	-.8700698885380569	.6610544219637351
1.4771865169963896	4.216782102449915	-.13639634777704496	.4026648090493672	-.3952978177201696
1.6252054641530103	5.782592767586134	.4495657050408179	.8246496070814018	.5074723510794
.873872075691172	6.701402478410985	1.0831556543991263	1.1174257015359619	-.3081225009297182
-.32699239370855326	5.884289243837117	.9950401284284451	2.3592141547051515	-1.102967387863751
-1.6809512949481076	5.153691629044312	.9709635862452082	1.164985642842004	-.8843516270386534
-.46060256878406947	5.1550315568674225	1.478817477783001	2.360096154543654	-1.7523878978866623
.3121925253751817	5.482610628641934	.8772366630529908	2.468671812393727	-.29502926511347816
1.251244688291829	4.533147153279251	2.6478434597050686	.37719018827496786	-.9637657736334028
1.6715211539431785	6.087412519851907	2.2432194275558186	.6324076694572938	-.08339904034268497
1.5439246388798762	5.48147484777023	2.5564923011183436	.1663418892135753	-.8352872034990493
1.2700000701658165	6.323399692074625	1.9725038203127487	.6548673365958857	-2.1110807309146624
.9966261233366045	4.913975656604187	1.6480370671386946	.21526604657718962	-2.065176378595753
1.199278000652307	5.557894844771858	.8912784177978266	.7466436599135875	-1.405272121880028
.6952339253026544	4.800253746228865	.19753256509839676	.4712613123719064	-1.645978575858578
1.099080469145501	4.860095331397032	.6163183354051188	.9808371653139055	-2.9624095617752664
.7976114871622625	5.130568150592997	1.188037012701654	1.3176066550793741	-2.107049109223973
.22019727142044884	5.690640640931796	2.14958867040526	1.3270935680114053	-4.279116131142249
.3259072230146543	4.99342633353207	2.9659137097129853	2.3963381423735686	-4.472748161354509
1.4953807670421682	4.783213867767506	2.0353640737874867	.6989801736201035	-2.2932371904433917
.9210780522171876	5.74093061239516	1.9324652025463276	1.1529842643965063	-2.2988689983007204
.5110884006708358	6.016665187722717	2.7130726525748896	1.8911450129640768	-2.05861437124151
.34167116445308365	5.5174298475757535	1.5817446912907094	3.139805202860895	-1.0257925220964772
.3940768673507291	4.980706532936545	1.4265550588634026	1.8549635775781865	-1.5478621659448912
.3489175128383901	5.278101532051537	1.34219811500256	3.684965163375171	-2.257628880074294
-.8103369701498846	5.28697854085085	1.0740457925847022	4.020651242059694	-1.3296193368866294
-.18977092576562848	5.029267801552437	.6402716274894581	3.4470430178585305	-1.302551469431392
-.7948104345660363	5.688673541906841	.9699212285003136	4.165866387760681	-1.67906604317779
-.19572321670001588	5.759474666917736	1.341002644796406	4.554293200937921	-1.8312403349126662
-1.3106867417676635	5.72113327876264	.10225182780527059	5.001391761163185	-.9634001319880059
-.9556686472015152	6.764003535052089	.3454011117989681	5.145774612042942	-.3780045872806361
-1.0881904081566915	5.949007612313413	-.7704079222141196	3.2960604326150342	.5095515950045235
-1.1834109722913033	5.631941681868966	-.3518402242646462	4.216424935711893	.09527489748492213
-2.1480883040988665	6.497417197126398	-.06404912284480076	5.6453609783420475	-.2237470841722527
-2.5451391819494082	7.260509630586551	.09090631735555099	7.257599458758384	-1.807940023900114
-2.938647399826576	6.1251954253331675	-.011555497180367996	7.245339128388304	-.9980781457735428
-1.1974547632234906	5.09293270331232	-.03973891850767039	5.954597880544494	-1.0287178291231882
-1.8736754677072143	5.035539966023296	-.08377809066437035	5.728091436381124	-.6633374860231429
-1.1623368221165193	4.966640085774953	-.2813564391598128	5.25482896025616	1.3300423690309848
-.8070747494270754	5.752974373204634	-.5332081309799519	4.067676185405225	1.425341388436382
-.7949586969946985	5.293289572052826	-.24091086148872062	4.109569458720164	1.4726141059562874
-.1376158854525723	6.441153559854333	-.10908504561403569	4.108799485402918	.7875500187992766
-.836905393501302	5.8956214738959325	-.3196663723662376	3.4114187834244722	.08561051219135499
-.890823803633686	6.692091039330245	.8809017044342055	1.812008519647969	.004095541188211251
-1.1760389752073301	6.577411071455481	1.295133362849646	3.900568745094912	-2.1112202692151727
.03477381983740746	7.187365396191	1.9007158859032476	1.9565257588256424	-.8061145965398846
.2662524820967184	6.712907564874989	1.0257296941388034	3.794936867269211	-.6959816416476305
1.5789101120605373	7.07705059360175	.5497732985926509	2.4411625669284125	.31450097639057806
.8887928293970013	6.620502890538086	1.5669023577948937	2.313938782164735	.14361423534351914
1.4957819310288505	6.993930869876673	2.593718005628208	1.2887308207272303	-.0028056309499675802
.9548187584826029	6.1712831303142766	1.9017735859737706	2.2543442587795095	-.4009156530722368
.8599611156473466	6.241775021151951	2.4666355106902667	1.170762304080329	.7596841924403815
.4323076994404056	6.339729675533135	2.4804652343909117	1.2981412172336548	-.09581723359391203
-.10103147202860345	6.511904304929225	2.9806300423536545	2.7715629564884887	-.03208236717264118
.603127667692248	6.18853749541928	2.8725589673652174	3.2636073999247315	-.933120804974409
.6592217616414484	5.27906340877716	3.1105586697167547	2.0915798206818565	-1.5345139203839837
.9327708666851432	5.143282596627758	3.455529899608594	1.9173681399566596	-2.109105042066001
1.1909542071149744	4.9974955663249	3.5401188355084425	.7635460314503728	-2.4701412678234096
.8402559088168418	5.424403763971073	3.170584463760596	1.8256384197773836	-3.5143147382340163
.6114560602580392	4.373609158414768	3.1906607960068736	1.797537170552636	-5.406953030427449
.8292617609025477	4.294460499262697	2.623036352055084	1.5699384290612755	-3.7456832632528947
.250627243222433	4.898294050660242	3.7021172272913834	2.059248030025375	-4.077840810226459
2.0062433364807974	4.68447268461705	3.0392136500581866	.7848003535189371	-4.770149431420511
2.1443940605865093	4.583714378937754	3.2787721720876397	-.6176837737409091	-4.072617388911006
2.231652519212624	4.2887660601981255	2.8990706865000813	-.8373829156700789	-4.388973520306918
2.2068493110440004	4.30539561754546	2.610111805084817	-.30808796194891747	-4.510945080588816
2.7702227948485656	4.348608412798164	2.8326508204623444	-.8672490541915704	-4.686491384822498
2.184513806537988	3.6323014205762862	2.6244349560195643	-1.3000335068320301	-5.134405182916817
2.525714144130288	3.4366466247683873	2.929233564405213	-1.7817933164389212	-4.684054993028203
2.6142835029200238	4.45535187441117	2.789869148384465	-2.294224139632331	-4.654182601082887
2.342001880241522	4.9412169896075895	2.6759979022071403	-2.677505047331259	-3.51120959406295
2.530982803578957	3.642927682668231	1.4222087852231478	-1.7303300198744826	-4.077906945275764
1.7321946274045728	4.345194757647068	1.5427142808674377	-1.5987976104235904	-3.3499686148538768
2.3453609957544326	4.001381000385989	1.4496172529711082	-1.6825650727273962	-4.063285408641626
2.207605829979299	3.558174496111046	.8137948332355256	-1.645511507921314	-4.038686042109023
3.1470034503916176	3.7880749675694636	.8913180513954022	-2.029698914443765	-3.0238313901482607
3.041894543222556	3.7926123135085366	.374207278625782	-1.9681667560096436	-2.730890438790832
2.5311419271662348	3.771921743414792	.2458692322289793	-1.1363418761400426	-2.977119827630505
2.0260275012702538	4.112515433307	.25956169068625234	-.6888258565521373	-2.742200735966867
.0942519318622349	4.384734575993046	.3482318519267857	.19591707172772266	-2.6645301344708403
1.263369600221425	3.7551448190395065	.22774913089212073	.9709748287414366	-1.8360272242259081
2.1978366455277274	3.8212097725475767	-.31691623523958873	.9092349152810293	-1.3687401969582051
1.4090705624966375	5.122435760044452	1.1661736244356893	.6026685851175713	-3.135183519551196
.5442049493667476	4.65531467181877	1.7549300849182499	.9979433820881902	-4.4100927919985065
-.2956877780018935	4.90518473220424	1.9776840367240158	3.0720715091646595	-3.557789617859808
-.593129116961314	6.580882764264145	1.5184341684981382	4.077256957252285	-3.7390454758157246
.004582120599657374	5.569458956363106	3.2461043336580713	1.3399570050466758	-2.337570782449025
.2770225562118815	6.608913512632662	2.095051194351749	.5945283413219906	-1.8520561585266773
.2793966648441164	6.396446036750822	3.3361365984886864	2.0057321994319786	-3.957128208955547
-.3616168429072117	5.916704677389645	2.2732119036222738	1.966468036340504	-3.7866231222969353
-.024401390365677525	5.268147663859733	2.107111825403476	1.1554895333620046	-4.936462876267594
.6197656860457631	4.680978538541019	2.615585155417423	1.0830432671828012	-5.128874172361588
.9229318338180225	4.870835411322018	2.598384523237931	.9625194702076503	-5.977029887018633
.8599655861966056	2.782938868388575	2.0236126039680853	1.107623699837406	-7.405656741892711
.49299764315553807	3.67907734723528	2.8401806416673074	.8092800965673707	-6.709254180827045
.5673057833144587	4.434694915852441	2.769099297880411	1.4595916003083371	-5.557480587317916
.7347102721372542	3.9982907292035184	2.598346146664775	.6946911776946247	-6.012729434747365
1.8430627747625905	4.277205343014559	.693661849359248	.3989014907116169	-3.061646282956811
2.4092286840633528	4.023401123803578	.6602140528078693	-.8302324304635744	-2.752159701278814
2.419257608353504	4.600648499441754	.664193770593986	-1.8028658828266104	-1.6453463892625941
2.5143064289463077	5.7070735996536435	1.0790851455578943	-1.7148134372619641	-1.1919994798574565
3.297866643805677	4.427811387533748	.9382397178547868	-4.002765267693874	-4.030428603720008
3.559954276291617	3.9552678950599574	.2205718193873888	-3.127778427319591	-1.1503192520548462
2.6289298606411027	3.219971568847871	.1953968161048211	-2.3735194146019394	-2.2330975957897317
2.4020335224434906	3.59638991137847	-.7398539398278302	-.7778001144450881	-1.02239686440526
3.033528395176554	3.3503041206352058	-1.303000988577596	-1.7396148643137002	-2.119979956318437
2.735485920838752	3.0154218939690063	-1.6028320659266269	-2.588679259978069	-2.0679788728960626
2.464340544812562	2.625256049271082	-1.9491797129294386	-1.124518386909774	-2.880861458180737
2.6201172473269945	2.077560913831566	-1.7897562277032737	-.21751085646069473	-3.369776111256802
2.9887556933429393	2.1324812307982817	-1.6854129645383875	-.820006951694868	-3.541739944517573
2.9349118342146854	2.241706283380518	-1.1965965245179864	-1.0889813028697477	-3.1627760165487846
2.2561720173920876	2.548793376202174	-1.1913498498457664	-.9628388383253016	-1.9580246884719397
1.2381938166660114	2.6482009034702685	-2.488854746834938	-.7571514661762777	.44028459787063134
1.6150920455124462	3.22332299585127	-2.1020032820141954	-.6594822219998459	.03129270834769828
2.887506517952886	4.131626394622997	-1.783718171577106	-.9857144346833387	.07356166190847557
1.7769613938111888	3.7314414994719938	-1.920809550206144	-.1486922807550185	-.7485458513596642
1.9164602226549836	4.103237452479884	-2.3169378976902975	.10511710141462499	.38455176462832685
.6407375334234076	3.616614221157792	-2.5843736814426626	2.1365183234619636	-.35777402175184253
1.3663963086832764	3.7529900192407446	-2.6279197519262527	.8847066281425561	-.9196565952369125
1.1795690899994309	1.7807457105375768	-3.2869640515990763	1.2740582062280352	-1.9145992621420205
1.403152572341991	1.5155483711190418	-3.866830360687652	1.3051945462464978	-1.8936512303225055
.9076898920717331	1.732279803954118	-4.386489453080707	1.7910047278490862	-.5098233498934126
.6394979911084919	2.5158259401314096	-4.382001939219186	2.3842640338336194	-.6710519632573047
1.671644654825167	2.579001937739312	-2.9344000714510794	.009304073050795947	-1.1660655592371385
1.9260716659410346	2.5497877682440717	-2.66594001780709	1.5610343501241637	-.8710151481367883
1.30137253611094	1.8177283330648346	-3.2052543814218204	2.037280082454211	-1.3334325980997739
1.1573123408059072	2.201322938366593	-3.422449226476543	1.6113727988632633	-.07693019795973387
1.6622846866532588	2.1181348958946202	-4.659488535328082	1.7914488285339687	-1.259642099089092
1.6409470441444394	1.548856955841893	-3.7327285464806823	2.470576349635132	-.5303050123299801
1.838345403911179	1.6177437277883024	-3.621255006768693	.4053522968457309	-1.200349418272656
2.067113168570585	.8046259000993216	-4.501059386812427	-.15239123193130877	-.8248020075850429
2.9639626379615622	1.9375321389684819	-4.5264627124959125	-.9674192715414848	1.0276252068779046
3.2555090614233952	2.9706790140267234	-4.3221694650735	-1.2612780119197382	.34468233409651416
2.6949317591657724	2.364127089154115	-4.529732501015463	-.8708154752063046	.38569206351433627
2.3024665236139157	2.678334627982719	-2.802688209339702	-.6036669800962295	-1.2163143991699041
2.652175829758298	2.2774203991829745	-4.525630176931092	-1.7228548051227253	.6135266948125461
3.225416674386131	1.813019140489242	-3.6231199137459273	-2.5589031527576824	-.6532545617071793
2.842289524475329	2.2652898868947444	-3.1774809278155076	-2.480294510543345	.8061474950690027
2.281402334389668	2.6809057837660197	-3.487499804759085	-.6968242839451899	.05064815320711247
1.710024244861515	2.4140293052108612	-3.9173835195611115	-.11560504056815932	.3997316240416741
1.3365687304997622	2.8459328777086403	-3.3721507699117637	1.1291610810678656	1.6498280445088178
2.218730835096134	4.554971897140828	-2.5125121332033205	.24074137225517567	2.1591566558699022
1.4217299052379375	3.82031432704315	-3.6464855569731833	.5308117133680383	1.7126541146425176
