x1	x2	x3	x4	x5
.8428988073853494	-.6258391388346616	0	-.28225589568963505	0
1.3445382380713364	-.9030985921610112	.47050405517129684	.9336170669477686	-.15818391491822242
1.2470874070235365	.8225253146695716	.23522863119357063	.040914903409142916	-1.5030397375487434
1.1451375308267095	2.523112834131935	0	3.684186229627601	-.11511546430019137
1.255813942421384	2.4634078531231327	.2966139978580614	2.8638522634609176	0
1.9457681074188569	1.8417869551145498	0	.41043631824129384	-.25385558895003635
1.0582721517971545	2.3157713037712835	-.4705520248051508	.48888676534640296	-1.7370795258863618
.8319840087897683	2.0950337188883825	-.6330817862076269	.3193878743091316	-2.433044391801266
-.2554192689290967	2.0984407405411902	0	.5599971456572057	-2.463898084069122
0	2.3288270122124324	-.822367779290221	3.4782342342755204	-1.3252466108902983
2.6343141329537834	2.7416161559494103	-1.4819594654783885	1.0185483197702772	.2778134204624676
1.2849921787094054	2.8664775076501794	-1.2916008790028772	1.4206787648654675	1.2019035399327782
2.8454394275647585	.8714862114619834	-.8594457506854867	.7666685859829918	-.36399926354629
1.5137519186074297	1.638052651122515	0	1.1326170865083398	-1.7075091027040743
1.1239237832010103	1.818729587533068	-.42883607834952436	2.442699702817188	-1.390430990656761
1.5373573056434933	1.4882216069115795	-1.022251805539991	1.480350124072847	-1.946311816778602
2.6439765121224386	1.824583599668904	-.7015886110021525	0	-1.6359421523849553
3.3088056958880445	2.528113843654503	.24132670308648094	.7652758982370458	-1.352616926008832
2.2474939128882534	2.1287831218246622	.2503253355364985	-.15220970887684515	-.8866547307320705
2.9711756504986324	2.4881372858872046	.18617513765938987	-.2966512132340867	-.5443416394232061
2.6970352587309883	1.9047507000643034	.39699117371092024	0	-3.3252585428128763
1.5118552732252475	2.734225517413987	1.887574322770823	.7400221084569226	-4.378171542637117
2.3057103493182005	1.867166564680119	2.1351004753340317	.5228014272287628	-4.132044161866598
2.3427296760094443	1.4649291381229717	0	.17577200896094958	-3.7119980639349017
1.7011175025145975	2.565821344441973	0	-.981074206455296	-1.8782898817427847
3.5157580541683617	2.491223274027818	.6476299382975312	-1.4316017969751234	-2.1949347649458097
3.3028155364874627	2.486158872821212	0	-1.5147166501392797	-.6103380520058513
2.0871271939173526	3.281148029750183	0	.13031969755816017	-.9042052058323837
1.8485859268279359	3.933294802526669	-.5824882046621397	-.240551127081299	.6644721890293626
1.7217954687779093	3.7830147766516524	-.9093460187610085	.23917045869001474	-1.048319249474202
1.295428376426735	3.1076185728384194	0	.016069981668556707	-3.923848182917854
3.2341103103639846	2.396709670807409	.6506735759497343	-.05376961729165308	-3.9296814298928124
2.260995352979138	3.247021686074284	0	0	-3.489317610891043
1.269854461487544	2.499919462002135	.46832504982050216	0	-1.7173605056760328
1.2631834500725028	2.4723676960382313	1.3479654674582904	.14363072059433118	-2.8170193054165114
2.598394141638366	3.013568367462559	.7622854018343468	.8256815746799926	-.9301086835343946
2.578064683907309	3.1398256682960195	1.24891003780544	-.24371150841424766	-2.734615676975922
3.157648939383323	3.8831161868262387	.9387055472745174	-.24113340999086208	.7206816933869273
1.173233655621814	3.966710087918216	.3808836221474144	.843775011046618	1.6316919121213496
1.3739864986158419	3.0703993132257934	.2286474548493087	2.4940229530635074	0
.6905078196690299	3.1691927032514244	-.7075482341895509	2.0932194464751523	.5290504848347551
1.038909302274177	3.6175082903868794	-1.9311701869129394	2.8082371280152847	-.7762541461980579
.9252486526960162	1.7474635272445331	-3.4486260032584615	1.1920587261188755	.11998732267723758
.6584883047826647	3.242375912800166	-1.155403945235017	-.688278104185134	-.2884769357086363
4.064720559631633	3.4553025553490557	-2.45375173234715	-2.972651686821439	1.2984860034971795
2.8046478347253867	3.2488023459620963	-2.4087160192763357	0	0
2.5488518663011397	3.186550306646907	-2.129120271254464	-2.6954954553115895	0
3.0904127504477685	2.488973753796364	-2.2339200579736316	-1.4388230812657343	-1.4288937864765752
3.294500243161455	1.9120749215786124	-2.8010708641899607	-3.4832819413907647	-1.6469411441206798
1.4805292779821755	1.6921457576754415	-3.2159609158865834	.7432131545447209	-1.8954499229782946
1.9827353631859488	1.7863312036168726	-2.200893429154525	.520452803651794	-1.719439038868025
.8765132847817879	3.7034169259336016	-1.239273205888377	.5898930200058743	.08793762775405778
1.1935494048019548	5.140270683186524	-.32804845526443827	.9737769361195329	-.045207778157595524
1.5461893931043007	4.9657907947135085	-1.9236274337768802	-.2389604177392446	1.1583612348960375
1.8598303119520234	5.7450968087696825	-2.2830226090714123	-.4469904412982583	1.9060883341650066
1.7453155744087767	4.878985903321541	-2.1794810374955107	.021006227565478403	2.0786856570219814
1.4582426849634038	4.443923038422717	-3.4861584189836203	-.07423628426669249	2.4695018615902846
.8973200885685406	4.777192302521455	-4.2179373671508245	.8842763756960339	1.1437856545137026
1.815399616229013	3.8177023496093696	-4.926053753691915	0	.31202962646158305
1.1571095287785733	4.080468253272364	-4.217899653086451	0	.21826160175944093
1.468665657764669	4.207783491285919	-3.994824938068894	0	-.8592563776309794
2.4737890793854094	1.5015873023371074	-3.3880656697507003	-.4269897792447111	-2.143310981942937
2.587514172585401	1.6022892012592578	-3.509085516719303	-2.0773818479892308	-.20788361078585332
0	3.8790735800330864	-3.7979287939655166	.8487059884601533	0
1.5254808104358901	2.695505090679625	-4.675327377199994	1.1755607217412025	0
0	2.849775561637123	-4.4660100007004555	2.9431520847068358	.0954206071571484
.7452490557294931	2.2430620491215514	-4.631895464788794	.7443713675734246	-.10564317735356604
0	3.0219976393767247	-3.0988469097768703	.5177927191389149	-2.4803434906430786
0	.7213751452497852	-4.783029859354744	1.0472911266933989	-1.690101203850567
1.744521619752549	0	-4.705320727328052	0	-3.7573311240618286
0	0	-3.88717745566496	.6123215850754082	-4.9495288755541855
.29156751016747146	.11905778487422446	-3.331570766293843	3.6287310817061744	-6.080701426545836
.0650476878697882	.7118583017231211	-4.550113280317835	.9546198401466228	-6.535437671687327
.7813656913742115	0	-5.028606133505707	.9040101218498333	-7.2699015818627855
0	0	-4.200804501183162	2.116007162257017	-6.009715110991717
1.3846312642198473	.6905771226984312	-3.402975916366343	-1.5031274267379229	-6.313370944958993
2.25549676838565	0	-3.5693771179774414	-.4717853358480597	-5.654304286358809
0	0	-5.298959922142913	1.8893963715159712	-4.323163487817333
1.7491600322964258	-.17869920056132105	-3.223748019684278	-.37865848108859373	-3.4119810370816115
1.9493755261878554	.3004707830823351	-5.8731294415573245	-1.0659749283688855	-3.0962209555876594
0	-.22509570006763252	-5.9357309207286715	1.0622583651887183	-5.590308291138165
.21196728763166453	0	-4.604597276534836	.665784656700906	-6.028193170997949
1.5404181803015269	0	-4.26550315878883	3.992191133348541	-4.894984831959774
1.3237754030693574	0	-4.33886588350306	0	-5.815615899387451
1.865370346878671	0	-4.183402369764984	0	-7.62692562975596
2.658081147623474	.17637588515763764	-2.000677245855364	-.5408696088593967	-5.956363363560465
1.9662073638146536	1.0710135142873551	-1.9955038639678793	0	-7.492403433160787
0	2.1661977255524074	-1.9873089702441635	1.2603867048955706	-5.704281651384922
.7148796701995351	3.357967030370677	-1.7290699636364224	.5374041531796334	-5.068682641998816
.5835210427855114	3.7215529235288596	-.9604117772246399	-.46790493595115323	-2.4981944885790415
1.0323413548067373	4.546345587623404	.3522328793738425	-.06994911480737892	-2.8570208048587875
1.8071344763370363	4.009106555999254	0	0	-4.969752482451633
.5295532072802978	3.6181652251226604	-.5263374149384679	0	-6.171437196043347
1.9731519247984568	2.8426544989863025	-1.8077831678921528	0	-3.3055382948079544
.27647950029022345	2.721060797782743	-1.340537094766289	0	-3.7699431015855827
0	3.1857704182006996	-1.1656743510227332	1.8256272687626238	-4.418979034688203
.10898097743041185	2.3664278963661087	-1.7015252885973178	2.110490924505265	-4.203962741519913
.6293675135329074	2.2775707795255884	-.6776824590715458	1.864118057173125	-4.446907157877432
1.5587399818374728	3.994502954364194	-1.0571377573348084	1.4749057457340224	0
.3206129672765844	4.896859103296907	-.2512241047305193	3.406832760360825	0
0	5.61647470555803	0	3.8688273222964136	0
0	5.358567536655473	0	3.9906136383511353	0
0	5.179172578352162	0	3.6560305676233877	0
0	4.706777239254832	0	.9156805529178559	0
1.207257370704351	3.5153173523815298	.37702356181684893	2.414412685826406	-1.153137078318569
0	2.680360896223397	0	2.201530972046717	-1.8458115710444076
.4853695024811969	3.4555033890541704	-.04748148835521124	.41554044966786835	-.3238038895675351
.6597618961083225	3.8213247431860196	-.9089392999740757	1.3758788990755315	2.4375038781731235
1.0034993086473936	4.3429207143300275	-1.5442795448709283	1.8347792452702776	.7647423230288859
1.2192921608379876	4.399984222633276	-3.2572401961834547	2.0647964144774225	1.206319940609871
2.534972489136537	4.367880234494188	-4.176427872007918	1.1994354312459479	2.966999901114834
0	6.148554400751979	-4.305747417598145	-.058041721073708974	4.315624806371426
.07908264960521628	4.861234699588752	-4.848000981065341	1.127604362961626	3.017591754804283
0	5.678086243523392	-4.158751514902785	1.2801879603671866	3.67990092006047
1.1700019561427655	5.932048998331102	-3.1744767570970294	-.2656135870100316	2.522215148393994
1.3138341037486885	5.63778089456463	-2.9798018331015728	.41395315506323915	1.6296092996726719
2.5969372161327176	5.595137878622954	-1.9618524436846938	-2.138949247783964	.9926934772065676
2.34342990346122	5.8626128341934685	-2.181882843927609	-1.9005739418113348	-.17050248551565805
2.144925497380043	5.251845547333286	0	-1.4596291314927468	-1.422458509595903
2.801122665001347	4.29285819550831	0	-1.8869681940091008	-.4688047626714792
2.241730675442863	5.047942774400576	0	-.6890900696368196	-.32955831331522334
.3351541861686264	5.048269046424408	-1.2477464111755665	.6080102266423939	0
1.003397136539364	3.357110865663793	-2.5741839173469314	1.522867053983938	-1.1024319849250908
1.4697002380641107	3.2253444279415167	-2.912090498255342	1.0863329342368129	-.8207673237937466
1.6415813583012793	2.8347264811949104	-2.2757124243789955	0	-1.5952771992595298
2.193400767766448	4.218142983144009	-2.1549648556822936	.757699644755222	-.21468124304732517
.34021522504366386	3.1941461541236884	-1.4209169781650124	0	-.5878775957161554
1.6254516642081234	3.1102477277557403	-1.987463714795169	.7311529211456784	-1.7951785616721971
.9660528189371376	3.9508606066653837	-2.8252016025373687	0	0
.2720127819145698	2.2857455888761224	-2.0367033299356567	-1.072706871072977	-.020643831107679533
.9530667792211595	1.6316253388703659	-1.2209658512842916	-.6683890106242354	-.44817872932007374
.7258102294909752	4.144247266549261	-.4220961395499676	.2377549232179751	0
1.4993049112181134	4.3782264516060145	-.8765283057555284	-.6997400173070103	.08165283182082234
1.7278521330930408	3.4453465763016933	-.5852465091119252	0	-1.8053920012805604
1.416165977884731	4.531708912341601	-1.229466184322586	-.032040041507935005	1.4600204684414555
.24617697064129224	3.802998973764331	0	.4494916536496951	-.03279355317339416
1.5113857802604356	2.9039609370081276	0	0	-.815829069397743
.480164659850607	2.2894125512586614	-.44525385657441713	1.2717765918929411	-2.3124016800219
1.1115737487767132	3.0599410831549343	-.4797392632686043	2.2383427695738067	-2.2387449204078242
.6052153470750598	2.922918622026895	-.5397436879972928	3.0070755269741647	0
0	3.1472343798326032	-.9388971478766139	2.9762540207375814	-1.7025623780344714
.24090106603624417	4.059726164307634	0	.6562914351952253	-.06096604782159698
.7922931633449634	3.420080573332186	-1.406323660471049	1.9506204798855902	.6312659120970538
2.7842237225697946	2.820714866581773	-2.3212818502927295	0	.7021205847976099
2.8285469440922713	2.121048332736273	-1.402110838748039	.47964505509691385	-.14804474940900497
1.8138742564606234	3.2333552154442198	0	1.0354233024408384	.5126524788883461
2.3167253194449415	2.099062208551362	-.3995058724137819	1.184601914348892	-2.6261888270777725
1.8231967092534767	1.9760764061728053	-.20432731068386262	2.341213139264725	-1.6431517474543336
1.3173751213012777	2.618425036267801	-.48327877680808257	1.425133099174693	-.5738597699494472
1.5959858396648463	2.6782522354032103	.7168187113113844	.16518749530000354	-1.9579155327601767
1.7913582544822373	3.005419683940834	0	2.5303678888818886	0
2.2054996512558205	2.8250685241748075	.5743167313886945	1.425302181119976	-.9842461626370425
1.358285551638802	2.6197156899715695	0	1.4947038624361966	.40246950616007793
1.4579251924084065	2.99421429647756	.5559906947400919	1.504201438341123	.5311843379286052
1.9379181145638227	2.3347844880286206	-1.2794751048780344	2.199804031726133	-.7686339013660368
.5637190813262629	3.927467939886855	-.0558661953250546	.700222723369538	.17927421711694697
0	3.618484254865977	2.202327592448708	1.8662424585446495	-.5850375289979356
.7554613915599053	3.7406219216623784	1.9000168209068657	2.321862871179846	0
2.592731470370646	2.373282395227167	1.1195008016888033	1.2788217914623337	.15628916833102968
2.647304307501382	2.1097461864807663	1.4153352796652563	1.387526172829236	-1.7320035104681704
2.4324354774851873	2.514825315302211	0	1.2000678039277464	0
2.4985949902675824	1.6032281744821513	-.66457758947379	1.3629416951972593	.24820832243367386
3.2421899652036945	2.2554668510394196	0	.2983720870973741	-.6803196340318909
1.2618792113285497	3.016470375720393	0	2.0701924792799264	0
1.673693672665112	2.4044050838085806	1.290268357176596	.6414803604367041	0
1.1878914047977966	2.637360932498787	0	0	2.0664890536185716
1.2844382210873722	1.8058123634263	0	.3664894440788945	2.2629913417045384
1.0246341952281732	3.258983899834249	-1.041534484784709	1.3244230619316881	0
.9403006147423919	3.217772016689239	.8649919749712449	1.3924227049864653	.6300047519688752
1.124658274250238	4.547763595440322	-1.0169597828078414	.28621513620765016	.7938084570820182
1.8445686345462622	4.134623840419667	.040915714946145765	.4091102413880558	0
1.2004252658262844	3.6938827298888026	-.10519463281968139	1.4167789599281329	-2.7713189469457244
1.574281655613125	4.023160113347363	2.00438989018635	2.4118704795761525	-2.42138353285251
2.881529793355924	4.659017512308632	1.4027563396301397	1.1479059933302007	0
1.46756537302598	5.209568578425357	.8726980056401018	.3087340447692013	0
1.5143600617428339	4.9352420925516896	.1201600013768476	0	.3704014125312271
2.020022382273437	4.313092589533635	-.9081222438133283	-1.4747285007583208	-1.0781284495152055
1.2123818713837553	4.1668899175191365	-1.6298558782368817	0	0
2.8875104778120253	3.250930996534639	-1.718500796617386	3.6319234229040074	-.27308994840373124
.8640529190259196	2.3247594504079814	-3.0867210950518635	2.024196501957435	-1.0438801475692663
1.2069177759124654	2.4587439148351278	-2.050180314045295	1.5018479520267733	-1.36347558498572
1.263177300106843	2.0780096035149316	0	0	-2.5973516961436873
1.1431563642895592	3.0237344930545773	-.5347559449806564	1.5773257639675722	-1.6453195162962295
1.7946887613849896	3.085667501099998	-.8504066913816734	.025514734039094454	-.5945977568671937
.706724309790127	3.0503368364172005	.5911734812089486	-.0013363668829231568	.8670073744775381
1.671240749398258	4.479351279787174	-.6028332072576297	2.165281263225682	1.6037394172096544
.704101049875939	4.0591571237854325	-.2726665166817605	1.973622645213083	-1.1320151899029316
.2502460809222958	2.994688508840821	-1.1911052850471229	3.4241714963331447	-2.423987885063491
.7557430024111851	1.5413462885199383	-1.3245516732652995	2.997032495170306	-4.107972506528942
1.352696047155827	2.983765794027548	-.6540226609351063	2.0204475816733014	-3.2456514245617183
2.3175979910454627	3.6311181600651574	-1.4586337519688275	3.4837803762180415	-3.2260637050837735
1.857589967394095	1.8018804856672836	-1.3870158656551446	.7836210039561211	-2.3063640742651597
1.148195464886205	1.7861173623458821	-1.5527886045956332	.9507869988831473	-1.15180389936598
1.4320094443093023	3.632766451421074	-.6568279122601743	1.9444438992104836	0
.8603196783507228	3.440864866784196	-.5658084014542042	1.9844707420108871	-2.923970404187929
.9297287637883058	3.5268779946339874	-.7621761514614648	.9401980193531406	-2.1490350775300087
2.3038731421767977	4.627209456099841	0	1.0160156760322683	0
2.32471814377004	3.612509963786142	0	-.6427018695421858	-2.132896606087019
2.4618398050918513	3.9802271164379097	.5942948865495732	0	-1.9446677326231128
1.9184106885540615	4.047699951661215	-.8908250964844113	-.9678751768660165	-.30114255296425085
1.245198872250949	3.472940033041208	-1.5275664792428116	.664348139303769	-.6620932346289774
1.3454674571605245	3.721663754911849	-2.105884408692674	.2377166245718898	0
2.022465309071451	4.583538629845869	-2.8520816585267954	.6110815806724045	2.1774858472645944
.9447905543939408	3.853252191307075	-6.206027280387538	0	4.174055055045983
1.7545114854123876	4.582711679028442	-6.339360987707408	0	3.7939162669320785
2.0409860531142887	4.434516893239309	-5.921626705381511	0	3.909997811533509
2.9012502179734163	5.005665450384301	-5.893453500582263	-2.3821952387595213	3.743392267973374
2.0310896813945356	6.1472117715525645	-6.175665109962227	-1.8904576370704405	5.706647192086372
2.1418397110435126	3.451403366045259	-5.821943150712934	0	2.292884702348783
2.003558743128835	3.4453588739664815	-5.99912564998251	.39678906396080643	4.059744516495786
1.5532321693889308	3.310737484683628	-4.343523135842125	.7412819891719353	1.3850099363206767
.7304103383498084	2.9098110076016237	-4.083435236182229	2.9719838549487934	1.1161196854926045
1.960982239415298	2.6247735269182573	-3.1951154935093946	.2630966054662127	-1.4325910601375598
2.655559253550039	2.5808714586124766	-2.5656584962329685	-2.1330319783317524	-.8098575950627747
3.382234549978377	2.3238410208074978	-3.514202139666173	-1.5217591419931327	-.6391992969717507
2.3572620052104263	2.2136701496599267	-2.2969340877582436	-.7343875531371917	0
2.7725330244416595	3.0172300834743333	-2.6229843545497586	-1.6460243864019712	-.18260078889779516
2.084502202042146	1.889851868144084	-2.7171437879649556	-1.2030250790281354	-3.1164120248348786
2.9633678919720627	1.2838475062957595	-2.6966949853462507	-1.0307348940623777	-3.5487794388831446
3.1248901083574356	0	-4.110023119262095	-1.3104705580971467	-4.980432509210819
3.5733171587081385	0	-2.4780045368244945	-2.0724805879142494	-4.364383892020474
1.7743061515175451	.6983299372114777	-3.3066538273915937	-.8312943703821598	-4.02238048483013
.09052118977281404	0	-2.752458684603917	-1.138989297363454	-4.428805897693368
0	-1.041145915042313	-3.276537269426386	.7719122731445913	-4.221859792892512
1.2331644968210218	.3140547464179133	-3.9651696769246696	0	-3.6182364052097933
1.136802028589808	.9260535743189157	-4.206347301155278	.6964377047999382	-4.6600930705667105
1.4301632751961453	.9164310779283504	-3.3138188432868176	-.12727302998547463	-5.6171962411041685
0	-.05063189953026129	-3.2542350392831096	.04663242638826981	-7.210242028875985
2.783894842343492	0	-5.477436168091222	-.03875390371309684	-7.394298679013582
.8449821270865168	0	-5.627144336359819	0	-6.851993578936052
2.8730939667058686	-.5392977650584576	-6.928788349013627	0	-4.041985080760373
2.146360444123534	-.023122217467973896	-6.1666167879359275	-.5302831716289439	-5.120328770657651
1.6198279551375747	-.058072518285056995	-4.6217647839843155	-.28817869328671575	-4.205084668016266
3.055511203440292	1.4666625453688888	-.8715077642499218	-1.7426180180267927	-3.6342642941060435
2.638765374491054	1.912112785939347	-1.3291380051853685	0	-3.0372674356373555
1.905826762440722	1.9456536303939884	-2.5915662519927847	0	-1.9586380768978366
2.0695503254049097	1.598296745384826	-3.5568494230428334	1.1319555119510816	-1.1163217423763856
1.6064903539545274	.2825367713002739	-4.411034159665365	1.569840632110716	-1.6905788903526804
1.7367470985684674	1.5862467406659542	-4.717092452098091	-.03960489255012373	-1.7905547430162474
2.5801274353461747	2.3866302013207563	-5.211364991407769	.33852559811934413	.17905258538637622
2.5346122509721827	.6533270734471878	-5.6567531803577715	-1.0877517521259559	0
1.6927860843424631	0	-4.642531590000843	0	0
3.428960999572961	0	-5.782746760961003	-.6923126346371271	-2.407313758744518
3.2208499161818853	0	-5.254600173610937	-1.9373515077945378	-1.940145076091262
5.401017434419031	0	-2.848748225446985	-1.4125894880858278	-3.277013176871227
4.085061791779107	-.11327149544942645	-3.5700962402289234	-2.4825330399850736	-1.961918135890378
3.0148122387171683	-.18071920467735186	-1.5443964198224882	.3251550815368047	-1.428101256895276
4.396768685569604	.6346462143572887	.036156078529840485	-.2978994114746664	-4.1776237630691755
2.9656547498243246	.4484795900680345	-.5009523710342219	.8762596345485159	-1.348616482340672
1.5920724877565382	0	-1.3122296905439335	2.8621831499286507	.24351085073341044
1.7397652270050195	1.4433501266663924	0	2.691798688612614	.7628559391494302
2.023902505790108	1.5972059655467528	1.3393394607663844	1.1405451839796334	0
1.422944567361783	.7420102448750403	-.6808738233168333	1.5427202912652265	-1.745450354337434
2.8595339613430673	0	0	2.3450639218995906	-3.1930413836835294
1.2612777490947404	1.4322726432978055	1.2229611214751968	.7946244013496919	-1.7894714777774425
1.791943003622957	.9311942348914994	1.1695191718888556	.4883079892235726	-2.0903955766691564
2.512544983576504	.24901764159786458	0	.4750939666234961	-.7607644546120409
1.9847646638065481	1.0437409896181502	0	1.2100764672942186	-1.2086401254715708
1.910718436641471	1.7405275114419938	.698276877633258	2.2241145577384116	.44058261797025977
2.372185120617873	2.947511923714789	.8175353498240182	1.1448918024419534	0
2.0895289465250393	2.9840357151434658	.20744481140305732	1.3413460074846548	.5341626968800776
3.207955883924246	0	1.0929572176608506	-1.4472340653186244	0
1.2223125033420998	2.896444223110705	-.49581694335358334	1.1092661484718862	0
.7453808347918822	2.4413448856446145	-.5915251648525757	.644982951939867	2.093829534226562
1.6257735286121995	2.00376537904847	.3614255015456532	2.6183742460152453	-.4256149848114252
2.9341153329868224	1.883349284082848	0	.7606304694374499	1.14390299087349
2.5115608013731268	1.5959231652275208	.06505430050755716	0	.6812690544424854
1.766278223828012	1.0271888069272133	.14581246584676316	1.862421962080564	0
1.5843385441817683	1.2936307268631424	-.16238197105624658	1.4444013223602603	-.7849375301055748
3.5395997686988276	.45085790987878316	.9196823541338132	1.7604576354620223	-2.3678515118401835
2.029813038725517	-.04857031587102917	.9498036093997666	3.0393074717362785	-2.0575296870338504
1.847206087859873	.38244245530463045	-.5797818371967516	2.83980384712249	-.6657128334203042
2.5663739704553308	0	-.9956525439323867	3.6130517787878795	.3255899104197547
2.7701046983785744	.5449101855667081	-1.4253516073841337	.6083655997932306	.12665186545857154
3.8614825608625156	0	-1.7474757307589288	-.49137606639343495	0
5.134212383713679	0	-2.987883437847694	-.360066495857307	0
4.300475192814864	0	-3.708838579194612	-.9054888070420725	-.46935673204219963
3.1014103240524737	.3817655569055285	-3.486123774829766	-.217473107077001	-.3901374413544727
2.635842079504914	0	-2.531037269713936	-.8591461684721811	-1.4116786471377414
2.0351768862358663	.45754895179958854	-2.266639496803528	.24146307297273778	0
2.881850829100854	0	-3.5076944174491915	2.350093130809131	-.8707010092755727
2.6043203810216	0	-3.16701272770465	2.9777492844062294	-.9688597094919493
3.2176087346371762	.4167541224169134	-3.1893013261422962	.7541272027361619	2.123431443640934
3.7740194922930237	0	-3.240239347777852	0	.49843277224343063
3.3231592087761874	-.051509075110581004	-3.013742848127521	1.2411378812147917	-.20024056844867721
2.540283320715131	1.4417271340372413	-1.5621495715407714	2.633612286405129	-.022471689480849766
2.180516858328712	.8207340752352807	-2.345229938066417	1.9153320120334194	0
2.6667049701924865	-.8078178713849404	-3.0483628056776775	3.325419624630913	0
2.3876939806035584	0	-3.1921494095560887	2.8302919637881923	-.9565596415038078
2.6050565949667464	-1.2515539397788895	-3.054161530475529	3.6306416612769477	-.45080798712959685
2.7359860082515484	-.4857041014500748	-2.226749996564377	1.5528244749712832	-.5524899619708277
3.078197535057881	0	-2.7699546325924675	1.8560050203654952	-.4384443077627285
3.9237932662412613	0	-2.0420006066622007	-.4444702228752503	-.6890249566080442
3.7729357802368666	0	-.37104174842960336	.02646418738182904	0
2.0842446865315405	0	.3521922432514303	2.046323304855547	-.5031627068748288
2.0499341217567224	0	0	0	-2.3069256818253017
2.6907164296987647	1.156477674502518	0	-.7277838283814297	0
3.201167097499128	0	-.3588418670560405	.7505577468514044	0
1.4203838718476578	1.855703361180486	.9845672520215254	.4754396758795295	-.6984301912781251
1.881759928735506	1.5127680642630075	.38500251019404275	2.307192600542838	-1.670182282925829
2.5151514087469926	1.1746559400746757	.11770653677884053	0	-1.8588787445384196
2.2800279389685323	2.3553825759119693	2.0126355102620517	0	-.9066649266605042
3.8379525976185973	1.7820560258968638	1.1926836917094301	-1.7753348534676499	-.4924734715420498
2.703037508898099	3.1239923487805914	1.3890064832179807	.8129912323440986	-.659772679014977
1.5937648320918494	3.57863373042065	.9817730202810668	2.667394656498417	0
2.1987894652422106	2.9712998721754005	0	2.0106989700197637	.9640272012715931
1.9589317786556242	3.067910641501584	-.27568119672739555	3.0710258925232727	-.14775296343112565
1.1993991281528886	3.2070475219762016	-.8913010624056703	1.2437352029038453	.7481457370345121
1.706624698318124	1.6484890807360724	-.9550289158601475	.82505502227963	.9091490620555697
2.2809383602391113	.8252966803852335	-.18987470478022003	1.438515924007089	0
.16403072426925194	1.369966380346113	-1.1662980872434618	1.2124070447060449	-.3213547142820816
1.0934191013197059	2.312272217430744	-.32154658298601374	1.9726669350567243	-.30148259023445
.007425153063977855	1.4902467065722667	-.525949127802991	3.6049262810755724	-.3526348287468407
1.0564592810110058	2.5147252523322297	-1.006101338064239	3.645620148400474	-.4709581146802637
1.9082149598943454	2.7243856955236705	-.7373097694949071	2.5512800810278384	1.6738138960041438
.5186221255220734	2.6960278891283584	-.8393016893060313	1.1168922773006478	0
0	3.206544350049694	-.1585041669588163	.3791851644290609	-.21106483378593427
1.061545015442974	2.9443735317936666	0	2.488665042159674	-1.8212965278211932
.7467119880640332	2.792502127679855	0	.8572899398741334	-.8134627603746885
.9041595034481134	3.6516944776744964	.5996739598859007	.2015811171616174	.44954907004655387
1.1701240804116062	3.7439328009955664	0	1.936050793231333	0
1.1248814144062107	3.6906392351103197	-1.4680278488754828	1.0982547234432778	.04361254862992828
1.02385332768857	3.341137870873366	-1.6174554004391088	2.2391243086369776	-2.194718521319598
.5750105909194644	2.251864058320963	-.7469039654585609	-.19522415208912558	-7.20509232822629
.7510311168799164	1.7734782427502758	-.8630470644999537	2.3022842996301676	-5.005218748504164
1.6086543557866213	2.1464297202558393	-1.4378221730916627	0	-5.997939975909356
1.7957619256941846	2.31614346128216	-.3928941964363961	.17921549328933867	-5.594253471703231
1.5022269386246703	1.9336004886637468	0	1.63127671910398	-4.953756037492501
1.0276277335345845	3.161989035801113	-.5787884267560612	.3274447841687076	0
1.3940969678579742	2.9319113448984497	-1.1448766175084475	3.382326506986502	-2.9172970826433975
1.6523527922043915	2.5521728452951993	-.3561568269105112	2.0823296716219053	-3.841874324722084
1.2630107112071425	2.3696802997228144	1.1848558842830863	1.9184709018347559	-2.119425341190953
2.0572684344735435	4.140876702038166	0	0	-1.3367429677034166
3.1843722690098186	3.299943220645953	0	1.4522187174657417	-1.476551739405693
2.027425479746092	1.693503159969303	-1.0502999290590809	.5577351029281781	.25050246155345135
1.3503107722286425	3.290643350874575	0	1.3078756892193972	-1.3519337671393203
2.4045550707863	3.4025806730666632	-.9829560642837504	0	0
2.4656665927920285	2.9537128986679946	-.34804775745685396	0	1.3609252826311995
1.7325016496338146	3.1114449830974595	-.621193732157188	1.0608270912713638	-.34540357169035546
2.3652142170542163	1.9612536710447999	-.8137771360260534	2.4720915391222267	-1.1425463527319888
1.3309464948741494	2.8125730838852485	-2.43929522547114	2.2122058325343663	-1.8068183523575523
1.8007486445186083	2.025764171949517	-1.4492907087389264	1.3023953922266025	-1.962029796188844
2.336995875104037	1.0704054260917668	-2.140460383078331	.2974448882460553	-1.8624617092258329
2.3296396036115925	.06279171410372553	-3.052872445196403	0	-3.1492056437615945
2.4006087830383542	0	-2.680623097273074	.2868830991781942	-5.35337921174945
2.319697982799904	.1528911166670831	-3.2909464218811837	.8647522892579295	-3.7796898370455914
3.270996021021108	-.5657300078441867	-3.1610287993291544	-.3739609374867417	-2.9843887127862163
1.8974056550497307	0	-4.082439755818882	0	-1.586991910588115
1.9966454209964182	-.10101209614723139	-4.1798525219934834	.6208330596218885	-.7649677375785089
.8626947325277169	0	-2.6279102098683076	2.6550873085699838	-.6352651744296786
.650286071444435	.3810646141904433	-2.4631946428992237	1.3577284026609941	-.12395942489098559
2.164366926648978	.5720571625739499	-.8585486664849001	-.23988898546543358	0
1.1448842792294438	0	-.8403655311865831	.6226135808223918	-.15525469268271191
0	-.9949134135718628	0	.17956495613459822	1.2652204248396703
.03917724172866152	-.35872053770889145	-.7460641598216501	.18878833638607984	.0014391352931579782
0	-.4024307257609439	.40116627300362145	.38379626854284804	1.3989616871981698
1.3789564640213237	-.3111389808409064	.7606069473396986	1.8955263911845956	-.11564193317366156
1.4930396687841905	-1.4372632292223617	-.371938438090717	-.5709098618389967	0
-.04073737911291034	-1.5486064122485432	0	.0817249559396781	-.1373012252561358
.42165299179568105	-1.5245869310627629	0	2.344363438904704	0
.41700689229503746	-1.3792216223037608	.25762294936916763	1.4228549528961216	0
-.5718202983305418	.4359916760110262	1.3787956476682444	.024215279455131578	.500377809203468
0	.5410879377116341	1.633854864013824	0	.19655307598391958
.7281062544667329	.6435014993083739	1.0978337510365177	1.0951043252411945	0
0	.010048880383616052	.7110581892894927	1.7982419311445426	-.028019437592984687
.10196467459375043	.40854902110303865	-.5712750358044814	0	.5528788725889294
.08968921057813195	-.28304043163163606	.3881589152720023	.18962606218586625	0
.07202196708916284	.9385906029865344	0	1.6700369429658297	.7944995179119608
.6847550208355434	1.8446131080571204	-.8145663524802023	.9681691950745996	0
.5344656589198453	2.190407917120977	-.8042190616710435	0	-.12472204476835005
1.4744926582790208	.833706298264374	-1.1015915834556256	-1.2601500521488302	-.8008415086025842
0	.11135289197267653	-.6530983389794852	.8341984603871947	.15360994470497527
-.048400066063951	0	0	0	.43491082687220295
-.5763232244166587	0	-.5056876776417936	0	.6375313179706728
.3728711809940891	0	-.9666393507254478	-.5830988636869584	-.5224996639073175
1.098385880036769	-.4739649691085954	-.4997874771647171	-.2561342563005248	-.7300477652729657
0	-.2722854859182016	0	.7969877883396774	-.08761085024669074
.9231651867734654	-.5606623354024305	0	0	.21387030714600952
.306852689007299	0	1.3352339703261145	0	.3334678500824567
0	0	1.4922475036650844	1.2882557914988537	1.7289570582929634
1.4017271423737583	0	1.1147463979380072	-1.0637132259579254	1.3048778677079935
1.5350108644051177	0	.6070413444197353	.38284947781813133	0
0	1.604283437376357	0	-.7413854296669397	-.2702840238186971
-.5260073783308774	-1.3086045659044616	.3535928451034082	0	0
0	-1.0742514633136575	0	.6391133439553119	-.6862427428659866
1.6828842717235832	.260335328024473	.7464249980914803	-.2213755482233516	0
2.1899903207664093	.48692946290443456	0	.3949817007431966	.16558454576193346
2.6878387320122368	-.5017987981055635	0	0	-1.1203248272306223
.9529912750076611	-.37226773947200015	.17445349343026043	-.1558490183803222	-1.4885623903881118
0	.769353820123091	-.0924187266849727	-.7308948015679805	.06999019257606952
.7022828403207365	0	-.5744635810992831	-.005866293224900121	-.0013383222237531855
1.279295246005509	.7427950548627543	0	1.2334711438760217	-1.196982455644681
2.02024540654069	1.8157364689504902	1.1372565708742	1.612473991529025	-.7155691762569897
1.910080373915843	1.1595450508544258	1.1472043756805366	1.237650692522703	.394624561992345
0	1.7331371443923704	.5536948370079324	1.9728570365543112	.6343444306920447
1.9666584456159006	1.6857001736938677	.5285541086472173	1.672530205849596	-1.1451261755140485
.8175291746221989	3.321507054763269	2.4350814234008245	1.70525715219554	-.5762558179700188
.994852003280595	2.163483297470234	.8329505082535587	.09649515772736306	-1.2067728113705782
1.027748349622613	1.6186241972570723	0	2.0113938903098454	-1.3382146514092765
1.0061131757567043	3.1915324594833905	1.6189020609531213	3.086454145525902	-3.0132312395820917
1.3223657141908787	1.9991375703438212	-.20326495522692445	1.7852658217410156	-2.3303088704009873
1.9180502993273105	1.337329657564045	-.45716914781854934	2.8026540030463334	-.9213292168491056
0	1.1309852836154213	-1.9472489559649002	3.405533710095765	-1.6223173178360812
.48415486684393527	2.0500887907676644	0	1.267852119953345	-.5636309343057743
0	1.0902313844525549	1.1679827824481641	3.233185056680022	0
1.458226372608763	1.759571317668628	.37803212226249916	.4925592282285355	1.6122331009211464
0	-.3961841870369681	-.36824919119709104	1.1830655639106673	-.9515886663706259
-.7899270067486869	.1939882471179101	0	-1.4822750976639698	.9506293208121224
.5392179246207247	.6071112136835024	0	.5790449863035128	.2923936528709951
.6518163905861603	.9323339912639942	-.5612011674172614	.3779859597409174	0
2.923766129702383	1.1187588744244596	-1.3253722492218782	3.226676013368304	.2131280770784925
1.3324098247198688	-.2804182292148529	0	1.2100120169330846	-.27334459541353867
2.887885417544489	1.102467858221824	0	2.119261762216018	-.5388136809472182
2.4179984283174463	.6863408000689849	-.4409665355598388	3.4329176560908525	-.5138954726020004
2.00529166137938	.7112973901961	-.9658934964494952	1.8550314505258716	0
1.896889643007618	0	-1.5559435397534762	2.08522935256834	-1.2204278899017063
2.5896517490172304	.06291264784357009	-1.8686112140213698	2.3382993847638445	.4701645984417503
2.961761918111269	.3207846473132513	-1.2625902914977978	1.9402168808207405	-.17858730761564767
2.3606097939348047	.39211173254674375	-1.6348599662773813	3.3786032831176174	2.1031194668248876
3.779715167188081	0	-2.2071939910881726	1.6099641964637808	1.990054479245682
3.057338013458538	0	-2.293902129052868	2.3266082063365685	.05367822860119942
3.559390577992934	.20735934184147486	-2.353119541860006	1.3877290163409801	1.8661058396633852
4.404937363421114	2.2298919217740965	-1.4381368890389283	0	1.7389909000100354
6.128376683483298	1.3416252485025162	.14028370823831793	-3.1648132559092605	-.19605032236631104
4.251457663160194	0	-.032565032988836035	0	-.17590356073445967
4.23958814470421	0	-.037433872801916665	-.47552911885947285	-1.0792157945140683
3.1025122528792335	0	0	.5014623911833767	-2.0871450738340602
2.4359836524447993	-.05129467045356423	-.7279295842778446	-1.0670658964128439	-.32385444397487706
2.858395645216381	1.1104166532765964	-.5710671258714757	0	-.9331791570106232
3.058719429236003	1.8980140926184659	-.9296920939322176	-.6549686040608483	.18085114941214164
3.401312264793453	1.6583433429609145	-1.669887758461524	-.39233757403167785	-1.9324293855235863
3.2994403821815026	2.1483313322420132	-.01959432838826225	.6791901331194755	-1.9769787104276122
3.737742615687841	.9542959565774782	-1.2800641929297683	-.17931125075044865	-.992090012211343
3.9218467623189412	.7909074426695839	-.39800636580585547	-1.0258931948788463	-2.3406327511977887
2.586302869483935	.03682737119562554	-1.0547444163326252	.4394159377763964	-3.6532958150764983
2.418683059771311	.2915076032978415	.5964208669872053	1.48400974449618	-5.709982922439135
1.5316305896993863	0	-.8917537099619508	2.184376476698026	-1.2377964683069194
2.285691196791222	1.2025524399447294	0	1.4658399659797179	-2.6843677161163555
2.796347059817112	1.5565303237425951	1.7162211937684182	1.321407548012767	-1.9638061018247062
3.315903610143315	1.8849299745874544	2.122959204994501	.4692888323158071	-2.015400871644258
2.3152938903620908	2.9868483943563024	2.6817342797506356	.4938708883535561	0
1.9926168350788414	2.4521388944089697	1.036481308653162	.7667190400297443	.0735187309765491
2.0465007556936374	2.221404878625778	.8544953062815502	0	.8972979359219151
3.992454806614682	0	0	1.2871918535192581	-.3976562494044352
4.110184036007969	0	0	2.4810417203755435	-2.0443988007797484
2.5880594568835265	-1.3877350849012184	-.5644644410040542	2.8064571981053343	-1.9341436969696013
3.915059840373391	0	0	.9724441865352413	-1.3185749662229327
3.0540845938640326	.690978159777397	-.639545514803144	2.1497358975671377	0
2.248843654084998	0	-.29640864876196665	2.137429945823484	-.3292360019562003
1.9294652700699166	.709353952029349	0	1.1817412837500418	-2.180922582310937
3.0216864151665987	0	-.10857725093362065	1.07034943337652	-2.801358036442979
2.619476383994444	1.8408889412355074	1.6662503737846737	0	-2.768069266906016
3.227276412098635	1.8576188884903255	1.497626594062248	-.49777133924362016	-2.125380459663037
1.6906228462368824	2.186202246189767	2.3477720911125823	0	0
2.880159546405578	2.4549776394175327	1.6656622490984874	0	-.2783627624203623
2.302964903199269	2.411655168063879	.5592901806492637	1.8403518596129445	-.7097083016086505
2.575517118295737	2.235108729403928	.4608959075435673	0	-.0658654439737833
2.9911495960772587	3.439584890334622	-.001623209059177011	.9346860431385697	0
1.2130733612991147	2.5397296069940696	.49507747659540513	1.858260890487125	-1.08164847312746
2.7905669725307884	2.5525703914010753	0	1.557422511721752	-.400535122153766
1.758597806188675	2.951581374625451	0	.9095965510702466	1.4954949111948268
1.3763815667697181	3.1992410344403615	0	2.445633154592246	-.9460321567991228
1.3276983735172487	1.6481641872859427	.7106844976794036	2.9094399272227682	-2.447940760715471
1.5668569422829162	1.6027579473165054	-.15236891210791895	2.0437654795385436	0
1.8281123620487443	.6013956961479807	0	1.8987695430193348	-5.358223300832998
1.7312251575721465	-.1912285673810442	1.2107502094075162	1.5775886296365182	-2.497634351029346
.2593697909444913	0	.27009005258893554	.9734816046001931	-2.1416577224848337
.7920527087114457	.7619147505335931	0	.548775497165225	-.09910684146863863
.7180975821862596	.3845376526996954	-.8034332314444482	-.886106701143796	-.06323220526964467
2.1666961953670514	.7975570755400713	0	-.18156911276226065	-.8569635721950914
2.65138036919179	1.7887311754375266	0	0	.35519795937619025
2.9459489589791636	.37119647561693453	0	0	-.015340327805192844
3.7063638329896	1.7602330615612176	.026933137928732656	0	-1.6284864106426677
2.171727999384686	.8634002468111881	-.7539147928575263	.7804164006744053	-.9236015244847453
3.508217471172487	0	-1.6004188843961016	.5770245090942305	-1.8031188867574472
2.826738683800111	-.7894165108188093	-.8269503801428757	-.7900539143084164	-3.145691653204028
2.3547207836895865	-.08173953743008242	0	-1.2347997722157054	-4.39550556831048
2.6044549223008557	0	.380296068324231	0	-1.915914255838534
2.81708258768366	.5142283265159615	-1.3683364495247676	.25245179122983075	-.35568787819006387
3.117275274453405	0	-.6249066841103356	2.5896360912670096	.21980458619992427
3.2998284852140616	.5725674118704631	0	3.4410489415446297	0
2.226824520672591	0	-1.028000830155431	3.4537726976540988	.4133121125055262
1.6392330527083556	.7658322340652254	-.5322021209289682	2.6707513458198395	-.27335828047709965
2.479728731311908	0	-.40493865563527454	3.205301503237003	0
1.9321371802197984	0	-.45285035058741224	4.726048937175295	0
1.979402742787973	.6226647260482976	.6143683142156369	3.252999606173922	-.18653069049982407
1.6554594981036463	1.331137479340545	-.5319969008566802	3.767478130373484	-1.6130501328136102
1.8751990386443609	1.0538882129043174	.9175444048518698	4.075072331784664	-.6860873679294976
2.407658667321695	1.1034454854005118	.06750948808641842	2.926351184836744	0
2.839841067276021	0	1.006102204649026	1.9375079705560236	-1.2169872226742195
1.8367312624023184	2.4118508874986526	.7662830215656476	1.1179021442384016	.3976344631912373
3.0176976962521334	1.9106714103450808	.7481932789699793	1.3760267448392698	-.14965614947475636
2.565335892444546	2.6199649786802386	.5192830061162887	2.27200906441135	.32684332512232284
3.4368547949765853	1.3648231749821114	-.6954075579265213	1.5734846459282121	1.6065719533228304
2.9538045593128297	1.6602838046692874	0	3.0894199157148523	.9327063600444112
3.0948994924421167	1.3934279167424086	-.33185505641984486	2.7690905860937107	-1.3090436155295513
3.3453550164556307	-.051179768182487095	0	2.738719898436047	-1.7821665393322625
2.3832348438625726	.6042877277586318	-.3058040251553142	2.4179559866228586	-.9356230137503677
2.053617117427588	0	0	3.384972033314795	-1.6418053244761341
2.90497623176107	.7781173926283567	0	1.536723315595509	.9679682185775725
2.907913013782027	-.4137431003011311	-.46492776790237333	0	2.0726536795467747
4.5963283088945674	0	.7741261769320364	0	-.28005395796665133
2.8296350784396154	0	-.730641388709095	.6990762598285221	-1.1179787730364166
2.1856324964215483	.20834160925329304	-1.6045240292870093	3.2218744355549145	-.5196517189878821
2.2373897399088905	1.054128587510817	-1.7154935840823298	1.8310472431172327	.6554996387840961
1.1265085864311664	2.314605833617936	-2.7621369993386646	4.835011924653191	3.3492820429030172
1.189198375565047	3.9408906568171234	-3.3176310188442155	6.531552123656308	6.207874474630424
.12735311258077567	4.155775982482332	-1.9813629938906745	4.746349860934933	8.792874704177144
0	4.397476322221122	-2.8887582744854847	7.705996055054346	9.566403970551297
0	4.008904651821481	-2.628183091828717	5.7891113707394135	6.960938157856442
.48421196369058456	3.6558590121573444	-3.3677311653278217	8.237724630424804	6.783063416807789
.9342868154991578	4.460921166591223	-2.075064341751606	3.820006405374398	4.352810468965528
.608045262123637	3.0710947899183814	-2.148334666411466	5.0955196266684135	3.170156030863418
1.2548589943333859	3.405474147265344	0	3.8522417231782184	.8289344563088175
1.5964463064200745	2.1607513840857417	-.5281205321620575	2.2400919055061954	.6111976079207887
1.362875475708918	2.4032436636090435	.1969170103164805	-.31006752615331445	0
1.8843984718398674	1.6231710571015903	-1.968245472248424	.12393233929795729	.36417214592401004
2.2463922272838173	.957168950058432	-1.6614765714634263	-.22903442572232724	0
2.3238197147718274	1.90237995296321	-.23994579700615748	.3902121478852034	-.5775506274654865
.926547610331212	1.2941387809540414	-.27598437575867907	1.2160779296800746	0
.958465942952912	1.481942592242389	-2.0085232710353926	.8392641878839231	0
2.6173834424989733	2.086150957429865	-1.9328022966639935	.5125488750103394	0
2.1655684006997094	1.9933837801821133	-.5795672119697923	1.3583685673497434	-1.0150715745186436
3.5360126934522738	1.248116314888886	-1.3738020489196343	0	-1.0138141390212736
3.154401907861543	0	-.6347557847899759	.6941638251090423	-.7569287567993285
2.245160567066859	.30319889229747454	-.7579693353685614	2.9034878910216775	-3.0395990801767923
1.4292561847418634	1.7758122556243217	2.064990000017016	2.308903843749301	-3.821333144273711
2.428626064415445	1.1752063539636013	2.380985792561322	2.592766753832894	-2.696754751106172
3.3150814091462837	.8921350638057901	.815566471753471	-1.4547029066671655	.2780566674658319
3.673182353180774	.7550155827746133	0	0	-.5030361111373705
4.425146650867582	1.2900577073390271	.3860288356805923	-.2599461998296796	0
3.8817872741405077	2.348655573619316	0	0	0
2.7866164377117397	1.124767178719573	.4743196081005776	1.2287223279664607	0
2.7708956386604116	1.4560542976674318	-.11861917214336307	0	0
3.001227681454334	.6167220860268623	-.4937748581716028	0	-1.6575032683716224
3.269209721327966	.7637473805011172	-.6903845818322931	1.9867720372358395	-2.9307526591053987
2.3490350985018926	.7260330086018554	-.48384115161189406	.8590235670716282	0
2.571553278296337	-.1482945763009416	-1.6492699139182245	.7267439048225579	-1.476221476837893
5.114622249131149	.30488512515112487	-1.4419998330646993	0	-.927968197380671
2.679574309332342	.7112506482299548	-.7227198058550008	0	-1.027722908172958
3.210845657019682	2.1978473589787972	0	-.2409407863010809	0
2.349051090661346	1.495923475804969	0	.7673176624668561	0
2.77113201564435	1.8334676222450614	.00637563069981581	.40345785526455147	0
2.3088906958929574	1.154564468274244	.06859866295249283	2.323199636555622	-2.47543665781829
2.126227251900839	.8376890717567776	1.0948894910661724	1.522686173540775	-2.557494901333985
3.3242199844121987	1.7259858231225085	-.16584955923332867	.4783588146978149	-.21342969439052967
2.8875970251298178	1.9049810658208397	.39000511061397825	0	-.8002448656029211
3.6859787015669525	.9438650198649912	-1.1337950439786173	1.0081676078984518	.18429834443462312
2.0568386027080976	2.0489942911827694	-.2014279152723011	1.3432013471023552	-.3558382845176557
3.399235596728644	2.1492930319434413	.009222547042814971	-.7251147795099325	.052786007648698216
1.7904372914364561	1.669207974456419	-.1739905298331662	0	.6975238391396728
2.3351288642212125	2.2175743946139166	.8228436023093079	.4110107781526203	.24409272323099923
3.747320271343446	1.9451589480647211	-.7038714280102781	-.6224189244011525	.04987681094160676
4.192088616225929	.6935892328949251	-.47266285769136895	-.30605880165323524	-.7653238628743904
3.512192803049289	0	0	0	-2.6156158821488042
4.5258006730394635	.061024550474921516	0	0	-1.6841589520287013
4.175684562920002	.9840943172728477	.04751749486261881	0	-.7883783908549548
1.8479826108372652	-.0926473009948583	-.9195394504534975	0	-1.172004435593226
2.175471560488891	.9307049368887534	-.609361444024257	.7774290209545014	0
3.484758605908835	.10296054278986136	-.46291909497523054	-.7804558511159714	-1.1698749376032795
3.5210729495423805	0	-.9286327866194753	-.659261154991165	-3.338599305930089
3.771154054012139	1.2523278939597815	0	0	-3.035240123590972
4.392024463173428	.24590226012039812	-1.080885524394641	0	-2.524627858840492
3.655833554524662	1.205750461537722	-.4325991370947996	-.027469663200540978	0
1.655703197887957	0	0	.6616838536870602	-1.7239289498347234
.5189083238303942	0	-.42394985090571724	0	-2.6635145580093784
.6653911137388062	2.3620283266563016	-1.2936607724921507	0	1.2167039721631467
2.0607033647469297	0	-1.34195191109835	-1.6097473755820157	-.5799439990825008
-.015501294175562452	0	-1.3933558675266646	1.6043341561768663	-3.0436174709665087
.01581365718413219	2.1809414556167033	-.6757992442268984	3.5133343167657802	-.8072340935346933
.5805031149708559	2.1977589979841374	0	1.8277791010977107	-1.7952553473730295
2.154844997830917	2.259746193810273	.06218140615226281	0	-1.6792606190382688
2.2363677360965437	2.817310043424253	.34914060735522867	1.1557754034818193	-2.421250775642434
1.3129802253146852	2.2670738825781656	.04270869684236617	0	0
0	1.3386303838258975	.28642354988668206	.3286051815055858	0
.5381013123386399	.3904203488275656	-.5520055082432338	-.05657067629378438	.20482680379261778
.6643143834253407	-.5235121217658918	-1.4556011338570414	-.01887466119926068	0
-.40070981980285064	0	0	.2319009764151817	0
0	.6511754431192176	.2828235921248973	-.2190105142341534	-.1077604025171982
0	1.8291656698925896	-.8737313926514748	-1.0928032586804863	1.2664234428709689
.6826632979421909	.6326386419481644	-.49025397875523447	.3780005698317733	-1.064747192971112
1.036892845180314	.807174356133141	0	.3723878531980467	.08543476467063787
0	0	-.4242925213361367	.348535388281945	1.0387290323119294
-.629138650636298	.10478726847997846	-.21102716587942805	.8188650623669258	.28788708976104965
.7473042561289309	.6183720085385453	.045839244547839414	-.3896148023850926	.04808400082290304
.44163117105479877	0	-.17456636681368926	1.9986600103195171	.11689133239788035
.8005145094552737	-.03563931886943489	.6141501482617038	-.34837936504308986	-1.1357141253247591
.8705092866205009	.12101930818438782	-.2070909680963962	.4767521045447224	-1.0486707067373149
-.7015869040377625	0	0	-.32654930115086683	0
0	-.25706853747917163	-.6251092647856357	0	0
1.3161167391116164	.31260983838263645	.3485506851865982	.9451920144151694	-.9125904853524416
.9969137086782974	.3495388991515062	-.33427399981887934	.49170710934765727	-.5868137149811252
.199012769045409	.246143069213355	-.7081287183966496	-.08042452342105488	-1.1152566238669743
2.7772327681292173	1.3017761382186015	0	1.390616501703182	.5651424543219148
1.050024281017525	.13486764011951746	-.05038146031733726	1.9266886713003022	-.5359757339984024
2.016411354843833	.6945942034903312	.23266163444833304	-.13780817352868713	-.5609016290988645
1.0193911184540518	.11575410341260552	0	1.2156219551929448	2.2204726658169465
0	0	0	0	0
-.5097761172764779	.14660650835339603	.004167900393281271	.6668605673113399	.0642361922823913
1.0289330944664266	.2725747769577589	.23859944594348562	.3184945353020304	-.32273822482016
-.2910446407077196	0	.6232231702506724	-.8383813405543799	0
0	-1.017095368025363	.03483847317154376	0	-.9560548959181537
1.16762941238028	.02776978277051967	-1.8445126518307768	3.4774028390343585	0
.9177425794769025	-.6070113455216943	-2.342401262580486	1.42716460985538	0
.4914408325462331	-.9335048821959446	-2.2065004918855515	0	.28759346453325624
-.18156447518160013	.09637460707726964	-1.0209817061354258	.9787315351708024	-.5914335492360894
.31286218593330295	-.36991829582239827	.5505292838110833	.2929133182386928	0
-.5884808912423372	-.5031890989037185	.32057422742755787	.8874638376919338	-2.582208013863548
.6359267737529823	.8983850849911821	-.00639022672305728	.32106520171904596	-.18920653266536203
.25064020173971246	1.2234254472081083	-.03571252932280472	-.816529318399488	0
.6558672004926371	2.6032179342800648	0	-.19582497685128003	-.48352777382123846
1.4338412827432763	3.20959837953771	-1.027355930855692	1.9068677872716364	-.7273060052121102
2.7711669762022098	1.9629325096914358	-1.8294999493993327	0	-.0650308611791745
3.4859261624376336	1.5157297114868011	-1.643141840622207	.8032807199875114	0
3.716283973977704	1.2700515815844484	-1.2081244373014646	.36905523654249306	0
1.0462373891182728	.49898008656810544	-.7057570267554436	1.19810985769768	-1.5474921461895346
.6620985875267971	2.5671430587502777	-.0066062110670841445	2.2784751295412233	-1.8721017852725206
3.0999462655013277	2.3999012015862915	0	0	0
3.3169321111268864	1.6457919285427933	-1.2112314515898501	0	-1.2312891885909307
3.669453984967311	.2203087855619596	-1.9539396612884325	.7260906775487643	-2.467720561318365
2.291185535798491	1.4146240550959204	-.576697030164558	-.5262866851819294	-1.032686629236195
1.9372295402891244	1.7450835423162692	0	0	-1.3385546363114311
1.6938631040044005	1.873388946942046	.8786916697661732	2.5030284337556954	-3.37158488438991
2.188108859265109	.9988001330190515	0	1.9663815560397806	-.13040391678891083
2.1772537365651696	0	-.07196887842999572	0	-.35108086627170443
1.3678061153903338	0	.5645858384139487	.3994363111918572	-2.6851741748938927
1.8884141910670982	-.18367807163764038	1.786992893471163	1.7030494663562017	-6.734909807382399
2.407741906220798	0	1.683536587737732	.7625680456475008	-4.982061471257516
1.4185949796392618	1.5605795681131536	3.54162416667674	3.3604707136408356	-3.907471942443787
1.2053772395305566	2.2586504779072123	2.9277500345989247	4.255249885327461	-3.085859390614037
1.451881696181824	1.1970452647440868	1.4602499560856614	3.1697036817604562	-1.3279944660086547
2.9321349569049135	.988236324882172	1.6941963695697004	2.305358651859967	-1.6125082319697817
3.7746270047160633	1.2776823191601583	.7807637653942233	2.650933220376903	-1.967976795890325
.8777542327882305	1.3452869918788022	.9263240716264665	3.9673436082927074	-1.5923402051044948
1.8824878688756386	.4264110497885039	0	1.1762081245514544	1.0969594680176744
1.2089848109634986	1.8079963162974073	-.092054512309201	3.3408742922435803	0
1.6786505317119358	1.6793566084810747	0	1.6472530496762317	-.7704633319055033
2.2806819372296925	2.5901917490327313	-.022855527269696252	1.9707844646740376	-.7564970177634178
3.190544646225296	1.941189545715287	0	0	-1.0805886858104607
2.90472880820989	2.8275672774985354	-.0924306982209319	1.4127249289865818	1.228785125041595
2.581998818755637	1.4326484385694473	0	.7907494469882064	.14936797692556492
3.030939550799044	1.72463907168936	1.0444348690794854	.7919787098142679	.1548048608992526
2.7817465137544892	.9459046168454637	0	1.1240147127442432	-.6521595936375507
2.648003874541046	.9599197446599732	-.7201477218982668	2.4664535907714673	0
3.109416845521451	-.15033041890079718	-.37403362094862624	1.7978762569658373	-.6980630904722511
2.9911971726927526	1.3486134603837596	0	2.429261749724531	.12122813137217503
3.140733738526645	1.888270478414731	-.35036427119571656	-.3533194994527696	.8191116928610376
2.92745348942605	2.9988863436221633	-.43426879180540817	.3403867480403411	.24699730642648943
2.260379869080639	3.324322385488835	.6645262732792256	1.3828452535211517	1.243244222777597
2.634680385850766	3.0932421849007965	0	2.3188855933425248	1.0652228891380697
3.0821935678509385	2.5470520117194995	-.5372385865908093	2.4599053973580203	0
1.953671138727383	2.4404659625623912	-.4393606000668341	2.7461993987397753	0
2.9438849619028065	2.887834981741653	-.8440692387917488	1.2374127687689112	2.041274035688301
2.548336901695403	1.9342982763106846	-1.7583654586288895	0	0
2.071404480083485	2.5435689075005223	-1.6193926232023355	.027507654319548477	-.41150997978423626
1.9469322420677018	3.3470127846686553	-1.0019716429197145	-.8887971472439012	-.09692919580253626
2.419206623202289	3.9164344332125225	-1.9322766204303057	0	0
.17937001144845482	3.6935468059867413	-2.1446745652489745	0	0
0	2.8971095308482138	-1.5558660653410212	0	0
0	2.0615825465445514	-2.326152043663987	-.8190091648151643	-.630663278333252
.42037946078554866	3.0692494772950134	-.5708900263470515	0	-.7867372695827007
0	4.315072523614986	-.03329441445344849	.11565731917747371	1.4547960815963932
-.16063402969602852	3.7314646068786463	-1.564983985936655	1.0508285240363384	.8088542423738511
0	1.5584830032406098	-1.6497469986362971	.9740640528158147	-.7730010899147034
0	1.487297006858328	-.9857836494710208	-.19402971552165066	-1.3472781089094847
-.4706413246432629	1.782934086540386	-.24289243493334228	0	0
-.33295905303960693	.817891616529947	0	-1.4499975174860702	-.994263367416955
-1.3033407434033302	.6370853708218371	.03204964416009792	-.7785501424520462	-.3918324376233811
.8616124330327188	1.707357879403425	-.19062133214988553	1.0328144847330134	-.16645989085933255
.2396423876675022	0	-.47509090054944986	.9446074454916111	-.9638150671305294
0	1.266746192335356	0	-.35438550262610086	-1.2715303150430786
1.7920126458637304	-.15361071862636905	-1.5578468171158044	.9787153574108984	-1.725464755373165
.6330654238656148	0	-2.116255011619359	1.436498459703654	-.8535595493966718
1.5280862985414636	0	.7929001444280955	-.913222630223871	-2.5806144458677216
1.855493072534824	2.1504961158290263	.9356343857551113	-.3021637330935286	-.44220267375249767
1.2674349843757662	1.6640213824062862	1.764038503911975	-.16567180288047378	.47339318962640586
1.5101325962930594	.9075891143362009	.642941364879873	1.7523039970043315	0
1.2093590437167205	0	.6007946503327319	.6663866632181364	-.022618753233897393
-.6063454211254724	1.1867273457241374	0	1.3758887290110762	0
.628001222467444	1.5178204004192515	0	-.08311428875954938	.44090253542780083
2.0220882704132896	0	.045991087836492694	-1.1247463488356906	-.28371344943624927
2.717617470533841	.18645112773967948	.8229357563942246	1.4532923501263353	-1.63368536015771
2.079271243086861	2.013060894037162	.5985116118739479	3.5516336384413556	.3471868104120415
1.440213715086005	2.622278943335776	.15859355658490892	2.1599815457066613	2.511099995852711
1.7289486802793674	3.4967387101347245	0	1.2191225102862002	2.5889479682072913
1.7921427067626703	3.5451890281318894	1.3922275365966041	1.7159467640425323	.684976268915243
4.03864129802603	2.6673254146016183	0	0	-.7100309197871512
2.5148237090190224	3.029305620462731	.0648204467701425	0	0
3.3662940276572377	1.2261875645040414	.9465817390910463	0	-2.0561595989404813
2.628467141481916	1.7107644114749134	0	1.7619260626883153	-2.02712271486193
1.0673342955576	2.164551810613533	.46071097666123056	1.4742082590849819	-1.0122662086823888
1.5499605097369777	.32372977292150606	-1.4804554020261758	.5417774623309681	1.0583832534109436
2.7764474836563093	1.0483745591622808	0	1.0033132642372322	0
.49807009768345606	-.42477488981703904	0	.09980270861907195	.013038774514084306
0	.3797319863778184	-1.0725488827388794	-.0019163653940959847	-.8479497628558312
0	1.0309451757817387	-1.121484415570887	-1.3084233741701423	-.2827221913606919
0	0	-.07976828733561492	.7446347360001	-2.087304557991499
.15665236081802658	.08760686204410141	0	-.14566727242350289	.6473164724408875
1.172599542337189	0	.32564917621915535	0	-1.1377246376225816
1.1579242331969226	0	0	0	.10324025634683054
0	.8543095903246083	-.4305070987937346	.3643346986934467	0
0	.7449592034034016	.48339297490758204	-.7380700757088245	-.6835085836197182
0	.09111260701100407	.48741400911172356	-.48919035274644895	-.9772900967803404
-.5981861012668716	1.2699759538714408	.9299602210247545	1.5972688965594384	-.15307135576063347
1.076851237431211	1.2830097532731206	-.37029928614142005	.5181733821216679	2.673474648917741
.41741744784465507	.42687053658224355	-1.9612502077098446	1.1072136398148604	1.7864108793284454
.7432672952346602	0	-1.2489190922525388	-.04805176655438334	.4396575325345218
.8936712325193046	.40710197742338006	-.8890470314646656	.02319302859866628	.3495007894416927
0	0	0	1.227411729240239	-.7696985463441296
-.503663198389286	-.1689240901321133	-.0005281673459498759	-.21540709699719596	.33434149018615134
.09061254352036122	.46870422112167687	-.4910347388108223	0	0
-.022312278610910452	-.4937520434331984	0	0	-.9122552901501267
.23099277806410853	1.1364555690227758	-.613371101070151	-.24225933868420826	1.0541941566758017
0	.9491485583211918	-.4380575382087125	.20038045077108382	1.5954884865532255
-.1609465877619711	0	-.4770587478409127	-.5803692755850635	1.1039565077709346
0	.6549427592244124	-.5767282397120904	0	.314731420046376
-.3172823365040513	.035641108033063	0	.48248609337019455	-.7874558912927192
-.7891501252856875	0	0	.04703164647856792	0
-.6266209409090824	1.056130179403247	.07016656906543012	-.9566410750381602	-.7691670899780614
.7379525907413638	0	-1.4929088822864953	0	.04093801703475519
0	-.27446179346635996	-1.38281339603782	.987218103571464	-.1421335813665487
-.11618449398101208	0	-2.0791683927120648	-.4488862668503152	-.2399048371300077
-.24961093374072996	.5388415603005715	-.21070006510176761	.5823217736521848	0
1.1597344451718408	1.1589855931068325	.08237391485143115	0	.24891334470083804
.5267286999916253	1.5428272759507295	-.01457983262537027	-1.0774356840237105	-1.8413416986986233
1.6913295248324265	-.5661682046750753	-.4877015897791953	-.29393965194275584	.8383342865816508
2.3018008822207037	.6651387390375665	-.09122596758930833	1.7246248477021755	.2872716137247043
3.214889592772434	.6610166977025578	-.3356770574544308	.6694056334256063	-.3239835850788865
2.55829528643867	1.0646579386683754	0	1.532603267460092	-.9891632649322444
2.4131827898525198	2.226371613134651	-1.2096794337961667	3.0398962009809583	.5287253341849029
2.6618465813241174	2.545905568197468	0	1.8339438009219906	.8909042165263348
3.4580189734535307	1.485712286744882	0	1.7568284547616937	-.7837615453876623
1.7161314733710404	1.5498884043200682	0	.11408562681214862	-1.3808855804903915
1.5507991759249444	1.0204363304276791	.10288773353596312	.599433319905293	0
2.4543085348574216	.793008951939786	-1.5663629842916897	-.36694806491845905	0
3.530128020313445	.628496652725157	-1.4189518251348747	2.644018247589834	0
2.759348081031915	0	-1.793953890653017	2.206327870648946	-.48328765212238256
2.860595418215595	0	-2.203749645876479	2.844378390445465	-.7153878494125103
2.1136052915958885	-1.3817423247673646	-2.987268022932785	2.5958933059048723	-.5502603284176277
3.8035579588267243	-.9261375146591627	-2.3762545611582704	.8252556823463844	-1.2628282130527906
4.48828841746845	-.7136940598133659	-1.161852071991968	0	-1.5241630694190897
3.6864828260251583	0	-2.093810612647731	0	-.17039117156299166
3.7870456941502124	-.5657697338607133	-1.3523954205483701	1.1314400115868322	-2.6306929166263213
3.512535422536555	-1.3436897628875446	-1.2983618563696457	2.4650468257864375	-1.4925625149383765
3.6872520794130272	-1.7901014074397448	0	-.5529708170645536	-2.2894327790494597
1.9373727151647566	-1.0083793927354132	1.6856261499727425	0	-3.7142884260563784
2.128621881101851	-1.399684265988401	.9363097397606259	.3288996015421016	-1.5267264528985476
1.0028064002166768	0	.37526031359932716	0	0
1.3764672403102913	-1.4955042319732603	0	1.4383425727972798	-.41206909117116497
.37266183995146	0	.6963225510403775	0	-.5297060864882295
.4280645258535941	.4529892819286696	1.460334138162715	2.357424894435373	-.5934453266162221
.24824404541944378	0	1.5475100685055403	.8852115707451382	1.00784101277835
.12603785999288436	-1.123293967414083	-.4440763236282115	.3803547507413963	-.9751775844601052
-.465662459571192	-1.8370119123024617	-1.1644968154307063	0	-1.7148872731944922
-.8311017968403012	-.7686383519784411	0	0	-1.7863296982264267
0	.40454046374340324	.1622109720285515	-.2763447061112615	.08677276467873858
.42441519809675443	0	-.9321847864465607	0	2.0397496446118026
-.5317300856387817	1.0621194699131729	-1.774858313294499	1.3224021925112874	.2581695201411258
.5349241399245329	-.008961844148541606	-2.752519004293626	0	1.0667774818615117
.19207033140813135	-.6232386646155947	-2.0969893335392196	2.1157904604756803	-.29581395387352205
.35434338107481717	-.6398671930946607	0	.5332340924903824	.04162714748743351
0	-.21709862940664396	0	-.46374057362903043	0
0	.394875976413155	0	-.5255667022439298	-.8815420039163595
-.6623349636596522	-.8664041778260005	-.7007085463047382	0	-.11384619328026019
.6413327637089538	-.32733187976664435	-.5828749228502508	0	-.8047030435237612
.8674310272803524	0	.3684003103758988	-.4381327563656783	1.0149546954536433
.033952351009199744	-.47855893944404515	.5597941865655296	1.9395471999989544	1.4617671343052998
.24733414920129615	-1.0964131271260098	.2523784191544549	-.01986142266774349	.9380848193927176
.7719467023837526	.770997459916249	1.6487821478032791	-.997531138765408	.8010927535102774
3.229018226707408	-.47007134743750884	1.2477112565465538	0	-.80909207700323
1.93443442208474	-.5928175385793125	.3953287118241321	0	.024370742761631047
.06441570408601427	-1.6853307615602242	.5814003479232513	.7056777698832896	.525453086514054
-.2777547942987058	-1.2866190440123695	.5361798359972242	1.4999652982920575	-.23639241001987155
-.6978603724012172	-1.0334161446509529	1.181253914339968	-.26635805659640843	.38908981752423943
-.07769659850098953	-.3467541375893246	0	-.010447286065150885	.5795444048005607
.36264602779556404	-.04120515315471246	-.3978492417808066	-.04929876777157269	-.9404622920220731
-1.0156436522654018	0	.36550132641891664	0	-.4717200599648486
.8584343035023546	.5053214551316918	.02188749211075279	0	-.5662224740874588
.053286790319438615	0	0	-.10428444535275826	0
.5617010068735504	.30341424696205604	-.08828802665739055	.25567062243027666	-.631680724396542
.9710477956583974	.20098666384444036	0	-.23048370599056284	0
1.3088167476485866	.12443289330604729	0	-.15859032666527118	0
1.580861714566602	-.3422986140129867	0	-1.514342151485764	.2257637605747722
.9524609283952352	-.538067193537688	.4525560318501034	-.5179444220861547	-1.2423901837551434
1.1174394085162143	-.8232616665828191	.43090219065448476	-1.3057987917200797	0
2.4262767057734567	0	0	-1.2726833567127134	2.2226304156965226
2.0178231869897356	.7034254974089968	1.1743678883751196	1.5994522994276918	2.339683834227821
2.480435983626102	2.2003620269689153	.665528895287486	1.130097903944885	.5681357824167365
2.1991890989850975	2.557496574934445	1.1672172596778698	4.468234825196817	1.0040586777537777
2.383745270839642	2.0073053022193665	1.525899739459758	2.0575754821425294	.9087209386660733
1.1953301269522698	2.8754133969639755	2.6138435881537037	1.4646696995157744	0
2.3907184670450103	2.6931802679697845	2.2428337597296495	.7444272335464144	.18255634989867436
3.365079582944037	1.8125902736337658	2.5547947322295195	1.9622313711449144	-1.0577205896191324
2.7789088441348047	3.0479489640681994	3.0314656609864765	1.9462208860318342	.8310376574407989
2.2381059161278847	3.728953343068423	3.481595730116324	3.051762579931363	-2.0269353853951757
0	4.555287335819542	2.593646140880489	3.495972586138049	1.210867572183494
1.2905654311220345	2.482843796981048	1.2839624830637222	-.2753297452628952	0
2.4727217860509634	.8746820070556982	.7963664488612852	.752484504590547	.8767886636764046
1.6903884120784805	2.015109249434689	-.32271286052995307	2.0903011678286463	.8796742404697916
2.822151958028255	.9261952666873677	-1.7024205312249396	1.0264091809225806	1.0699142032845241
1.93393797524925	1.3539659785158773	-.8864193094861822	1.1746828106498395	.5011019996730859
2.326276064263877	1.3133484155547175	-.5948128531443635	2.315367525539112	1.5935561546368286
3.065591160710435	1.6435828924867988	.3026638847730253	1.1741200152216682	1.995876269732712
1.7693361722942413	.8386291867075997	-.6893694329272302	.8212725237875631	-.5620807017203029
1.4334385571768344	1.298732264299744	-.08518226880359282	.4650889987090633	-.5422230344294705
2.55234283922408	2.0809274331119454	0	1.7990840146607243	.10676016063763219
2.8937269186358767	1.522276034616487	0	1.9632478604253087	0
2.3413041407306454	2.771628859648871	0	.053171506796424316	0
3.0808355051929026	2.69088673528759	.6144142164023986	-.44460013635136286	.019966488502892774
2.248406474534002	2.956861704366725	-.7218695791089551	1.321478624869214	-.03483247809642161
1.476755290712025	2.340086349356598	-1.3177923744627353	.012110334261572486	.8008514956965316
.6526810332919699	.7203303364437244	-.8748128598820633	.548847880968993	0
0	.02719612393271184	-.24407293888861947	-.6096560423819561	-.6686785293276184
2.2224766196333237	0	0	1.5138578018132327	-2.8316181281659847
3.4256923284194944	0	.2230560144953802	0	-1.65895071524568
3.0642885258913783	.15698648924095226	0	2.2487089265756905	-2.6156525875949703
2.536515508466801	.8018464113055664	0	1.7650499502531378	-2.1334384365314603
3.3484998130241137	-.4874305495330261	-1.2997817388815411	1.4071807245456898	-1.7054734889462637
2.88662973699384	.3523827198049845	-.7159001504038307	1.6687611671968803	-2.3113662233986036
1.9983725230658687	.5584543043407046	0	-.5492132587728183	.054677142726331895
0	0	0	1.9160011116961904	-.8839483472763353
.9437467103306078	0	-1.2524309977113388	1.4103964902756982	0
2.495350367416527	.4089571498882911	0	.4074019596200714	-2.9197294793549724
3.693354473600746	.8429096168486534	0	-.8332426216450244	-.19556724780030055
4.25134641757829	0	2.2192047200638747	1.7619308581136073	-.23830203499409242
2.6125797785934246	0	2.261014919676482	2.206744490568749	0
3.0946790184593382	0	2.311646591955146	2.228416399259292	-3.2025433461841004
4.100137026164979	.5770344888557	2.120293655223131	1.7180173418994755	-1.621744326786241
3.9574337557506887	0	1.4311504601151501	.6696528784404963	.26561044759050656
4.485891904673737	0	.16593266885273567	0	1.5113150582455441
4.367432438815642	0	-.6372961509052844	0	-2.1520214624003895
3.202694189543916	-.18133969541054248	-1.005234837961629	1.7019229776852578	-1.2205973403058608
2.925082396634646	-1.3106557392046405	-1.2225389732370973	2.6960688189928397	-2.3674945217051246
2.4757242056262028	-1.183625543203818	-1.8840674337869163	2.223592567002033	-2.556700288837717
3.3748034859953613	-1.5402916083890388	-2.076408337285635	2.4138767513020083	-1.5612348288863829
2.2693809457948078	-1.3920642304012707	-1.2629802144234756	1.7699375535273172	-.9950051182805492
1.5009116404780267	0	-1.332270683075649	2.3113889585409417	0
2.626767280266	1.5560902585511525	0	.9846255811705804	-.8092641334812605
3.8902876322967512	1.2716717219513347	-.35487832021213545	-.7147770485687981	.3104902547990353
5.076717855663448	1.773610067525128	-2.1673377649521868	-1.6820411481853539	2.047671843780455
3.9342400675238376	2.7555828898304955	-2.4398008748667506	-1.5771246007506736	1.9933532223575505
4.098497686591227	2.7694852879434917	-1.4310398348178	-1.193220404774164	.5898339090213173
4.995212933877096	.8519834383380978	-2.037273601548865	-1.7761621980629363	0
3.145761103700223	.2678133225420944	-1.8986936384270752	-1.9929747626935312	-1.7846475952582337
4.16388356801032	-.09054531271341505	-1.3076499392992906	-1.8261492154160766	-3.3995067043072087
4.512768802970133	0	-1.3393717060452728	-.7966404528999307	-1.289259797197322
3.80724509187778	0	-1.2408940273077953	1.9973354586684384	-1.566826763598448
4.555152186768126	.5083420858058161	-1.9625833103559445	-.6477848591124278	0
4.243348309250044	-.45137176894594777	-3.422268698457426	0	0
3.321680672871251	-.0323728140408468	-3.119236026985332	1.804318738542454	-1.9040702767885476
3.335504630258569	0	-2.3218404430053092	1.0884549213069348	0
2.231408695299788	.35151624483326654	-1.7887716633614201	1.9719631280720002	0
3.9984108112308623	0	-.4651943028464319	-.019739964015951572	-1.3596569157350147
3.954821694336792	.630482845750223	0	-1.486330289234231	-.7837955972371078
4.341303951401973	-.5309731073962193	-.29817753856690044	-.15716894443182683	-1.0430965165059491
2.7815448176098125	.49235525609029573	-1.4846180664949935	.008853269955182652	-.021404653777013893
3.224634045022376	-.3510892940740711	-1.8886084239328738	0	-.34508344038611566
3.6196322553794973	.13181912041928223	-1.8927159024798124	1.2465473154622781	.018970751712227063
3.2037520965727238	0	-1.183088075753623	.7383794782215154	-.12593120736950342
2.6301329824645583	0	-1.620936702883743	1.382079673542536	-.671837765995966
1.8713043126776465	0	-1.3465346954479258	2.6102099973062063	.25883086630423774
2.786092003959036	-.419167267459958	-1.7323282559616133	1.6740779679795021	.28109132633973194
2.7925826927999946	0	-1.2881431412951683	1.8497266826466559	0
2.4944525521334566	.8740703358344	-2.628229827865531	.04708590250519751	1.4172814309514314
2.9142358327375275	.5677587201975071	-1.4305629756179532	1.6728035651081126	0
1.0424839553321137	.15929870645684718	-.4763734870430757	.4722554224978136	-.7100525991729449
2.204829582533918	.7235220036993535	-.05267315758348634	.9520879012342853	-1.1453263023257445
3.231189063997224	1.0155231491282548	-.3226107002258185	-.5204629358671892	-.9814011553074338
3.4383269925812576	.7027895197434603	-.8559485225454635	0	.12355240288404017
3.5137819517399995	1.9481035676386158	.32604904137614316	1.5607094955507999	1.2973312519453166
3.1744584853951197	2.4885861090479926	.6485745503591555	1.8625281695425346	2.4447242398561917
3.9207524875482886	0	-1.0453464447912584	1.1797437561691844	.6850659416939731
5.20131949419376	0	0	-1.881822232670165	0
4.969415182920684	.36567011930271875	-.7936616465549466	0	.5720632484163131
5.073340900554642	0	-.4126236703154461	-1.164272381508879	.10295675459167358
3.9601120743311222	0	0	-.7338002640563464	.05491863412385717
4.338385396081416	0	-1.1065568623622117	0	4.32940816763154
4.7273384018395594	0	-1.7057532748678923	-2.2663224139283407	0
4.778171339810678	-.504330508355298	-.926040920173493	0	-.3144092157600602
4.407527031272264	.7835889398741496	1.0818379960520152	.28055064705834565	-.6184842174709321
4.66498410047453	.7488309526776571	.7905850779516352	-.30879602063540024	-1.6935428934782994
3.9784497589801617	0	-.06854029183492624	0	-1.4048503664331395
4.327393811208119	.3613828907292121	-.37879670820632183	-1.017523815427148	-.03544369409536488
2.709767140242187	.7909711314084664	0	0	-.8729510198527495
2.8466907538642787	1.2551100721755744	-.8105914729798527	.16169879792779232	0
2.8217409283060615	.1366034189777353	-1.5139239208231194	1.0297618135785815	-1.2699549790530966
1.944714024097169	1.367283333885274	-1.367880253069265	2.82251669084105	.05471686720541635
1.75935051731665	2.518357178098924	-.7423836549561392	2.8194206879687713	0
2.5630135110297	.9429974330308558	-1.3347716312811844	.27719403769473927	0
2.8027640540650607	1.218397154748102	-1.8145388492855297	1.5212315533962162	0
2.662456417219775	1.8214354955685064	-1.5785518488622468	0	.5980298816038199
2.174161593062655	1.3020422253421886	-2.5215603774561868	1.2936859204857831	1.1843794956375477
2.6098724971591043	.4378008054912827	-2.474060445526814	1.112587063373632	-1.3620597850901268
3.4657662354440513	1.1863468724357136	-1.3644646857168214	-.3099431818807006	0
2.852382539206297	1.364683663427089	-1.872185452115271	.8752733930534815	0
2.3661087119931694	0	-2.266968595676035	3.1508830208316994	0
.7536085963426725	0	-3.349978747453094	4.495646652278783	-.11882280682465968
.6490188231715877	0	-3.1317624879265935	3.444955092179639	-.597465698946579
.4897051472670415	-.3342738644667449	-2.17335809622221	2.838708687602696	-2.956833264016846
1.6822989015483347	-.1629313540722795	-2.5996757237088373	2.5897229173984546	-3.7974438886987305
2.2475879925305606	0	-2.340129462903032	1.2859997779564862	-2.401894230895199
.43126342481765306	-.255030139359855	-1.0868925154314424	-.09151973780173522	-1.5061049171085814
-.25648892861127937	.4025512512690449	-.040140519193876595	1.0407600168959028	-.6890170648475511
.11128395700565352	.9979410552229664	.18470887196202282	-.08710115572384786	-.640504499987151
1.0350782785895216	.37465878846289646	0	-.4652520010339979	0
-1.1345739830271857	0	0	-.994409336508063	.20351397684685757
1.782190124112112	-.42759792167172006	-.21143298112257408	-1.0788942481673014	0
.38433975031019624	-.2819485059612299	-.8268001439402641	-.26670756495863224	-.7502297245351215
0	.20785051272610622	.5334194741203483	1.844475969680266	-1.3234187577055891
.9968999373045212	.3933017391916336	.813775683080954	1.1141002382538139	1.5100554714143009
1.446576487251439	-1.272852226813095	-.7634877276155572	-.4218320532333646	1.1813318480144686
1.445565584349576	-.7293086462783372	1.327803843640419	1.4724253651850867	0
2.373344906589065	-.6001199652938892	.21083342394706925	-1.2172451804886089	0
1.2662492873838227	0	.23028087031020633	.34130925061502304	0
1.1250649417457659	-.6915871049554041	0	0	-1.1824268647895637
.643424176873033	0	-.5721930313536066	.9483112497320976	.8892480887226639
0	.3840887750311424	.27324967917279763	.48371689540542695	-.08265500347378343
0	-.9394109440088498	-.62784956610191	-.7046054156912034	.6661866261864847
-.46200739344389935	.3177173253446462	.4072569553879184	1.252033321334853	0
.7602167597285919	.5304685735664223	.6566551825658489	0	0
.9663938277992482	.2867131910887111	0	-1.3150894713997496	.3119606907329595
0	0	-1.5092183689609266	0	0
.07749168743470942	.5072541420177703	-.30956588201590496	-.10368505951320828	-.7625984970957932
.21159256012331476	0	0	.7125631650769296	0
.9837369900215176	.5851453469914836	.011814303826883338	.46708862406551904	-1.8086627078388786
.7393195504293608	.9128044322344638	0	0	-.22437808689525163
-.3747082554624878	-.29667728449099534	-.70882085565122	.003209499567974894	-.513374750706765
.507281576950178	0	-1.8856464977782568	-.16578829946524087	0
-1.0986363085325062	0	0	-.8428069029157765	-.8795421394434968
.1811916632037338	1.1862563611291963	.6958352167396376	-.36658564060738347	-9399228405038151e-22
.39172752674861067	.9315374805371754	-.9156213500281744	-1.2007447825484818	0
.7563922313070333	1.7085209448028926	-1.0649468825416317	.23593052610852283	-1.4963748430893526
1.333495189124305	2.69821319917198	-.3150644315800521	1.0398598953700078	0
2.8165114729014418	3.3453852021162813	0	-1.8455407832744892	-1.450647405678601
2.9123672978073283	3.375855097979641	-.15532075634364628	.734328365217501	-1.8396551373901828
1.6294397309553939	1.2903717417564364	.6868819914782495	.6679142177526719	0
1.5919696813731614	1.443912504845759	-.5289758077413781	.7337421842092784	0
1.966492874867856	.8681299041516913	.17850520722318286	0	-1.4063223658132058
.025233894631477627	0	-1.5228906492674956	1.4552576025035657	0
-.4947461219065325	0	-1.383642578309747	1.2739741734089356	0
.4245845729617662	.21837989302998723	-.9744269768594294	-.6949533810330619	.16700555340498213
1.1393923589939472	-.1066184456806778	-.1296895774761256	-.5062124711225306	-.15309704477353855
.8148240100547199	1.284411351924387	.3279068745013881	0	-.8822595352287637
1.2137285042604389	1.2608597989972896	-.058946957121957425	.7483418299787545	-1.1601275343203015
2.577662294250516	.9332288395530265	-.34532220180848966	0	0
2.4212912445265946	-.4362417472327151	-.1519651717454883	.12034395783260354	.46497682579056354
1.1729929137270279	.2247998361024119	.07822554846655966	.05110829640293546	.8960479285230794
0	0	0	-.4437717627372517	0
.7319322521410013	.23339774228551755	1.5764141134796605	.416772332716041	0
.5511161930966754	0	1.684213272167007	-.28138034555059327	-.622926872691739
1.8118753499831741	0	2.152548210749358	.7334349845848844	.6774705658867645
2.7835946334238266	.426545047846488	1.763473369163275	.5240955518897739	1.689461879916891
2.9556726720767257	2.197668269065853	1.9586787832170227	2.1257507621855742	0
3.255121082763144	1.5605747024943308	.46318573283748216	2.1110780911341567	3.765904278602852
3.5966041031669835	2.518867045033294	.6229610806267198	1.0104267416704027	2.168431429768292
3.7088106500833473	.7674374290960375	.4711605003234435	.6272642998313571	-.1368252027070277
5.13533999583694	.8129591710833276	0	-.328678848935796	2.5585598326183154
6.235508136577847	1.2742329931515646	0	-1.3729594857199114	2.265911438710697
3.871125553428289	.4117855579447227	0	0	.37666117632976936
4.922727393007789	0	-.9383236784047697	.7361411459706944	.6924739863328647
5.2900048162717255	-.20794941045576898	.3599254770281596	.44077806078973414	1.7828045699615942
5.500930948610231	0	0	.1353684440979605	1.2963881910732267
4.71324699131521	0	0	.8065834810859015	2.699471684698111
4.964903637833039	0	-.2102803648116648	0	1.1385622168220002
4.023464524006479	-.6130392210328272	-.09656068219926273	3.5012290196119182	-.4956761020249594
4.377780935958606	-1.0681823153247998	0	.6134230072543798	.3706733250715336
3.1522209187373775	0	0	1.5539793746777477	0
4.677752066807181	0	0	0	.09384129778936612
4.857034102747504	0	0	0	1.2907950731227809
5.987522530506638	0	0	0	0
5.461912717452222	0	-.6537266597550742	.710651573144939	1.9843837573432745
5.120339420515158	0	-1.7870538659534354	.5262788471847982	.9159415939347484
3.8466322279823117	-.3520368851010286	-1.6134888127684057	2.135783069108779	.38923585595911486
2.2853836102266425	1.279611417230936	-.20447174207807883	3.1480529080208566	.3677143097960314
3.7991680242777885	1.1205183475121183	.934260463106616	1.2125761373937198	0
3.8514879782801237	.4230821002596011	.1562447240852577	.050383709434227764	.8231257710963306
3.8469564234696767	.7099875478446963	-.17013915615971545	.9963141046117556	1.2690708825462287
3.2150032114257896	.7535889153486882	-.5801149850256077	1.5653023162677884	.3623658315474849
3.4595849156235143	0	-.3534486566122562	2.16502050137801	.5415803844476592
2.729337835619279	-.44903802251838304	-.05200815190068468	1.7742990683723692	.21722448778086312
2.995839557611878	.2672663368033168	0	2.672432195694981	.3628789383525158
4.1851446974706565	.5260957197067283	-.24867689951096622	.5021952225077531	.3526524049207297
3.219208060192594	0	.22686556566208227	1.528813232145905	.7393003726736302
1.4568226517637577	-.12292092649157801	1.7042819850172668	1.069558546306959	-.1370650120841815
.9822973555033476	0	.13555345691576612	1.9696280003213409	0
-.21830510184206417	0	0	2.2476450489525077	.4228379360372348
.24773141266281476	.6575719565519595	-.4995115323801073	-1.012882864573022	-1.0456574945164114
-.4187536744073701	-.35655893321010285	0	-1.504073390171879	.5542834928770557
.23437477175522628	-.4648999992317784	0	-.5809118484656732	.3600317221392467
-.8494019776808723	0	.24391125455040408	-.8710952005636591	.163660114344521
.8959927583694195	-.341010701175419	0	.9230121503680422	-.5348059131413936
.9606863057916011	0	.5581535412175167	.16425452218803915	-.6933587428902056
0	0	.40795109745834984	.036503250175697416	-.5232001753505409
0	0	.07071169611485215	-.5424740074329253	-.2954283857933766
.4406602084533916	.13977783791703555	0	.07397959989406305	0
-.38057095489712917	-.03746522632399925	0	-.18287710762284154	.2493906044813247
.44970738156716084	-.6855298669864236	-.021057711274814178	.7759902071507401	-.5188310686918444
.9698123878682569	-.20814400084814197	-.4576179750727441	-.5628570937135482	.9605417252845282
2.8529282508091227	.6081164232101656	-.03185086076136601	-1.2571935909503194	4.019607175028178
2.860718509114197	.2680821010326425	.9270131972239344	1.330352931951428	.5898660408065821
