x1	x2	x3	x4	x5
1.4146953131194135	-2.8136081348537907	-1.5224787484127362	2.273844510188436	2.2188841780441133
1.2983238270162643	-3.164842779966553	-1.4703000677367661	3.5963584722231268	.18340425177805514
2.805411153806451	-2.8009615868787927	-1.2397900290514836	-.3267220195879632	0
1.597004599689786	-1.0762509871001016	.3438100396588756	2.977731563073479	0
2.2066197502945544	.2300052635319968	1.1052686533891403	0	1.2589450153222916
.32759520718188107	-.29978714207452956	2.0792803454501003	.9758939839593317	.7247616185985474
.8703591191085661	-.687551334977206	.4034569422434378	1.2632327348954866	0
2.4314280334438245	.6748796143205799	-.11562850668092378	1.0221805472491625	.6181626619006981
5.18563441370061	.6938211952671549	-.5945151368021326	1.2768630900285332	0
2.4744077109651186	.19049657921779417	-1.1114133232459675	-.7294218142065989	1.0644699835201896
2.1631315503930573	1.0656553196355807	-.9507026608756619	2.1144859080523832	0
2.22379878375029	.34030410570008424	-1.0015578799436742	.9508162606146089	0
2.227610106289449	2.084758020601553	-.34919018775607097	2.07088901854664	-1.7966770686323221
4.438233400498024	.8107685665146902	-1.7671878266770316	-1.7200729488651505	.4127769494209216
2.8691598238395937	-.22387799719856227	-3.5084599790437387	.23908259073451155	-1.318413684532586
1.7356461999064978	0	-3.3170494071349848	4.093142851730812	-2.9115724391196713
2.0685716263350344	0	-2.336837445253688	1.4477932726712062	-2.184319574573761
2.183928268079544	0	-1.6372082420528462	-1.7143560395909128	0
2.267422467846904	-.09804720285958868	-1.1036200333748327	3.2347299988742857	-.4259736641714227
2.6894381922348276	-.5784798621424501	-1.6992796236325172	.75363366039643	-.243780273504977
2.821510390817082	1.5298559134392296	-2.290345761340459	.7027022751222598	.6872560652410011
2.8967277096120454	.5405369770690988	-2.370640708890457	.6164810073364241	-1.8420179504343361
4.034555848687085	0	0	-.48465347546015813	-1.469364929404926
3.0388490213308215	2.488251993731199	-.16569335141725652	1.2009593000200445	.46066834894913056
1.3816276574392286	1.5697444712929165	0	2.3224204552219905	-2.4077159336466947
.841171313037653	.7239807249879973	0	1.082427402192362	-.8171548730511305
1.9135222498735294	2.7723210922416937	.615035841690595	.9903698003223712	0
1.2425561623202916	2.366864395149573	-.3320660797184738	3.959699409631073	-.12616798469294033
1.7379121153086272	2.141495623214835	-.850539728544649	.04687866603446755	1.4897418756365646
1.2512039422682237	1.3406284787347091	.02067090728064695	0	0
.6890265125902294	0	-.6034078593900886	-.03166628103835478	0
1.3213057230273328	0	-.7411339755885096	.7887830515988508	0
0	.46894408496479306	0	0	0
-.2410177823966357	-1.267782218612291	-.42832489078178654	-1.1602240103560242	.0716377431137798
-1.2232956459422772	0	0	.06521048441325283	-.4089025748532287
-.6816291143679639	0	0	-.14831224092606154	1.4048090702145621
-.006951867359795038	-.2964934669380226	0	-.024240874418699404	.10506230836646334
0	.12943253809628436	-.1436601184597971	-1.3190248917883114	0
.38376110902206606	1.255182892081298	.27045492524263437	.13440087301339662	-.35995231740648836
.7756759372532966	.5334457429088947	-1.1878876410112034	0	-.496533395752255
0	-.4135658237939037	-.9902621952212233	0	-.6495204584572698
.9357589046790287	.5219432433890119	.2643632721161257	0	.10518401532504609
.47022502506743413	1.7555095155837597	-1.0600487043349966	1.7442516708739388	.11733214922852991
.3456390679854656	-.4995071284203563	-2.120550352412705	0	-2.081674561869285
.08220289958272159	-.6927468775750564	-1.5132993043124976	-.0029354527797960106	-1.8486173009068925
.5439100965408915	1.0693935087511393	.4601403963805827	.943863407288936	.6329544833869196
.4436577630201776	.15924530018124916	-.3171837564567751	.03206548415612456	-.4147117873830954
.2142939165715623	.14634649137713468	-.15598022467495443	-.030500537992953186	0
-1.1695112430607215	.18458192186904077	.11636944712727079	-.518509207832764	-.9675991560051361
.7301886409056149	.3153983099085756	-.12643532470860763	.13496776316943435	-.9478604177304365
.4784054235564295	-.5641305833511737	.6732078312642651	.17034422541698893	-.17574423682623924
.7284735454793918	1.2959988370362794	1.9307361081464771	.6621022646367137	0
.18606826821357153	.540639150111228	.37115867947566217	-.0906119513370594	.4769248628975646
2.0655098845203086	1.7521046856579439	.7707097470652843	3.5859218682543634	1.932784634260224
1.9435540876336286	1.5577652808605782	-.13753919745957688	.9837803852564214	-2.8600338322103718
2.836132863008515	2.4519687692121295	1.251131425283217	.1256197323562742	-.033368105315543906
1.1227713573239952	1.7513392815417985	1.1837486220675393	.4082234017716721	.03595987416517554
1.7589577171566853	1.4914868170260815	.2413951238552167	.2923634851001832	.6109910553414426
2.839413862717132	1.9322862812597914	1.1593789502334766	-1.6212608313305275	-.612302175002899
2.8147272093371565	2.2383963027170273	.937814310976429	.4502875028266523	-1.7728898848271293
-.348113778675309	0	.2524811425640144	.3445240940136715	0
.7264338149519809	.40172113208214266	-.08905926470606917	-1.1493480703990218	0
3.091852282764857	-.4468425610823063	-.41075982162257596	.38086723078722673	-3.4709820833656964
.36411147446987546	.9060959795604259	-1.2994950974767634	1.3031956603912542	-.07253110703299465
1.6120519007369447	1.648509510621751	0	.41803247269047794	-1.0581801446143135
.7132137383814907	1.3434397044255832	0	1.4759253307949356	-.5152589564440871
.47705069147822177	0	.3022154781530185	0	-.5242106670565198
3.7350682760153013	2.993753320077933	0	0	2.5174089982709287
1.767212139433192	2.8043844149139474	-.13702107175130068	3.79795475985443	.7465580902352796
3.960602138013153	.25473245680646506	-1.3763890489084125	0	2.2211140031450016
3.469357148356904	2.4945676698508397	1.2391114837920196	2.075177754539301	2.4889562929359528
3.6981581767182474	1.0855552274514542	0	.7704268448954043	0
2.0718474704076537	1.1217701879441468	-.2552286747924112	2.8356617264074933	-.3235060905545859
2.841959198459592	1.4392971380299515	1.9826905249723201	.8885692973250314	-.1842703501879277
3.361500149536095	1.2291171147995885	0	.9099123030888281	-1.3114477817866628
3.295145042053347	1.5548817260226182	-.6366617134914876	.73098337028301	-.6801142306398336
1.5130895924476517	.9083636000123931	-1.0231844747091707	2.194450999473836	-.5671617387382661
2.49858066778229	.9114246699673052	0	.2691831349955678	-1.287653343829966
1.415049736893546	0	1.2389142902774624	-.17826441680857974	-1.2932843296867835
.995942479665016	1.6020756463487906	.4164921229287489	.3681342665581562	.7726170139644728
.5229944311065969	.9244031883834729	.5738891976048264	.18697675289376248	0
1.2897016858947548	.583830601971619	1.076371533045685	1.373715404061707	-.22193062363575908
-1.2101017319142575	.7707887677114393	0	.8318000679441935	0
.3773912867725997	1.6431998655555973	1.090007702981307	1.1679048792062496	0
-1.0838626593277112	.5421110495872843	0	.7167406357091118	.957013014320355
0	.579871671480364	-.2283982562995982	.026488084024686442	0
.045945521500632976	.5626083531994893	-.9558906919072028	-.7151670364484732	.9395469630189915
-.04788970704524394	.07910957049318365	-1.39180688302534	1.5800997099151015	0
.6362686671943572	.17498825544759866	-.8317927407626446	-.326874801922999	0
1.2222546628085078	-.4962241040159549	.05975651595591125	-1.9405330782964794	-1.0306988111463202
.050101144470704066	.5447565382676851	.5311306196242334	0	.12306271786903011
0	.5788407873784016	.7564750451545903	.6498211241483474	-.12365430584104398
-1.5376433959995117	.827784964789374	-.26698719801638116	1.0723244641035827	.21894060108147945
.9887545023781295	1.0375861690771726	.42459934324997906	-.022042794696219004	.19881131756414655
1.2837998165880158	.7901214377936323	-.11683497738942777	.803001584252532	-.5951587193699097
3.325787117552147	-.2286873597538961	0	1.0302478227346765	-2.4653712426647383
1.4921409614040946	-.5539824724597252	0	1.8586102118215042	.5519727885327912
1.2605804099718882	1.0222634953923349	0	1.1442809457115422	-.07900961576006599
-.06507841377179702	0	0	-.6994930620779151	.8229652003972734
-.7974457969993194	-.6923288993832752	.1363490457604923	-.43317338220969803	.21890210484564132
-.23226605760684127	.5022926159475642	-.21628089328095074	0	1.6907320121163498
.07274417729677912	-.5796181689661429	0	-.028210835282793723	0
-.3409876862701237	.2146274082687118	-.4254702312638512	-.7112161140865416	.14728521022008254
0	.6579994125770862	.7487137515079274	-.6824788621214545	.11317408261258095
1.5565794692285437	.34900554117013294	-2.3352468053975404	.01251387942617388	1.2685664194449209
.965405557187599	0	-2.4852457812390387	1.6457538985279128	-.5835211730516143
1.9402803656383805	0	-2.9648070893510825	-.21805779574286444	1.0649193602738174
2.5461756425424023	-.7919917009463102	-3.9643698585972755	0	1.6807507296720212
3.4473529118189465	.07177680727849473	-3.1786293153053338	0	0
2.8173136071581797	0	-3.5110853291676034	0	0
3.58434986513681	0	-3.345151361873218	-1.3425899088499753	0
4.036120211583678	0	-2.931142130415189	0	-.14889766778258373
4.07087321250243	-.18796749919383005	-2.6381508399264932	0	-1.4968202681612015
2.618363433844386	.22708836212833278	-2.062237439601744	1.0046195900781476	1.803167523139508
3.0582366848157982	0	-.7669328485329736	1.5963072127352276	0
3.9291859865714542	-.5965534773173808	0	0	-1.3676267617730336
3.8488199636669136	0	0	-.4172123914074429	0
3.5519804692895818	0	-1.1955040842162945	0	-.36208832500737087
2.734665001288548	-.3348068121283745	-.8509156494587835	3.4884623142124074	-1.0582036660851837
2.779190641185959	-.27640558470084203	.08503260421723458	1.4300919622290782	0
1.97762783956613	.8487729470456682	2.3259859878170754	2.302175549822185	.7587612038004782
4.766086075043209	.2865892757327926	1.0662328155262961	0	-1.1028670022853806
2.7595525519358564	0	0	-.21976267137894812	-.34881813625212715
2.0381692983915656	.36449327828915995	-.32097657793182194	.808057914100901	1.9099878626631437
.19140164849338914	-.9696551750022168	.2096814415618874	0	-.1927264468645419
0	-.8722825947073205	0	.9197674001840507	.3952913707778067
-.764580297549025	-2.059674330290308	0	1.7037767998543623	0
-.5988724673637076	-.4294490012922273	0	0	-.2391571372449211
1.317681582377591	.8951480960123551	1.6547716817352143	1.076405362196957	.39976814185725923
-1.6553836977283534	-.3564167228764854	-.4557472210723919	-.4499536019126398	.8577290020551804
0	-.1413175999767523	0	.15502957613655793	0
-.628651310048329	0	.750074410178542	0	.4473706142986019
0	-.12905678000804363	0	-1.4959587737527755	0
0	-.5802316267432677	.6103731970215911	0	.6510197069030765
-.4766259225926122	.06435582421800695	-.09181327561454128	1.3192663155425532	0
1.7536163981991617	1.553149539438782	0	2.157061108465993	0
3.2263303054712296	.9785523987454571	-.3525358418350353	0	.1251879284598617
3.1175958884716697	1.2587618842769728	0	-.4459201353114597	0
5.205033223032042	3.0438123837805535	.029857783074248412	-.24608838063554161	0
4.335789188889471	1.9777315216002134	0	-1.0616865624406793	-.600087787247582
2.1398246452805214	1.2537801064952547	-2.0844802788480763	3.591578438400694	0
2.534351247249436	.8861240811243885	-1.584688446423086	1.7476749349151985	.8317535697903774
3.3907821307431445	.7200172915769684	0	0	-1.0087845333798136
3.034339076960147	0	-1.6268178748915905	1.4749328696900808	-2.637882750123489
1.776225291027513	.19248937487104556	-2.7737962042158593	3.2553049413859316	0
1.7809326681317401	1.097195555463701	-.9199750294555562	1.0554788403939588	-1.2816801964859819
2.0586245079629606	1.503187222798	-1.343248555983425	2.421868125007694	-.6306928700383275
2.880264309195608	1.7333167980233233	-.5266852385630398	0	-1.1931193004807241
1.895966861799744	3.3138594552812255	0	2.9516815673666885	.7215827363908537
1.8613790973959894	-.061294490470007124	-2.21932777111971	.9316482690501277	-1.2411729197905943
2.383920110360007	.5335826559797519	-4.871380803869314	2.8787266039655757	.5491023013292435
1.347989107698222	0	-4.05245772598557	3.4048362863213733	-2.156231842860229
.8911523218722281	0	-2.811266218558953	5.4812892814543135	-1.5525365354985274
2.7296438313171167	0	-.19405350416862732	-.11944363117874532	-2.0205955763003125
-.34198034747295275	.8231724017735396	.8725478642691636	.29900935291128483	-.41061965051259686
.2835167056461662	-.045328222271077245	0	0	0
2.460920719729568	0	-.08609169787597809	0	-.9815987017672803
4.390281554937983	0	-1.5269646538447985	.1213823043974192	-.12060378082009404
3.2743317134695817	0	.3413107312754195	0	-1.529504005161281
3.3621640879110215	1.1841591014158948	1.6518428169340338	0	-1.2016727611894997
4.482340288164835	1.1572684168594642	1.998083294965248	-1.8349676212272723	-2.025777355206872
5.441562794182998	0	.09246687008786753	0	-.9607713799185853
3.5628550892212663	0	-.06583648273355253	0	-.8694041082952924
2.2831601630852845	0	-.5852430176628609	-.4291547980810645	0
2.8373717902575635	-.31723322908384727	-1.4107593367771323	1.1526063058222995	.4675760267337103
3.3476500141414345	0	-.8149684423845501	2.5987563295473555	0
4.213806238075331	-.05199352111410628	.4282843667399451	.8219158168512573	-.7817323727864531
2.438728824645677	1.0049529631717762	-.6377090149533391	2.7412561555879367	.2646157022911847
.6850151838241899	0	-1.748454520467067	5.9044191494620435	0
1.5551341704702313	.38949519407203964	-1.4382518957431139	7.050544057076241	.5224878200641516
0	.14599804002986844	-1.967265327203202	5.813315972244915	-.17507100207182363
.7848821747375698	-2.104726322093603	-4.332348946092037	.8925044865312837	0
1.2664233437515884	0	-1.922154959607693	-.42761131359100724	-.658569385259927
5.067250444749465	.5919942440271719	-.47014016677734016	-1.1625792177703136	0
3.1905385694093007	1.8836538405353884	1.6303198785872244	1.214990178978306	-.43573796921537167
3.1098381596793954	.8385613537691226	-.4893135234011389	1.0305422774011346	-.1516145091904627
.6107310556100392	-1.7758243439941863	-1.5573930670253775	.7210723442373326	0
-.3754744336230914	0	.12658170785062145	.28024179811301775	-.05870110196001399
3.868865643741332	-.09216766676419261	-2.1578216782773327	1.2235601503520577	-.48282137666131075
2.2874901632147906	1.1045785248100084	-.30732538078723404	-.5722649552459492	.7328817658710673
4.002521336537449	-.3421591370597677	-1.4719465035243349	0	0
5.356174374368373	-.26362447252984067	-.5534233823970771	-.5011528243411669	0
2.9734622936717976	.5614798901127936	0	1.3876399512440933	.5366854585639125
3.2206156833672424	.787943411326022	.08499771121026845	0	.999100570327311
3.942470141591209	.5533141051354505	-3.310055876470976	2.29767400369832	2.976836367199422
3.551296712737265	0	-2.882516862652409	0	-.30717477005904414
5.136576483810361	-.45526390980446546	-3.20480819091075	-2.7188861157739437	.31195219385140915
5.515680495099759	-.47812124519306215	-3.8213788454817723	-.6383130339449709	1.080389389707007
4.332440091522906	-1.0330593921831706	-2.3885532042160063	0	-.8546385280883055
5.07726447158222	0	-1.574632982429757	.23581942846478196	-.10819897769550368
5.205982007535386	-1.8580117064245898	-2.675045117954193	0	-.46939076559830983
4.754034804764963	-.43936030129966835	-2.4900189836488646	-.5731534873202853	-.31074323970455187
5.604587595375594	-1.6507255547163249	-1.5874497761784365	-1.1295271868800465	-3.13833976164578
5.147905093302772	-2.9944245050703286	-2.867627137909954	-1.1619613676052836	-2.765654200967991
4.62235902269125	0	-.3348934305842529	-1.2995851480103908	-1.3800857501744395
4.856368210679426	0	.15424547490176355	-1.450256011692448	-2.588234737119304
4.197122187485899	-1.0676881104776585	-1.6624720347172537	1.6262995234562325	-1.447366306140688
1.7620931537105078	.8531003942741477	-.1129464835944286	1.6970638733720582	.3207323704377403
1.9548613422463448	0	.3307114316285403	.5810415914859103	0
-.6310694985043764	-2.0024069669323294	-.3687668736087166	0	-.8792293072768084
-.47074677000402465	-2.5242043880647165	.19188201711842479	.5339727765535784	-2.4388702645631
.0744821693788762	-1.0844470864750044	.07569459876993273	1.018956428088905	-.5489959185552846
1.1380974495357064	-1.257167093313164	0	0	0
2.1117012745309776	.2956113506927277	-.09073480427850555	2.010763217793211	.10875604099044023
2.0906512490431144	0	0	0	.49315583817409187
0	.4827986255568482	0	1.6445791454507876	-1.3903111216381707
2.283788185646692	0	1.812668800450798	0	-.9860177859416807
2.9250713723607777	1.02642693114703	.20322276410378376	1.5094173773951445	-.7372472947618758
3.568485745650266	-.29533855983137813	0	1.5090716384380527	-1.266689854706291
3.1274961926714564	.616559586607187	-.8311242867690757	.28731426704554897	-1.1619937925057013
3.706815965309218	-.4346017510058432	-2.448913568349254	0	-.5848189897854338
2.740170608423463	.1041295002703409	-.6569123628228328	.8552904187931473	-.34465217077154
3.123906293687865	0	-1.3601927526357112	2.119575220739313	-.42916240931573896
3.406562743534672	2.764346414127254	2.003285764744928	0	1.1891973734719028
2.6053001989117366	3.1205933250500624	1.4867101345028457	4.051536599075286	4.689323881871213
2.419665141717135	.8481432558449957	.22561137089929645	4.518349240228235	.7208952788609972
1.9827767644845509	1.1537598551398727	-.24086660706124433	2.005531830118815	.17286372147683873
.9591425689723928	2.0673488819446826	.5800713633152248	2.1158205665765757	.8128494469731598
1.0291017423973852	2.1328859398454374	.8725639334680232	2.202164333862566	0
1.9837029334309704	2.3881552579051064	-.22765890314324888	2.1991218100479557	.5085605293428439
2.828791190155146	.5930492773425482	.44288597930017437	.8209004818371309	-2.6631493774064374
3.416770148988543	2.655772267492014	2.335434646953152	0	0
1.9923326198528835	3.7508211214227014	1.069479494490384	2.097078471604223	0
3.056235964277834	2.3326554982768153	-1.3975001016539175	.5622588843441587	0
2.223394968018125	2.9409925352375965	-.5049078180673723	1.1959783885576063	-.3240804908049102
2.3802183258435763	3.2606462708219315	0	0	-.4487069258711668
2.1038187502031236	1.0617314080781945	.5783862475900821	-.2306552215993598	-.47399688472712365
1.9450435285136305	2.3448219708457883	.5896826338676497	-.5298206461318009	1.102366984645735
1.9959826289202225	2.0055946326071883	0	0	-1.1628471063559942
2.067450025158898	3.055676079661773	.6866638248883858	.3154926165972367	.277879616231412
.6589911802322469	.753326190877555	.5439894849095176	0	.5329957132473819
1.7773702687131725	1.9836854393252044	.813778620838101	0	-1.3193321499815385
3.694538511849449	3.5285572947531714	.5933795420182733	-1.2611050286964591	-1.2105496107014153
2.824298760294676	3.371840208724399	0	-.3272958936008694	-.001873827472808648
3.1683450833477314	2.0699612112912744	-.8661576858221791	.04876873023933467	-.890718380828028
2.143720593894182	2.3071141731187295	1.418064965944276	.9350766311691942	-3.3098220035281867
.48225273541996894	-.5668874509134778	-.04687824683652969	-.9169318094122084	.1610820902886666
.3778859025965675	1.075875677377379	.9137016245653692	-.7803681868017754	.20238706427327371
1.3423372261765412	.15841014058449432	-1.0101104318114638	.04017488493648019	-.8236635139047319
2.4871003587766296	.490904385746354	0	1.0799270461550834	-1.390674767270454
2.8780887611467807	2.185746193764105	.8093539811038943	0	0
1.4684018426592023	1.701218704728395	-1.0261426036217223	2.7241763630471905	.6016980059926674
2.728942423136566	2.4550931966840595	-.79731658498451	2.4084481641940596	1.456016610828876
3.025883132829058	0	-.07403601430832174	1.4633186020890903	-1.275372005385431
4.186224776037104	2.096317179563834	.8730331528057441	0	.0031261227006579295
1.5415317300118752	.3463869984174942	-.3790787164137431	0	-1.2514809390044679
0	0	.10492763558854512	-.12570257818746947	-.9447201476571043
.09409733735269121	1.9616170731603355	1.0480486145774872	1.9232274414921706	-1.5047684451476209
3.147721202071359	1.0356828345483644	.3117704251916024	.17818887848381337	-1.412114828079992
3.2782618305623674	2.2345347593743115	0	1.577434975022359	1.3389757641812716
1.3562571491116118	1.1856235787339562	-.4890653073412369	2.8200097669618023	-.5186865079318002
2.4486658316096	1.7985840922654097	0	1.968340584699083	0
1.08790292227807	1.3512587846484325	-1.3589279589336862	1.4559871748266864	.829848482094301
.3930480534965175	1.5471893000497674	-.016326087838777023	1.6913114890168777	-.956454137192869
2.6947715742835823	.6838047615186201	-1.1432747640224905	-.6063179456272538	0
4.128983158852806	.8222536969601713	-1.2552555760915929	0	0
2.8974966452663824	.9041268907848328	-2.0166944704721135	.1811088777248065	0
3.5041359957692535	-.42815320999730566	.1625030306227112	0	-1.9249075933181676
4.0851019499072025	1.1478016083982854	.3394791986389255	1.2924999204769074	0
2.6661610234746744	-.4232224606575751	0	2.526888191664185	-.4246588198717016
.893408368782505	-.17290987074890207	.5701052900279322	.42755319193591806	.6862563273236921
1.5205872264596358	-.3819734648276101	.743546212558956	1.5880182872772095	1.3784928870889497
1.1777547003956585	0	-.08598096530139038	-.3281379330273345	.7971841828984837
.16435123840396748	0	-.6284384288686525	.5844952254348124	-.37967023570532343
1.1864692233274121	0	-.25296485250830714	.9086442303772718	.9696494514516701
1.9441944157921875	-.7555898538265208	-.6722293068309578	0	-1.7930264888400418
2.6644504034238743	-1.2747059155906844	-.3721569252995208	2.5466028060582966	-3.3761953056348837
4.068363936561033	0	-.21929299484019693	0	0
2.436102881536234	-.5983504204579149	-.39670455586594355	2.7517011542809	0
5.300821150765145	1.3107147633516536	0	-.3951930191698403	1.492096285797829
3.54533209091307	1.553473125238276	-.1435799373071162	.20684161973465176	0
4.839323952544758	0	0	0	-.3010996896911017
2.408019290250704	-1.1060527200008337	-.3584178262881735	3.0806721788938187	-.8414557226900787
2.693634338680388	.030801833202086515	0	3.103796682612227	-1.3664094013622083
2.300985888197789	.8197147632608228	.7169882316801616	2.970618876498171	-1.0775487762411569
3.916405855650728	-1.0792417461869677	-1.045996816839507	0	-.6378246832641501
2.612693816808213	.4932821015424523	0	2.87879273123659	.8404868231415219
2.3379669071508804	.7803576840805807	-.6738816632538897	1.4262067267917033	.2515345111808802
4.117432222267288	.6668361393345916	-1.3698441619439665	0	1.9289976371132034
4.104606931810135	1.1148540824610336	0	0	1.1715044420566696
3.9455212652096954	1.8119132148001704	0	0	0
2.8053732510223126	0	-.9726014316986142	1.1366398186278872	.38733904761656146
3.521367682432733	1.1912901041665516	-.043194159046375136	.6243148005948302	-.1583004173958031
2.4524492180595217	.32979992747975884	-.13223340756486046	.1822753404979356	-.012275041423933097
2.621848494541957	0	-2.6040253841276524	3.7982074602439075	0
3.1860588722323375	.4675147117656215	-2.40890543403588	3.74895677016518	0
2.7643397048037874	0	-1.9793384281961375	3.5522932692687688	0
2.267153227244399	0	-1.914121292890051	2.956378450001189	.0986741436343079
2.07492785870045	0	-3.080132392723507	4.2819083810667635	1.0271436255867858
1.7001298197397756	0	-3.9805338027000703	3.824690238317956	3.1211154835249486
2.7034694860833737	0	-3.617992894990407	3.564835412369855	2.7810973095914986
3.9352942489494045	0	-3.415976533211917	1.793363361438834	3.4397821452118467
1.927969819438577	.020844929850085375	-.5516889783511365	2.1331607231101497	-1.1513787987147308
3.8661328605919896	.6959439415899766	-1.6086781329952258	1.9467925912478319	1.6272721349575932
4.516743517415321	1.2280887066306858	.29310298758084585	0	1.1350032284369802
4.12803121002323	1.996308813780089	-1.4336343570996601	1.3379104407887352	1.7740773174372024
3.8824803171428033	.2687302328622794	0	-.061706036905479544	-.4406232831681075
3.0255819478367414	.41092476784762544	-1.3613552369436608	1.9367316533821184	.14422191154928832
.8123655127057006	0	-1.5358949284325192	.9830863523661667	-.2958266741375165
.4758473561611116	-.8376432195708332	-.63074281993842	-.05934848356558825	0
.5654748218746176	-.854587984183787	.5070043268733578	1.919780491386414	-1.116275009802437
-.542460383056417	1.0222799451751725	1.1014629598981278	-.9531895290702868	1.6144397284275858
.3899093388456869	-.25205209841371773	0	.06981314961549218	.14403431876395126
0	.2552752990035145	0	0	.8806319464218688
.42682888868469626	0	0	.2812964952858623	-.03711552066274196
0	.8589994245053552	-1.1342010679775045	.13719355893207308	-.030282051027686302
.4608001965110782	-.2607042197422952	-.8192405810989521	.276897412903039	.3042263502671846
-1.4660543070247924	-.8190840764513172	0	0	.49263054107253534
-.49424332856842107	.0597072849488262	-.6864919856355325	-.4766711487886497	.18459321217645558
-.8371979414146572	-.8777011763190161	.14924588148506568	.7421416480069429	0
1.27536437682515	-1.073397979509838	.19732536946833257	0	.34341824252076775
0	-.3604371807621198	-.6314681938304781	.1683283166900682	.6363279153945444
.8311028560666295	.24454539500980316	.322619316309194	-.14697371796230985	0
-.018025238272274757	0	.46917053752478055	-.14335325199787968	-.3776169268804002
-.19429633935363036	-.440871219118659	.5221368548585246	-.0047539243439262135	-.09521876308473994
.3445347637556564	-.45278556560985894	1.8399755556125155	-.846273679244259	.5670280328992059
.4556841987880185	0	0	1.2642353713979066	0
.0026179116614388764	.12695103534173968	.3115870531994057	.14245202862550665	0
-1.4049284034327527	-.7389564333106178	.7358358797732395	.031715963159896145	-1.0367107326577347
-.00932148026105628	0	.05605808028735221	0	.5588271127215512
.05077333216272237	.5721849507435867	-.25952083518091484	1.3501367851618422	-.5830656289517279
1.807686448918512	.4380071369626952	-1.3755366980459742	4.53747598251503	1.1725271199113318
2.378807771976701	.41895192570636386	-.8994949830007564	-.18548937216766442	1.1575861589537557
0	.5894768129836196	0	-.4294060136097887	1.5055720739540956
0	.8108396442298822	0	-1.4659935111706104	0
.5549396186060115	1.0512776902378123	.9114792356710419	-1.9466736391083215	1.2448793625350325
.08201758177114657	0	0	0	-.2215347393099455
0	.2567330308459969	0	0	-.5458508143847289
0	-1.0880950092693151	-.7579409386957103	1.3875439475497917	.6409593550167216
0	-.5226336360251549	-.56501785370734	0	0
0	-.9741296818349929	.7319638790550623	1.890091252197513	0
-.28141282816491997	-.02236439927010414	.48566704670547345	-.11898869731379458	.5969559801465473
.18427238009988556	-1.0527565333060682	-.19403910309205918	0	0
.4752683546847048	-1.9750681171166005	-.2595949277370796	0	-.914565543588819
1.2750178120935074	.21083790764042687	2.383697895946797	-1.713078488012498	.9628831035498655
.3802637491568025	0	.1327653426130445	0	1.195661181722094
.5415563925634328	.09143909346774232	1.1997646091426935	.15446309684952794	0
.6865928924142124	.8283055085855188	-.8687034525295092	0	1.3099242395985675
1.7083624229708856	-.9806398477849417	-.28355597066647	.48997005154647333	.338511931922659
.019281875206280996	-.3901972001927808	-.23462340699979978	-.10011232228153799	-.4901613061525434
.6593451535031174	.48916473101500224	-.7457571451625609	.004375182287074453	-.43200090463957885
0	-.03983824382392828	1.1500393909363367	0	.6396124484820097
0	-.541587262376774	-.7202047679368859	1.1250335956123068	1.3502000864075625
.764065065822207	0	0	.3332179829827335	0
.4521351419576745	-.2331068891248085	-.4637104627526033	-.2605478164402526	1.0679794336269326
.36907672901548216	0	1.1272642791522454	.5162298389461412	-.14539211608005354
.4557170558964064	-.5375431240195261	1.1957757621327871	1.4007032481651969	-1.8079005228370173
1.3632989029082854	-.4858878807228224	0	0	.41881209655438306
0	.8157339737325464	.29425111375750246	.5936433540760715	-.08157592578623553
-.23997132580611205	.3356253446856936	.5238431078604281	0	0
-.8931732119173927	.5386040715547689	.6503174712044061	0	.6416347512167664
-.10627998738204113	.8604914948320088	-.3427364608781178	.6968343021795879	.19228389334243376
-.11170982745185107	.4293869164107985	0	.15116575043743302	-1.3559521923427402
.629694751823126	0	2.3769321295782744	-.2554483258989996	-.3124997114738418
-.0991531431479859	0	0	0	-.3392099163819731
0	.14243273977437382	.9752133483301176	-.9221699163289645	.5546934652446097
.4556414028246603	0	.19345054699281874	-.6326107882090806	0
-.2531088332403995	-.07179437197249788	.029777402149670687	-.4464246098269231	.13313606040794435
0	-.28181701803687953	-.26611100481294275	.5731656811336996	-.14516898016274127
1.0982731682185671	.43453958107992385	.5957751177215327	0	-.27144058546560745
1.3459558671072387	.6068674025019359	.25471557184683413	-.7116948300314988	.27826294520310485
-.30706027196569874	-.015368056867537616	.9280595375074454	-.35078466360479726	1.3945726201933453
-.43064318788581446	0	.15588696912342986	-.07128797232205869	0
.8643098580488034	0	.1766401289391623	-1.3615424245235397	0
1.898125695029636	-.3790232981853536	0	.9357039065375263	0
.32374455462586227	0	-.35210435220783126	1.7649147879640101	.14870236312266427
0	0	-1.0929752028710735	-.24288989691086227	1.1081722964815843
-.4781879489885386	-.26542082432523534	.10072550992136087	-.14020336896384789	-.036130879085608414
.736914047990223	.5649920792546214	0	.8997896462682504	.16378386168605774
1.0895515547970314	.7045299815264514	-.05622589564649078	-.31803286071857684	-.24503569395555497
3.0344577808752033	.6484036721973481	-.22333226838621617	1.562978464100246	.34145911238236265
2.239122779668566	.29063715698964243	-.5332326535053642	2.296502402622889	.5915223422722231
3.346113064600419	1.9117359434688128	0	.8967944004633868	1.2599867597621204
2.6156654294615973	.8282169463663835	-.7181155221007146	2.771484763307097	.7409290928233042
2.4548951563215575	.8123771453394375	-.42462027977508937	2.6009186549231713	.9399652657592932
3.010853128989576	0	.1433615862209451	1.4621358561654008	.5718988497975794
1.9339640981117312	-.09605315176358423	-2.109576063420648	3.957168463993043	2.81682131575535
3.593775580289483	0	-1.2589288680490567	3.2366643465899534	0
5.1889537727488175	1.4716765307393473	0	0	1.1227056842635301
3.7785564976521075	.20391523797237104	-1.05060967436349	1.5630575435382972	1.9587614897019372
2.9523397331003234	-.3269791960571986	-.7411810209398255	1.0397190801522573	0
3.7912754735399576	0	-1.3151770810259498	0	0
2.161642889196277	0	-.9369904334253905	1.275438754425544	-5.1466241643150585
.5552114669308253	0	-.4497454881949376	0	-2.3192431984101445
4.3045551299179925	.9165658570020406	-.9770319073020972	-.7312704843504811	.6455132239495098
3.7540766498289306	.839912877057694	-.6330349855138278	.3390238530618753	.25815728513237984
3.5012411126192777	1.0915709677227532	-.3170503112260731	1.4196365224906027	.4363338718600208
2.8040110465280152	1.6426427015069418	0	.7707107543468028	0
4.220488429421073	3.206158404719483	0	0	2.3167879745067075
1.9975541245667605	1.0144786116362254	-1.2709954841099076	2.464573731601914	-.02994244396491519
2.6057352483821496	1.2502611461490778	-1.1451688587030215	.5583102008343803	1.4505357930824188
1.016740662125085	.7393439961961381	-.7282154767276819	-.07893097050420861	0
0	.896444588884288	-.21165082322204593	0	0
.23345532314169787	.41661476673060904	-.7493152999035042	0	-.1195560769307841
1.8441760947317904	1.2758826469208895	-.26050554362334183	0	-2.0890921180413273
.9670715518707306	0	-.5923694358102012	1.2484703305725111	-1.7740714599175242
2.766093834705279	.07252971531125119	-.6962988285772067	.2956828170129754	-.28991355987830597
2.9504869892696433	-.7237468021179245	-2.798734983932769	1.2064054093109766	-2.822437732575302
1.8956049054548232	-.5712727961431654	-2.577123486031245	.7758259907089244	-.8638417921010069
2.242344051636353	1.2513453948751316	0	0	-1.9128902302718647
1.4339449285228447	.9201624151949654	-.037465065582493184	1.2826456339055543	-1.4306403319331356
2.831076312131012	.5825736071341912	-.3972442859728573	-.6137000190005595	-1.4866862184522842
3.1658903358204546	3.078609591716993	.5001843202102203	1.9125890188011212	1.3296045044903073
2.573740190456461	.8355933236990156	.6527269005482315	.5931585930344512	.25086900714677396
.9145837400222532	.48905474265836546	-.10499987446089659	.5375731675324085	.38147242109903445
0	0	.22259990598198987	.950046928861988	-.45964267314094953
-1.0356536383155333	.707448004747732	.6773416141808772	.7180201081885004	.44545252453966044
.057975448195771995	.39692519584599456	.4479538383333672	1.0459910135802764	-.27445612729684965
1.1103528363028823	.8325476354749113	-.5755752787404995	1.4558686267083065	-.5390100012179788
-1.291152114511357	2.152166515787179	0	.09411979162754025	0
-.21365275336313957	.45786202703263096	-.6036226526603966	-1.6767804399780635	-.2035416218911475
1.18136100122963	.6258419062082705	-.9209434453282963	1.2393551596587693	0
1.4530526051717092	0	.05225059560729596	1.6179474906504039	-2.5320505492749525
3.871524425521053	-.9597234867807658	.4553477684025573	0	-2.7578731712996225
3.501659694491518	.9480897889068056	1.6031102114207036	1.2963867218384633	-1.969767095778951
2.992215735126202	1.015288962169218	-.5091942590045452	2.9344847603573623	0
3.3420918772307506	1.1201777782277493	-.7132327117417189	.56299954904013	-.4382549983963657
3.512610946367742	0	-1.8473323565120385	2.0187383189785875	-.9676125084622942
2.4117402559328953	-.28726789477566966	-.8181623945213485	1.1795680174143057	-1.4076966554358115
3.520499695472111	-.20315644377050796	0	.8104275150823902	-1.2242534220112282
3.8158144830408123	0	0	1.931001303215988	-1.3963994336128887
2.5780703683068875	-.39617779217124593	-1.3599885724922454	3.1317274817013017	.2494172898531798
4.083175650221963	1.5680471031702063	2.108512832176304	0	0
3.8529428057251014	1.5482548848392725	2.785323970819415	0	-1.24870357629525
2.9543551820535123	1.177159070054133	2.63586959157852	0	-2.736850633462656
3.0208790836482926	1.582899166545643	2.122751493261623	2.7234499710926183	-.719454147922528
3.4535144031797826	0	1.3979054091980947	1.981581847847298	-1.6559222973182437
2.65278030371256	.7895625740490921	.6247048070312794	3.486171537475629	.036241270893523164
4.4696333057114686	-.28238704234868073	-1.0971169352733194	.3442124288325029	0
3.3700855151190625	0	0	1.4287590915691561	-1.6765484109649784
.38004892897116416	-.8392198611310787	.0885003235350491	1.2141289610530115	0
.5113542481771067	-1.0320555653534202	0	0	0
2.6928848311638083	-2.0307725616939494	-1.0232373231129968	-.36117179455852405	.824913495251155
2.189077164430238	-.4100531861663043	-.4310350368804283	3.262987801536748	-.452212198556302
3.042124038909048	0	0	.8454578270561408	-1.0425849793926671
2.672326497158391	-.018250150123679698	2.020872177892553	-.16579840383041566	-.11467725872518642
1.1904744428696346	0	0	5.231613494170373	0
3.0027274151488155	-1.0451459814521822	0	2.906526348687705	-.4679885962243092
0	.9351232974137708	1.145727997193648	.9861915468715405	1.565204651700059
.07752031708682644	0	-.2139172670968609	.43575453276280296	.0057442370794283035
3.892816076432551	.20094588440153838	0	1.4011929886600971	0
2.9148396322240036	1.807893915381983	.5350096207230597	3.93626889623554	-2.4491489723197
-.1485924426980918	0	.22074919580190666	-.5218048946776412	-.28462039723302457
0	0	.14618323166641414	0	-.014677724039397932
.4049797243270723	0	.47767681902736747	-.19456516725293976	-.2796248782271583
0	0	.4876632606637865	0	-.1608744327031455
1.5486086603695823	1.398407070775027	1.4151562664847646	-.0666408499435922	.9415015972398472
2.3618121785242607	0	0	-.8337643603372779	-.6242854134987927
2.048593495197527	1.9118953169939679	.8816769279334425	0	0
3.469430658231926	2.0095053245651346	.5371224614193486	.9464062711197575	0
1.303148608842778	0	-.2456464138138716	1.8225532380036231	-1.9666814411658204
.9182872140279623	.21690920386990933	0	4.312430332630748	-3.797456130163952
1.4892382679606486	-1.5963562825106064	-1.2335404536754258	3.459357896779264	-5.217041082040966
3.6920734605672623	.395779199854274	-1.363176748299149	0	-1.508877622652849
2.5141845454121414	1.195797341979075	0	2.0523635533552023	0
2.7932827023731166	.5709251441699297	-.9255496630568234	0	-.5557945719976349
3.0853293881876107	1.4829188542264171	-.03910508276072122	1.2538246697486	-1.4905626175979092
3.103430837220566	.490927648604969	-2.0626205906481925	1.316153197364066	-.3952149200106021
2.874157207041005	1.1618052386062572	-2.4759914421169236	2.144970112557151	-.6541023686962394
2.207440868880794	.727902007002253	-.29251119282328625	1.1513038265856155	-1.1682996841005668
2.714625460267039	1.2205853201935164	-1.1093823476636162	3.449388382591631	0
3.5633075764850966	.6514344199658187	-.7547726802067225	.0717221213546998	-.9434306563900038
.7820886412793839	-.27579993178738665	-.3771676158138494	1.0250221802704909	-.8605594662769043
0	.28921223569406607	-.1573313451486473	0	.49766275888677525
1.2895645315110222	-.2980301564620884	0	0	.23311679453202935
0	.6343373445339728	.11594428651834873	-.1633517471604736	0
2.424277242689794	0	-.45968641304230073	0	-.6958386337335858
3.0595477856210778	2.0215432557253594	2.1285175496421953	.326243333033959	-.25788875403746747
.9903615989895883	2.11332354100246	0	5.511699670406266	-1.7411128386551702
1.730091988541034	0	.6029511996080015	2.9305374273717417	-3.332262355654939
2.9895723800687426	.47447661227163035	1.5409226986880027	.5161264496235607	-3.077147664001484
1.7494246056175637	0	.38305888268940935	2.145118702266163	-5.0034476940309975
3.490386932606156	1.4349864225405868	3.208321529963429	0	-2.0931843842233224
3.3739139897868506	4.781795470110056	5.358309715853817	-.3950103004286002	-.12215220035270624
3.1210691385283655	5.268678101087393	5.499655577258423	-1.6393340089914692	-.8764847356023109
2.336615883858235	5.330967999279533	3.0211370191115314	.5725649750876496	1.765165072479425
2.076419855545239	3.436630714551007	1.8429137389540968	-.32676638302081523	-1.8577322174578077
2.4951046554961156	2.0324425765997387	0	.3918968450029907	.9075192547843567
1.3275113118107742	3.118982915023171	-1.019912058993574	4.125081485405288	3.277367578926435
2.4413765308597357	.7461306296254875	0	0	.760213473618677
4.036258925701544	2.915662540810766	.6730467679802972	0	1.295530570085378
3.214807913554837	2.34574618954172	-1.4294867770236868	1.5923564711709857	2.1885383080005525
2.780036550137807	-.5979517079535567	-.768950070350851	.8029041239085903	.9966290926275202
1.0577312443808158	.7893847438843682	-.901246955225077	0	-1.3953959412966614
1.7806412930788893	1.2448864039310739	-1.2334155173542452	.6521441030190125	-1.2932074793300838
3.238526937582573	.7318810787209582	-1.7519604649198834	0	-.6068247505806109
2.103508292330619	0	-2.1571309721202936	2.873460523651481	-2.7871085342112747
3.333387132552029	0	-1.940032247968273	1.1142385626317808	-3.0503728171692996
2.209475004806606	.98967269013985	-2.114459214779806	2.856209423674472	1.3317437285060112
2.9689365435484407	.35358133793393076	-2.272948915792364	.7249395626149466	-.9166212864260332
2.8942966275740103	-.01300690475965205	-2.6069212362572265	0	-1.2290941486557565
3.2564373473639354	1.8934780665323034	-2.97957258141827	2.163855237804027	-.08016870984251945
2.2938172732112383	0	-2.9645103234607753	-.0012908083133394976	0
1.7401400108003884	.6119547547193381	-.9824074327690357	.18281218576348235	0
1.9564290931946882	.4813913261869842	-.36550425535279585	.6240079640670024	-.4290226162628198
3.2627056520627415	.7823996500441863	-2.0833694153207345	-1.1547511567991489	-1.6208085612397378
0	1.3601382400630249	-1.569985848026835	2.1779744014643	.02811860704009872
2.7133233002014925	0	0	0	-3.9775997110207504
.8105919855012425	2.084086958845448	.8226900725520053	2.457133495619461	-1.529489520318426
1.4638890874294999	1.6320357176917752	-1.590881691390135	-.49832157706316804	.09716306345299433
2.9960023147145582	.6010219267143162	-3.0712849105431386	0	-1.8857375778461793
2.8297050272317787	0	-3.0609214516304455	-.3590723719121959	-1.9981702012140576
3.2865777503198057	.421771840368918	-2.953064645439849	.674053170258045	-.5395218531615931
1.0296871660320477	.9906659982677197	-1.9188010528553714	0	-.08656678359020872
1.4073909784688952	1.474147931225276	0	1.8037729635313178	0
2.5870123160338134	.5988040191116616	-2.2237241654063045	1.782672165055248	-1.6136937577311643
2.008522487297456	0	-2.81528795986214	1.0816315169624748	-.8589038652799086
2.9525953133164675	0	.25145082730573143	0	-1.8049383866016575
3.940451241037218	.25243393826758975	-2.2925715021215414	1.2518625669773922	.17918490480791438
1.8661236917177677	0	-1.7866911836168573	2.524447144800365	.42787005313797877
3.033981866169595	0	0	1.8341848384655477	-1.6574988450125716
3.9642213865603124	0	.5611047206442751	-.1886375167040814	-2.227064376411263
2.4369739694189154	0	0	1.7707200102487275	-.7059692086702338
1.6627373245385313	0	-.9592207448678605	0	-1.1848678492895597
5.065043804158381	0	-.23322292279025358	-1.5900056599228973	-2.8333544298646047
2.2788918900886506	0	-.8955628203866263	1.6048481190688393	-.8438504511205474
2.322214467538677	.23900079846725025	2.3667414933929676	.33701520733391965	-2.5796286769866485
1.8982078119618397	2.492181266860464	2.263625187182219	2.7744292228493364	-1.432729428387913
2.2495486577507737	3.1929665634370474	2.525561515768069	2.9828856683225764	1.7399777241865624
1.5564484429728291	2.6180593460732364	-1.4525321144935468	3.7854674420200864	1.347674980768792
-1.1914785484332557	1.0130533128749326	.07346290789152848	0	-2.070238990802596
1.2487989199433327	2.221485088647756	-.975904577927357	2.208045528028311	0
1.5241680429136606	2.967297525360162	-1.0555108565044784	1.9401520536338466	.749040904472271
1.8125573302524942	2.115926106999913	-1.725249111142542	-.8622716957646318	.18321329843569745
1.6355609102187292	2.5355260761225917	-5.313732694690904	.582308099991783	2.6235467291349255
2.7013903246882	1.8974574561742021	-4.545212196089556	-1.0123986217643381	.6583854126060765
3.5714070890371534	1.5803070971256121	-4.242677980738323	-2.676886591243299	0
2.219205289470829	2.3750014244112836	-4.542213005667503	0	0
1.8436453585193802	.689686495995657	-5.14915191254982	-.39343461928141155	0
2.000340101986354	2.062304308318846	-2.707249580451022	-.7046061872790518	-.27687521765284573
2.208415539761633	1.5530608451876473	-4.553882220346185	0	-.8408783602623855
1.0373624255936915	2.4103312407755806	-4.728601488368964	1.9199278999816185	0
0	1.4160031036745917	-6.039262430966732	4.0315347662303775	-.09745740816981517
0	1.5285621883636975	-5.873767592966639	4.3741574288127465	-1.4367315694649327
.6217296895712323	2.196777115775279	-4.675227966953878	1.513690725586736	0
1.6159912674733867	2.6966032540919858	-2.020851625086036	0	0
1.283449318725763	3.269604220492245	-2.579319378145035	1.2012795863732475	-.5052755788188272
1.0590447163018974	2.2414129773061733	-3.2140755554643925	2.010534026499643	-3.756786382582701
2.2045723894209597	1.4664347483413354	-2.3170823375833356	-.3512438953005558	-2.8755902064054353
2.554466315027832	3.796688263165564	-2.0577789855802067	0	-1.4607957027493383
2.0844975860281223	5.137026541749851	-.9173935094812391	0	-1.3434061838681968
2.333176263236886	2.9511230591372803	-3.5482115310966513	.017901943722199	-1.3230818000875435
1.928319608314341	1.372980961645355	-2.9705777198685928	-.9633677859966999	-1.0612273582017344
-.4931655723982741	2.719133224808162	0	.4939475615932355	0
.11378105060040294	5.497383513791759	-1.9639096912641936	1.3508155001838182	0
0	4.0829641192206285	-2.686624388121253	.5432612590251427	0
2.372633485903135	1.8053182406378459	-1.8580845587474375	-.34340096302195855	0
.4574111187382996	.7517590730314909	.4719550288837063	-.6806905423090976	-.1763168829357043
-.5086697611458466	.8482198884212164	.2880397567103313	-.42521500108767774	1.0255159716919349
0	.6859991281057909	-.5323083981691152	0	1.9011823299406545
-.610025535201864	1.4974527449768726	-1.1849093166253377	-.6221715108838246	-1.1661464209341779
1.1136644086987129	3.786267034659658	.6516007873555669	2.2140989127296047	-1.5257333780310787
.983906139950786	4.269084224142292	1.1672625413483262	1.8381189573325984	-1.168384786916251
1.0676411812305548	4.0599960171159735	0	1.4953672417153818	-.8084854428611045
0	2.650986076491564	0	1.612607276286004	-1.0320697256524347
-.30481753519841126	2.797754106888414	-1.1610377226857946	2.4164349247172296	.8849445491113052
.49576350299666083	3.1975137467983794	-2.068043244384509	3.6294065521487644	1.3857886574864422
2.3706149685317923	2.889323462377096	-.9594293635978346	1.7415411935466456	-.9611386278396218
.37761136631440423	2.2546505764784803	-2.02905535588671	3.563384943110931	1.7047783496598266
1.9423122608296999	2.0032827002429325	-2.0225422611052384	.37663206908711877	-.3253081828588066
0	1.8916763822599556	0	.40000214728690714	-.1203590158370535
1.9620144146325855	2.7996510401721686	.12417517369226677	2.89486125467068	0
1.6826940799237269	3.005405377681286	-1.740157798194327	2.069073916272873	.22849520923508282
1.2802742433000527	.481957330655471	-2.7649933941821496	1.7524283900250894	0
1.8979823436747514	-.10224901976159043	-2.1830567478734686	.19670336458521143	-.49984910706118035
2.373038912659597	0	-1.2835586352499901	0	-.7549862602462084
1.1459804785083474	0	.35026589109686557	1.4817653991493933	0
1.6049629826200018	-.48743524059170756	-1.8338573787504753	.26724537705459306	.29314416630130635
2.7191033712627464	2.9221305232347365	-1.954709607712964	-.21152723104810867	-1.1036867702622004
1.5468913059022917	3.5404329364207268	0	-.6602208169582655	0
1.7806941204498439	2.8875551735787113	-1.9540242699928974	.276058377268364	0
3.9012748139823588	1.9807627321786583	-1.2851107912833912	0	-.8155439729666277
2.586974296701035	2.3165554446219336	-3.614168608306699	2.0510135295551377	.9503567179777608
.9749286082240887	2.113830339671009	-4.236643062726769	2.009467641646395	2.3600275619432693
2.476827944200287	3.136396698387914	-1.6502981758283775	0	1.8797550416974445
.44949201845251524	1.6337203526081367	-4.6277131747954865	3.726315798583154	.7160111121691931
2.672963766153594	1.6862665838263793	-4.445037870542465	.2886774478897116	-.12950519539264133
0	1.8882889342487523	-4.107496068949226	2.8239717910843636	0
.19946701798638458	.23296688857708941	-4.680570242846384	3.1023366885149763	-2.5442051769684513
2.195453556426754	3.8549842872302005	-.33244186254394037	.5297945088228433	-1.355015754865787
1.3260222398453538	2.683721852110179	-1.8605912060759289	1.4705151661284255	-.5072921252517995
.0011750571288531297	.9218318330938509	.6505387193689913	-1.529384255646496	0
2.2804094882710113	3.3160373455694763	1.34710638902776	0	-1.1334903387948727
2.795404799109231	2.9721297644965112	.3434894254892141	.6846232033892811	0
2.7257092090648283	3.0086625107763205	.10099714500889878	1.007142731817735	-.5392795996567017
1.1193160820043038	1.1771587991796835	-.9138175654813672	3.2563753780007465	-2.4501169140416614
2.356022351047719	1.5537868124228296	0	.4865161643791358	.5948723649188257
.8294336838500433	.35135397665631846	.06040457978136274	-.4788222892369308	-.05539916752955386
-.17667582304976276	.158746742134967	0	0	.42702982192566974
-.014225580276919336	.6558354031822317	.45370305792688453	1.19153453810893	-.017388778764757584
2.866611583529013	.9026756491275068	-1.2013699706750938	1.4680066845025646	-2.545322152219367
3.6483065946773956	4.202522479855418	1.7324318687244693	-.2011354236567802	0
1.582002638940037	5.0271178393430045	2.087162225341811	.9291278442640876	.1644159191846289
3.229495159686737	4.152586420890369	1.202976509230711	-.27702622089757484	.563369358628735
2.7759404515488577	3.0597594634320706	1.2366367627459522	1.0758491057487425	-.7342393963655878
3.5519097930002084	2.7839359903426257	1.6764360688442141	.6934639708072448	-.9066735022583274
-1.0841476028229342	.9717270289010538	.3149610477675306	1.4029056014463726	-2.1609663334892804
-.7515547951470346	.9278103071212944	0	5.008014124992581	-1.1030701412510433
0	3.708285966323905	0	4.736886975535304	1.9183558615243659
0	1.7187150170106829	-.9895091781039873	2.5359750886976338	0
2.2671037749173113	.7117891494625378	-.5443800419686319	2.0459278438608863	0
3.4506467568013997	1.6944791690767012	-.719494427092588	0	.7730324429952203
3.249910812519873	1.7678291817190295	-.3490163234948873	1.219567700931116	0
2.5307643624550322	1.866877488524177	-.27018346528301673	0	-.29661233724589553
1.6016190708463327	0	-1.6119286617089397	.9858023049106825	-1.8586428218864404
2.382177473196624	-.3882803400014454	-1.4654903455947852	2.099738034167671	-2.9747317290523654
3.7907354461585054	0	0	0	-2.105688405961028
2.755025395948321	-.5053060768826773	-2.450989387368198	2.8475616227411673	-.12030065894717114
2.1203560721959342	.5073589722974002	1.5419799703556372	1.760785916072276	-.6250037573805756
2.58186341182148	.36599942298941357	.3651875004545173	.37779060180645374	0
2.80223120680908	.1867212964457647	.6693795996048099	2.1761599780797254	-1.3559738890772768
4.074610148127285	1.1485003359449373	2.9839366381638714	.216776814048811	-.005937069714087417
4.373105306258672	.9530301584845374	1.6638976198100333	0	.8890013734967623
4.157544705963387	1.5599676155245796	3.0050894487314954	2.2560747312411435	0
2.0700928683422166	2.213443778948709	3.3762864935930255	4.388594415610611	0
3.228733030634998	1.5828349624196156	2.7129674722107766	2.529620998693706	-.1745722677422702
4.277585655945774	3.269491307076449	4.454839223748383	0	2.8084701442181625
4.335318535394927	4.321176260466262	4.436015106343935	.8821774823545625	2.973453910091505
3.903162407133607	3.8037329508122593	5.517160217218281	1.1113753315825339	0
2.217983774487392	2.889631138228019	4.320774025457556	4.423372824924137	-1.3184827002241093
3.317268760555571	1.884399432375603	2.3364001400491956	.8526260729789774	0
3.666614116625622	-1.3497224511337083	-.4959489835783353	.48986027599212933	0
3.1163757717719225	-1.0844495250533506	-1.2098889950779128	2.92137138000655	-.8090278930959479
-.140969815881079	.6027104650946364	-.29076992234482096	1.400361114986018	.957526028108503
0	.08602382231214878	1.1807855566117307	.5900127445824559	-.8983048140060971
1.0628365640440367	.14230697189388997	0	.56868879975791	.2507922284425443
1.2623520363870564	-.22902408307225774	-.07759440754373559	-.08082689312625879	-.843111349793791
4.193739142697219	0	-.6482864704728566	1.363645411842636	.13771086077103034
5.078196986565352	.9796377436002806	0	.20064080867938427	.08323279601203853
4.5908706649776345	0	.3545487001275629	0	-.1649167383118168
1.0254931606916378	0	-.1517102874659191	3.6827042229625455	-1.6759541458486569
0	1.049595712826974	-.9256347420377351	6.117842057763303	0
1.223255053751601	.41359753575621044	-2.4007746432792265	4.488015573379989	1.3172269669500032
1.948973069253814	-.16663294147431912	-2.0749905264058945	3.209914454820606	.41915832051604096
2.355211110254524	0	-1.1014256389730375	1.5816228829545882	0
4.079573721325276	.3937942337696757	.4368256258254668	-.4373248813953707	0
3.6446020701157322	.34428254183933366	-1.0380648145559916	2.503813374076713	-.1172359254820009
4.398907418638209	-1.0929163213431083	-2.012291495725884	0	0
3.7275302576081435	-.7556853930548874	-2.033282623807708	2.0213198544094806	.9178648514887533
4.468379232365559	0	-1.3666059363897247	1.356963853316106	-.24161312346814545
3.7212615447348405	.5638247660770347	0	0	-.5185750987940053
3.6925975078152393	.9676062861336971	0	-.14112715036707058	-.575038229258245
3.6031034041689076	-.7671862634368547	0	1.0825601985624056	.5251626144874776
2.367900263819298	-.6193852896571661	.33193879892654227	2.634388968595454	-1.4722064442278988
2.804076630705545	-.8358793780957144	0	3.1875412583184555	.23572009307186348
3.847142490084383	.12212444991858064	0	1.4695151410142733	-.7180417361526504
3.2505698404536227	0	.24344809852741267	2.531492492966113	-.37901981989689726
3.7332734326655457	-1.200158379910735	-.5928541638975726	2.1601271249925444	-.06909513163463032
3.3478633988182978	0	2.606275043418668	2.954935093797185	0
4.334829287057701	-.08258957708960617	2.861447055519391	.8880912033855477	1.4440862637893026
5.923722330883745	.8315399236759002	4.0243594967788825	.42359315094920535	-.006522339223322016
4.54230714301389	-.36851189413870034	1.873637195064506	2.928746243490282	2.7709062422664257
3.54717113093765	1.6087302961678598	1.6425273675329852	2.952007262159329	0
3.180870203065886	-1.0664572836201494	-.17564814854405097	2.7453823460324656	-1.324806583076096
2.76395005583718	-.6945639274694073	-2.7086645990946523	3.979466830956375	1.5635697661555168
1.9203154879367361	-.3331259623087719	-2.004732448634282	2.482792521532077	2.5120270391817456
2.528503410553295	-.41259906232868204	-2.905405695584351	4.666563131306626	.27526947921366673
3.634264363697775	-.49660651084864543	-1.841304105122556	1.920575799065427	2.353737650522417
3.4270274421930753	-.48695378590316407	-2.2166363028599005	.9938925137011858	.5338876267661893
3.1659919251936017	0	-1.5668495618909368	3.341465250883104	.603147905342792
3.147813645212416	.3130831262885273	-2.446043221682213	1.9610716447641372	1.4927391613278578
4.066810749169693	1.022235299451742	.4766174599454951	0	.09654094100544275
3.704586902620157	-.9352830977751385	-1.1226962748307887	-.24816250707600665	.3537921140940007
.5579223086069589	1.194224454386803	.20916377081402365	.2122071964292297	1.019875214441897
.1353103858057937	0	0	.9386106672149239	0
3.055204369997733	.0075360686498257	.2403928750626403	.25691868519373423	-2.497725017041846
4.49294096323867	1.1792584284573424	0	1.0764033105116049	-1.0027106778795134
2.628181429814844	-.2569217861992198	-.7684875870836538	1.1079315126334484	0
3.024555198466413	.24077302726177544	-.8655639933997952	.031828467605816035	-.7584475893417397
3.785617988242829	0	-.0233378389339155	.4568590174835271	-1.269009189120776
1.221859118212405	0	-1.0436050303019797	3.2074830335928777	0
4.742653635268715	.7741727915689294	.776504287402519	.9055810460220421	0
4.98042078291592	2.4065235274636803	0	-.3731804548724005	1.0243032983433795
3.7209096882159227	0	-2.9497051166700534	.3661092107451488	.8553644254075432
2.813223856872533	0	-2.563082443780824	0	.04286135402506297
2.6242698415353027	1.4342002834860184	-1.2300568569446633	1.6571086103512707	0
3.1538822212371236	1.915430674936421	-1.1533523606688643	.9717663167775676	.04871199034876955
4.704432114458025	.7493111859482686	-1.2285469204476347	0	-1.4034811036032566
2.5028689752229276	3.4935964508623165	-.4676621057533575	1.3189993318966484	0
.7482641308770825	2.3320716313764005	0	1.9702285586551136	-2.527262883380975
1.2615448196586807	1.4448276160689608	-.31992016898145226	0	-.4449198915012247
-.566253852146898	-.6587351021135519	-.995198770867346	-1.0052583105890283	2.9895355470131006
.3262875250471794	-.5059756768009449	-1.9906022778909793	-1.1571623202129218	0
0	-1.2117025908919168	-2.539021634284226	-1.3194631186471526	1.4292857026648644
-.06694524066796208	-.10500172044549201	-.21079082670481908	.5907166140760115	-.8914419771162626
0	0	-1.9692494986965394	0	0
0	-.36370793860193995	.015878332241189508	-2.8019399285202615	-.17576124270555119
.02922072953809282	0	-.5855638261749544	.7245913602452749	0
.05523600379484578	0	-2.1582931067950835	0	.9284563849294621
-.06334204617814385	.47589349035944717	0	.014172461941011405	.4359378642116563
1.0076121520554735	.8064797086998163	0	0	0
2.052661521455588	2.184186370057227	-.9581017281993494	2.2368320515577307	.043689267343787974
1.6608113497955512	1.8685491465990403	-.8552705907713856	2.8616655481328226	0
2.762794190735205	2.7987536065234737	-.2655995120127731	0	-.018507344991778807
3.3127596532270016	1.9007014061751604	-.9056386072500215	.0004682300513860205	-.8839330140458609
2.883382215250588	1.3734071426261407	-1.3949166672026436	1.8875237824826843	-1.1544421053804084
2.5816976553257702	1.6443288388936694	-1.1262490118065118	.389678697693994	-1.0697127677932898
1.1074197275129598	2.2797071481792814	-1.7653403143544315	2.115250334672405	0
2.467562062230849	3.127793511238641	-.6619980080449268	.5253610728816098	-.3020125198010204
2.525184130118112	2.770964804127426	-.7166140905709615	-1.3097382468730991	-1.32432973279628
2.2094632425881953	2.6904276549207395	-1.1505332261010608	0	-3.1066402654034895
2.4732603651564733	1.4796763079338444	-3.394177847932774	.35958086744769163	-1.3474940929663686
4.315521987840875	1.243347412550359	-3.8081187219997505	-1.2302892101654583	0
2.0575542786974177	2.4816793722589323	-3.4015350393961192	.4764586218577072	.5859441119680905
2.809813148945732	1.7590210476258759	-3.6246914098470966	.16282566255839187	.2694470334198127
2.983424924486957	.40953876194128047	-2.9613523291656922	.815340023672996	-.5243190654913941
2.176545735134223	2.4857872742633926	-.980553046168702	1.2866408129071938	0
2.391254378443054	2.064073119512558	0	0	0
3.8438274300204345	2.3785560771792804	-.4804956013925853	-.3932892523324063	0
2.549017605090739	2.693862839117704	.34617188512657326	.16524298421278621	-1.3980219532705127
1.7311926282140364	3.2302063931839196	-1.0504536185458009	2.044882176414232	1.1282750975706974
1.8866967772635426	2.478198745646324	-.8023709889035547	2.1764618561897136	-2.3812900095676803
2.519944179633041	1.7912858558748923	0	.6397563958867589	-1.38435449762388
1.9894520362341928	.1088426311029696	-.43634287485104356	-.2364289767477148	-3.529251422083082
1.7169739630005232	.8772726321943716	-1.6382683553524844	.246286769427568	-.3548476691387321
2.192929569014395	-.3588911808932035	-2.2857333123259815	1.6934752617177546	-2.540773429440312
2.199640164491111	0	-2.7962908935283752	-.9798408009828388	-.6835052979971259
2.777297338823641	1.0418290122271878	-1.6497961215801797	0	0
1.5719007681003552	2.144045240868024	-1.4977991435815028	1.841972789388838	.15280482459774247
.09533044028443097	1.8467259187947205	-.6101035324917209	.3586019182428776	.4753993834779663
.702347635452555	1.737184935911626	-.4568923493880762	-.4560062947450859	-1.1101376484410277
.25704669155249227	.5827315412170901	-1.1469395136570482	1.1898184077126697	-1.6033628053431386
0	.5470531479808954	.218265665550317	-1.1600792295817155	-.3075767327350559
1.446084045918309	3.2379799915195	0	0	.43859485334022424
.8058982485967363	.24015553074313623	-.6469154167379463	0	-.498679812948416
1.0958880953569652	1.0670098980570006	-1.0569863942983417	1.067546369796541	-.3969577210226878
1.0599797393521342	.9356568838099198	-1.1194109531461298	2.0806032592924826	0
2.9353984771113644	1.996226524602946	-.40302891818961173	-2.3121011855846563	-1.5851056806313415
2.6906440273182475	1.9331212658087167	-1.2811440679590915	0	0
2.1022959470406337	1.920320040989875	-1.6373840177702894	1.3357379317334692	-.9315765081703531
.6764079774769889	1.6607155877105315	-2.916064126804054	1.234387808633782	0
-1.264841608856799	1.8735131792406676	-3.04548971907487	5.030762674137072	-.64011406980155
.19662951042695354	1.8659951492975013	-2.749139078495012	3.8160641023626978	2.1340505465589414
1.109575205749854	2.229085442423096	-2.8929308789123875	.5130370944146624	0
0	1.6684574835383061	-3.1243046422493106	4.023249348970218	.010623917936960492
1.6531359518174715	1.818123006038531	-2.3180011066830852	2.818899231578447	-2.1332930889998565
.4468517502705023	2.1284186883274203	-2.367669948735812	2.6803956103417446	-.41246545314943517
3.051546886230909	2.6878184620990777	-2.777249067490646	-1.944207429665294	1.1106513895940584
2.7192858198189587	3.23476339475551	-1.571615936331015	-.16273626190533352	-1.1096420661247184
1.5088327536325068	2.342603242630141	-1.7144076571636326	1.7306379030383032	-1.6102979316811488
.4539476048977278	.7958010799921956	-4.4398382884275955	5.2486646893225695	0
1.028472054483093	1.6824314752670113	-4.063420742826085	3.7608839287591755	.11152931265877594
1.8644639408740766	.603710326654973	-4.376019069706239	.8011683879871291	-.39126866401271265
1.8042590701669923	0	-2.2267498301009105	.8212228978281801	-2.938053331105427
2.1292250045447165	.8788774424314362	-2.292275732075693	.41996244796225646	-1.0079380141455734
1.7310839397860915	1.6208694460134687	0	2.125459057040959	-3.7241194517374456
0	1.2474052755050797	0	2.24623314790305	-3.883169040610379
2.343717837580608	2.516572283850021	-1.4521544683222962	-.03012209278131084	0
3.375059086948246	1.8437315392761673	-.08429137646483148	.004202843903358899	-1.87639552975583
3.644282659987936	0	-2.6711825667716464	.9654539519125748	-2.3984634383199124
1.904087937347302	1.3149421444723175	-.9809412087299048	-.3743957588512521	-2.3973574029564446
2.9771557327387512	.5483846800965041	-2.897874838412656	0	-.6250177954443021
4.199056340122176	1.5788920120840073	-2.61319650847311	-2.00214562832991	0
3.1879746136052405	1.2362271907200542	-1.9685277035900233	0	-1.1631525229106594
1.8395317395617132	0	-2.9406251175894353	2.6230352322455674	-1.5933656013539326
0	1.0179966995398908	-2.2348657894629915	.9987061073724433	-1.6645884463447713
-.49281538951753534	.4868691633358279	.6048050478058694	0	-.5189730583326065
1.8967741798247881	0	.02450911368535061	.6981923769369582	-2.4205456911711534
1.738406689936692	3.9322311398997822	.7340315416958884	.5743510239598066	-.5711630141713679
1.0123751294479666	2.560949135687925	.7704172936819437	0	0
1.7902458787822098	2.0630914771867483	-1.3432690183447469	1.8452545625700782	-.8928143748039219
1.5662636209816616	1.3074577721661962	-2.5968989524091985	1.5203485623636208	-1.6431857515187478
.49899091453536754	1.2669390714140782	-2.8623689909403573	.7103386876321027	.1979358906197593
.6323622381256239	1.307367751461912	-.8972932046653281	0	-2.3904710394788293
3.067367996658777	1.929138749074999	-.4188718834580561	-1.9057900231314178	-1.8577924488044668
2.0908031667366185	1.5829710771695282	-1.3523036812905744	0	-.8201244987052683
2.7885607380322766	2.3892607548521427	-.29397852165548727	.6169612796099743	.980827495680819
3.191685565355782	1.614514837537148	-1.9035256656022248	0	1.1898260413084887
3.646242398138863	2.3438943341524228	-.4690654948795298	-1.4228775155757287	-1.3959042722235289
4.614769145799489	3.1219481962608855	-.6377411744661712	-.8681930445620809	0
3.01546707810657	1.9408422036870152	0	.3334525316264292	-.9796671907050241
2.139226561530977	2.268077038764345	.5775452702456664	.24669503341954369	-.43646451528001395
1.3860750276627862	2.235915600963272	0	.8786322136901572	0
1.183998458053239	.21327585178591343	0	.5203401107444252	.3013598410907428
1.6407663615075685	1.1973764469227763	-.011081116261355151	.7604240556674022	.13225508545686523
1.6129702133021246	.6205587968764273	.0734190904807072	.4731381221737049	0
1.466696790437657	1.027119016608218	.525804645297012	-.13309500526999177	1.530470878629092
.5656292186284172	0	.09753524502910019	0	1.2583788337654096
.9092954968728244	.2289270218053822	0	0	1.194036473216046
2.1218848203862173	-.39932051590116746	-.5207195023958231	.40724246084089155	.515619482367205
2.4840100368609788	.5991499387388131	0	1.0482314454926787	-1.8065344296921826
2.9480975666045257	.2787644859542149	-.9649522814298428	3.983746668056603	0
2.198941241709033	1.3267641061429187	-.47250081617901063	0	-.5570508122699194
2.437490102247402	1.6373029026130668	0	-1.3854253653522293	.9795740887387481
3.101711006226027	.8739352550528575	.40316226429404517	1.8914795827590218	0
4.179406558329299	1.0785606799679563	-.1974667435570508	-.4919556410094296	0
2.0184236761796477	1.840649398487693	-.3134090339576274	1.4222149068163186	-.15096437349591896
3.841356065629035	1.3564935419419228	-1.630760420067182	0	-2.0419726899315642
.8418958715795419	.32683566896803695	-.31583764883945564	0	0
.6228510111315633	.3723798083105322	.8787642951126734	0	0
3.0689194616589166	1.7353768260812723	.21049423192292627	-1.1739053342033645	1.4325549014116044
2.360045696683293	.5530466175726794	0	.8214210147056332	.012918006053596165
2.935321897495574	0	-.7073806451384649	2.0109894134260244	0
3.664656783463044	-.7622794592328687	-.23676864217123822	2.0138687740867267	-1.4097731241707094
3.7637465760018953	-.8001415360015407	0	2.808159669899685	.23536991482624842
3.5843964885816435	-.19626276779540963	-1.4052503506622633	2.8456159947872033	0
3.6486266738180446	.5666055587671808	-.46703747381526184	3.2474444921198984	0
2.1567258050382137	-.7662156938939042	-1.1550691866571912	1.7495991789746417	0
4.689176574823102	-.2439312445436873	1.4639402739161222	-1.4791559316671927	-3.323279163081745
3.4873727452036536	.8353385396964894	0	3.2409383735116526	1.485902050174023
3.3793987224766298	0	-.027203863021082908	.4967220177154299	-.3197552464742415
4.085806610841752	0	.23301640296162518	1.850889548320877	0
2.715316902999234	-1.8871020132315848	-1.5557937928971208	1.863192103203279	.3473149991074935
3.5299364189568743	.44022061842558624	0	-1.0233216511759624	-1.4749666041374707
2.527039236589082	1.0891422899884753	0	0	0
3.8945654151976115	-1.0899577796451885	-1.755570404430295	1.676191520484327	0
4.416002879114593	0	.782882168385399	0	-1.8688293772853197
4.865691395894368	.2545884921120719	.3834736272049447	-.15998571192497235	-.5525182335105894
3.484067936100743	.48579568206227564	.5234157265359801	.15021532151730566	-1.3513454035251349
2.613224622574009	1.4056856949131995	-.2961506290072731	1.1009593738563332	2.2005697271381823
4.39670006632196	0	0	.7334801356212237	-1.4840943144010883
3.7318638503668633	.7657499899057681	0	.9199843442854482	0
5.841842406654194	-.7886272540220562	.03711920436903073	-2.3288035323858187	-5.234393756142224
2.6421968746141644	1.491524100522288	-.23881362930129535	2.0810267645582354	.2663430817031985
1.739466235597718	1.063709875403971	-.6782910296893987	1.3384409063197453	-1.024252557408987
1.796984300415972	1.2541033562209207	0	.031747142376966964	.7444573796341419
3.2814307784954146	.8691868009797927	.910948643370417	0	-.16729133093720394
.7636784346206669	-.026632942783264113	-.8243873962457002	-.26701859728380023	.05372185620384709
3.1412082460033743	-.39073627247187576	-.39112932523133365	1.7089623503196436	1.0574999074972327
3.8943656382898175	1.5072659771212675	-.22587630901568023	.8570494774202775	1.2005189441188455
3.677695402649742	.5221162897905558	-1.3598945527143547	1.2567967673008886	1.9001628029702076
5.353205951234143	-1.307587220777051	-3.1922902117037415	0	.07386685672888771
4.629881052246086	-1.6190007119230176	0	0	-5.239406898267205
2.252914178288062	0	0	3.947283457827546	.15776572878039205
4.44222797850135	0	0	0	0
3.093875599589092	-.27410191893066976	-1.2406303676720964	1.4480756959994663	0
4.01609983846644	.14752153406359597	1.0754202695924957	.335448592526844	-.5410584011964887
3.055830673084907	-.2882743551277225	0	2.399758897703158	-.4495013014609035
2.578010568532381	1.05313119062057	0	2.4713151452145814	-.8494372601927215
2.3429562538112476	.23174728991132176	.17143211862683055	4.364586814978729	.7640492482750496
0	1.545582041405579	.08684767533183002	.3230989721860886	-1.6167052517258669
3.2834384123261944	.5109640236697168	.20824702171775145	.20037949328683896	-2.6951090791935477
2.4971570558196623	0	0	3.4450713063335203	-2.2543948715633153
.5816151283235652	1.1365594015685203	0	3.8042100678222632	-.4336359310394803
3.2240790558632004	1.4161867710299822	1.9339857141989782	.3748185039711458	-1.2500711549808032
3.0734677616074633	.6710993644199053	0	1.8044158544763942	-2.4539369033063343
1.9899231763811698	1.8251030956214942	-1.054705518351279	2.407695050665937	1.3919934938155423
3.160009255668043	.6395921370693247	-2.2466424038453883	3.2555355325404927	1.4456324521856936
1.9056940215569953	1.7220979686168758	.4169315489831976	2.837580052638444	0
2.6286088788276585	.4863935110752916	-.826978870337671	-.4664580470728405	-.9089559628060128
3.5573945749733245	-.5110743167120544	.30727090996189244	.45825447542296593	-5.396442012957606
4.002400331775747	0	0	1.2050687344487097	0
3.9324689580757908	1.8990209758363688	0	.03553675802530368	0
2.7984745240132964	.8559436935060358	0	1.7287259236398287	0
2.429351448256182	1.8018230513308955	1.9963629622015902	2.027598600326366	-.4920104140414727
1.6889042904208051	0	0	2.7527025550237023	1.2497084766316175
3.5229009393795008	0	.4123948139722496	2.6874467756066185	0
1.4181562630858637	0	0	2.9843444939038	0
3.431533885497152	2.2414263117147306	0	-1.8302904437407965	1.4356749059311238
4.167403094819161	2.357076011901406	-.998904503252112	-1.619480296463804	.713996475593772
4.917151695040614	1.9566163799758893	-1.4266329446305845	-1.8160501178162947	-.24152222217288877
3.94553264836684	.3707314558096809	-1.4480828318545795	-1.9217424433633887	-1.76998807100841
2.4583544889851368	-.9394395772829266	-.8849442365323481	-.1578507979142616	-.8218727798431914
2.021366583540072	2.352813139771857	1.0289566025974097	.19551469259680654	-2.2473206441315434
2.8424752382387375	.8870599185291145	0	0	-2.872252815566535
3.4210542662744063	.5806844845468255	.021995245040514262	-1.0604051791239666	-1.7153035594283406
1.8016820856254006	.3826133797945075	-.21913522410324537	2.8236633390487302	0
.5803938258424742	.07446221325285235	2.172012210155356	0	-2.3310914927269266
0	.1856207967583529	-.20743171146453476	0	-.4539881154509474
1.181468290911449	.1699398271217778	-.5691007384478604	-.8941134418126231	-2.9825500307046067
.6552172121260563	-.01635260320728915	-1.460928100477349	.21795742601943968	-1.1609659344136225
-.44936720592769686	-.9770722855772309	-.8790562617034308	.945674367528416	-1.0372300673954291
.1804416620754848	-.23698551706115914	0	0	.026922802104000443
.9770347099924013	1.221905119959517	.3481260179335377	.9899688358375032	-1.190865063641514
2.4333338996254548	1.4262654239521866	-.2015520330126343	0	.4060933405782715
.4036278964109019	-.8070744453124383	1.5688853157629605	-1.6894311462826637	-.7421889715770922
.5388164515254729	.9697269632978531	0	0	-.09884256498582478
-.4056890340299978	-.31891635778281757	.8172554343811227	2.4680564485092114	0
-.8989968884997213	-.1801937886887761	.41637630558774585	.06297662138976745	.05910092171991416
.34774252810841566	0	2.2402560782965044	0	-.18881154276322015
0	.325935572236168	-.5602845188882307	1.5997233008715495	1.13445333590002
1.0909020663053863	.9732278993070911	0	1.4878858092824672	-1.0833931231701615
.9844322056891073	-.629625006297656	.19045873728463267	-.39756991799624614	-.08293857917450145
.6894614799707046	1.552113091432886	.8996722971463731	.36782652312721953	-1.0995722976649258
.44156604583661974	.796912920736504	0	0	.4507104973360702
1.1022838708086233	.7007436081874961	-.5296028212822624	.2562605150966165	.7819138059841054
-.2918428709315115	.788270246111823	0	0	.5140845309009339
2.4564418684944513	.34139602791759915	0	1.1931400950040356	-3.048117386512932
1.9028268098301837	.5114227240283324	-.7920943014606564	.6341669433314707	-1.7185867003927993
0	-.21368023215457355	-.5185624546919837	0	.2780948633229037
0	0	.4689494160961267	1.035367591838071	-3.626996690756637
0	0	-3.028688371031683	-1.4285724215918107	0
1.140975731202193	.6767852064176928	-.9459349530520482	-.05773165886715592	0
.2699071859614837	.4646723367286717	-1.3797978826404442	0	-1.2851387202374056
-.8910994431141555	-1.137155830813085	-2.8246332240783047	.11030369829260128	.7388622807744932
-1.3584175079838157	.38175845626609267	-1.6364812052360196	-1.255269000972084	0
.5940245304063206	0	-.6905674504177082	.3802945013917306	-1.5395499817633704
2.560003579154387	0	-2.236523203251085	-1.3397989780660045	-.05032040237306967
-.44065934329204626	-.39344767506481865	-.32621431887300967	0	-.13411289962240092
3.137091082373238	2.3486004520275934	-.9416649161869933	.5898079574906105	.7259397527426242
1.8273645556973699	.5825910531452188	-1.2956436601001853	0	-.10989153923103251
2.653524855309306	3.073834398436885	1.9852185146777321	-.08320814321166015	0
3.328613863623467	1.65867303656285	0	-.06267719397865368	0
2.401150346436912	.9111912202639338	-.8763732274759252	.9234006056299047	-.062376261411765055
2.5305866375559685	1.0998827851667976	0	1.564184690860091	-1.1567482306639238
3.075904465351305	1.8919115440950391	0	1.8934954544434364	.7740202862964034
2.1451079264911836	2.24410070729262	.4247870988772243	2.1254898553869768	.6103555936674411
3.1401205080359023	1.4329533405640769	.49862567146577613	.8212197794794835	.5950088276694094
2.4071557246577377	3.027056473460749	0	1.331481222044933	.47338780647817513
3.1422406327879444	.9459632371189584	-.9417118683236838	2.4750379352313803	-.08826239210516895
1.3312729347266803	1.6115760750518215	-.021117522062783	3.3117817857635243	.5530715210143802
1.9359388839505252	.49408700077922607	-.43084031998677286	1.8402017479328832	0
1.2513151877982611	.04304796385597093	-1.052710197010349	.24190098024898138	-.6231810783511316
.4407470469679987	.48323622678207956	-1.0333687329956178	0	.3222734198862236
.23746390384003097	.6437924236005554	-.7963931299459749	-.2876514147741202	-.5728102335732084
.2494348180023538	.695658108099243	-.8839676658063371	.5093970758272296	-.7407301457765995
1.5858396900201797	1.5251363520034795	-.28705785123593874	.1967194602846633	-.024620672257545467
2.2920202528754903	1.6738517734280414	.49978934584920537	1.4759070820284619	.47501653451141646
1.8569365829474376	1.2434591177278382	.996206677899449	1.6223691041293922	.4106766269994614
2.2825959386001835	1.2019815984269584	-.27968829475203905	.19180454744474978	-1.6169741568417781
1.6787881874634354	3.238097616428033	-.8285715545718038	1.034273828885131	0
3.3561809590885137	1.5686002420421594	-.9994726960846365	.14433823286915448	0
.8491895045674716	1.1513534004341448	-2.877582390561524	1.886569945209837	-.9299484640012162
2.322971916401572	3.067718829266274	-2.1887562710607718	.7204273004755979	1.6711485624770388
3.0454864434288855	1.6735813127272767	-2.1597614718220144	0	-.8728358595024629
3.0003308160423536	1.348354502422981	-2.4923493824774434	0	0
3.1065457532869907	0	-1.489013037001084	1.8521619021022886	-3.131940742120822
3.225200371365949	0	-2.0821415197483333	-.6080633626294205	0
2.393760752494558	.3355223670859605	-2.807958079526115	-.04668958458704986	-.9011717524916777
4.751727495610421	0	-3.1097866383653128	-1.2814457068476726	1.506894598841785
2.4429203317308037	-.42105702499211156	-3.5565043610455436	.20473987091260992	.9916259188400478
1.7473569935685558	1.1612743410434228	-1.4199902053584905	1.4887985991734765	-1.1522733791783328
2.5647740501566174	.9873910922341764	-1.428072622046788	1.1906316772058436	-.4744756433046302
3.3752821874409973	0	-.9793902510726971	.3174200467776953	.3084495885065909
2.7549030201796008	-.35938661425767626	-.7695535806593296	2.213321284509642	-1.378677935805497
2.903623456710685	1.4132171985106003	.6934171847107913	-1.140326943524922	-.40929145282075563
.9197558611123003	-.16320326130735618	0	-.3903312183722869	-1.0775606538594216
3.1064091295930005	1.0744256029246761	.38723502231159485	0	-1.3907894049292762
1.3165594229276105	0	-.5246374806095749	1.4075948983050808	-.01876003320474373
4.658086844479817	1.339031157397489	-2.2083179263232307	-2.963817204322055	-.6377521110669201
1.735650168354647	.751962817840967	-3.4859951403943743	.8703531777863321	.17711340230367556
1.8712110675768991	.10406012390330421	-4.828767033445908	2.6432574646360694	.023173802532050036
2.116542838125657	1.3365388600400967	-4.764969608647242	1.7410930527278912	.9373341824555772
2.6590693580181357	1.189085734359434	-5.241661034594575	1.6478689019228416	.8637086403848375
1.8700873875458104	0	-3.8882139293781357	1.7392022790937536	-3.254134139592459
2.033462924808979	-.388209606259841	-4.116291600108221	2.760032998451673	-3.7782411712646287
2.351417851838752	3.2753638902323714	-.7516897561496999	2.312646165825593	-2.2827581132909134
2.577412062521696	3.595050432337518	.15449458584637119	.3034192596237315	0
4.252596407640535	3.300671804326764	1.0663869036545148	-1.4773239552484707	0
1.8040987895654093	3.1982979203038524	.03404594125224486	1.1157615027364611	0
0	1.5465627418305148	-1.3518078470248946	0	2.7092803327563826
1.4161494367312264	.9678679535149692	-1.8965407081850323	1.9628739439601743	-.4890375895428877
0	.898858662341367	0	.9950828500902655	1.3051952187909681
-.7669423650771724	-.17697230500200817	-1.2552527349798082	.5524418205993452	1.0040767898706326
2.636363147632317	.9639757284580018	-.4015440837725101	-.9472756455742917	0
3.029854498115657	1.8644489436505598	-.6887384032679802	1.2001268516883603	-.2689978790174874
3.807095498563264	1.8474587857409017	1.3124705268992973	-.5693755133097129	-2.0224401343055134
2.0624729608077264	1.9925010304284256	.20987613026656723	0	0
2.5796687315387343	1.3277377351579507	-1.2133398473075392	0	-1.1465263017267586
2.9666418672331605	2.726831513928807	-1.0568844716471961	-.2254169383106569	0
2.510808853318766	1.3207874049535224	-2.0035804004699336	.3653550165248918	0
.42535271399083485	1.857324734616376	1.3212504702299455	-.019877426455455927	-.30791919613522334
0	1.390879978953255	.6382184897862213	0	.5762231094622527
0	.5198328896002583	0	0	-2.5569829565687496
0	-.16728279039533073	0	-.12429217765801295	-.14747026691139542
-.18775853920932178	-.18590360912746196	.8691931730087475	-.14450155699878853	-.5747720671548718
-1.0105241035935957	-.41496599997525774	-.26675419605098416	1.4057594589527687	-.2946946789719206
1.4157149364751562	-.43199220820061984	-2.0470276767500537	1.5672718809694066	-.1950574634617162
.9874062617189393	-.07676004639717471	-1.693812133284505	2.639933695803717	-.7731990431118387
2.0796788967166733	2.121806749679262	-.17002650285090787	-1.3648146304698359	-.4894660506778982
.18375423815786018	1.587837982045235	-1.4899590495028248	0	.5589895107744747
.30382199669102816	.6200400958062937	-.3757736258424415	-1.7974760877316873	-.03313125383622323
1.114384073782593	.19933643276566948	-2.8996206183429827	0	.14830758408097144
1.4863639234505106	.5870102966847324	-4.470065243410956	2.94335543724092	-2.5087454951793084
2.2146151154534093	-.19311792366552982	-2.10581368854546	-1.6238288067392714	-4.917683449394962
2.3301988456055964	0	-2.068381606533324	2.1805637477164312	-3.3946659443446627
1.3172671013901975	1.0074229215542705	-.34996462625883235	.9721149657495122	-3.56255674018808
2.204478035198097	1.3548918352786732	0	0	-1.9687170342653557
1.1584752137771397	2.304104867778352	.5981836316712784	2.4272701792800286	.07318847712398224
.7033476767562059	3.0180650518726693	1.1074335335898313	1.5535033924906119	-.5068340935138878
1.9584582089113747	2.4363443231217476	.25588963239546875	1.552668517224563	-2.434670026421345
.6599162334970075	1.2716785916174151	0	-.010924660591899572	.7691391130237646
1.3800462825585378	.1560260801734488	0	0	-.7914303004086927
0	0	.2398056605857598	0	0
0	-.20440168760001454	-.3607734499091585	.695333137848533	.0013606789219606993
1.7633086000014015	.5887839845687487	1.0906131379349864	1.0621016078212833	-2.517281251715263
1.8215838520207601	1.9847620297168307	1.6962135606651159	1.6594203425098835	-.3025901088380949
.0830101748318205	1.66822567743595	-.6771794364970654	5.32142319793832	-1.6628528120040076
.21348267489152145	2.094481039669026	2.0210827534485065	3.6522810971086654	-1.4386257583163795
1.3019300282725965	3.576987040535107	2.2680533018708093	3.278432186796832	-2.0921934765796473
2.281449574239442	3.1222349144304706	1.592920878531964	1.177675195571207	.674162187876939
1.634692147108396	1.1894866099775943	-.44588145271157587	1.525216921383238	-.5772239425011729
.38103116966301587	2.708136427327731	0	4.1972077542657615	1.7872597762525644
-.009715887122002054	1.521227768424294	-2.933700923556277	1.4851284524966268	0
1.7337923911693616	2.214240753483049	-1.0114659809134183	1.8235360110650949	-1.7001533135813178
2.6810971165045117	1.999019253729863	-1.173208146216134	-1.54145568715906	-1.2676243932972935
1.5343861796378708	-.2395392938773961	-.7999307531647565	0	-4.337669853199281
2.896263088168883	1.087963662031325	-1.734246994603096	0	-1.6657016273104677
3.5884757987640836	1.9844902892158236	-1.435532612487795	1.0415021500469845	-1.6377982515115836
1.7455893621275644	3.241522923594265	-2.3950284433640965	0	1.1941601978824286
1.7575231711879349	1.4703037647432842	-2.6442936064202023	0	-1.2058943733907508
3.0496139880161968	.0725535150187851	-2.265349511209591	0	-2.5498039845844236
2.2238358636725115	3.2991050574867824	.2704253087396552	-1.1980452764044767	0
1.649692633071067	2.5372558607317925	0	0	-2.1815752509313895
3.531626137066664	1.7761389200375943	-1.8576283849430584	-.3995771285810874	-.6507899064084528
1.7201396665440316	1.6150050609031066	-2.8072569158545724	1.4051690255584264	0
2.351986499133531	2.5628865820939377	-1.685325232883246	2.5942809228742147	-2.2205865290127376
2.4246909087909003	3.2961679023552932	-1.2020289306584824	0	-2.1984910740035204
1.7175518022486083	2.334563590724584	-1.4951460141771138	.2419520635768988	-1.863767651587819
2.2207830652712763	3.4094252694349247	.21260335509227501	-1.2301979033681936	-1.6188419656701378
