x1	x2	x3	x4	x5
1.2120458672208707	-.5490606964309949	-.28437885946133495	0	-.7825305625327963
3.554160825587581	-.5192881891604453	-.9201978613231782	.1788397836038409	1.8496529361351959
2.762688406961813	-1.7620512437464069	-.6864702396333082	0	0
2.657439425945306	-2.2567256798677047	-1.578624689029764	0	1.778925134261322
2.5632547203293696	-2.6692908363606414	0	0	0
1.0577169939515345	-1.9802238907606144	-.2670978664283818	1.1785348061780017	0
1.0107780970861242	-1.245473303726817	.49515166150281903	2.2288169632890282	0
2.056788255430518	0	1.0140834625805073	0	0
.592952573194365	1.5978996767144695	1.4978493275261064	1.9026448915380163	0
0	1.2420471640843243	.3745321786939765	2.6518265088401374	0
.7949746074878802	0	0	5.156533063108546	0
-.461973778767363	0	-.554495849809633	6.774951765435435	-4.206726519053192
1.0410163495045626	0	0	4.290222169665582	-3.9009911480032686
1.4945672483356822	1.3996861256933733	0	2.599763227017948	0
1.6986342963184669	1.9458854490992425	1.2852179658399274	2.393168308679117	-2.4682126520172103
0	2.085838497792191	1.6216542931075297	6.908404405338803	0
0	2.1292460726468763	1.6841384292091564	3.2533255487782484	.2698399297620513
0	.8570635052223523	0	2.2436898519339348	0
-.06458935059814633	1.6385134645797028	0	1.1800129703565845	0
0	.6097541602983785	-.6264272323626656	.9685582590967182	1.0310085739920336
1.0328091559204398	1.1716590223061982	-1.1755944173932746	0	0
0	0	-1.0173146884565831	0	-.9219778428177899
0	0	0	0	-.23226550270559657
-.5400104866939288	0	0	0	.9282809169294685
0	-.2538415681276404	-.7152233708945601	.5344328141813441	0
0	0	0	0	-2.137186859650364
-.33027210707461785	-.5838340486646517	0	.08983845320446471	0
-.681392009420848	.7964871105937519	0	.16739776439104517	0
.3780614907173706	.7653053371730343	0	-.14367799777695467	0
.7632325514257214	1.1130227711238618	-.31930013301733606	0	0
0	.905701418873124	0	0	-.2640175238319165
0	2.4004540200455904	1.435659417052046	0	0
.0043396714744964315	2.512420941986457	1.6865626036619787	1.3863827313761563	-1.0618475191809524
0	.35260305345492604	0	.7833932987043213	0
0	0	0	-.890948431359365	.7238903038228403
2.727147753851555	0	0	-.030529521449693953	.6769626932609172
.9681478828814747	0	0	0	0
.07049824533465385	0	0	0	-.14361436763415147
-.40269780520699827	0	0	0	0
0	.4568291818853423	0	0	-.06975684914701186
-1.555443759458555	0	0	0	0
0	0	0	.12017756401453739	-.7757137629322969
-1.0371944372237722	1.2492559635397529	.3366370115690141	-1.2736593987470934	0
-1.3223958439408474	0	0	0	0
-.09706359568222062	0	0	0	.12199379129272422
0	0	-.049329012229209886	0	-.05783111888602238
1.5695285330891446	.04819007309074019	-1.470065044344596	.37116725699415654	0
0	.7819663489419643	0	0	0
0	0	0	.2160925381227944	0
0	.053288052294996335	-.8935859927968444	0	0
-1.652520384880803	0	.24042812447646789	0	0
-.17826624149102022	.8853532004651103	.04602394886891564	0	-.9760630533135262
1.4964760963018804	.7113935616903546	.16414422986089647	0	0
.1713794190858161	.093443057682329	-.21513485149464	1.9594139178839765	.7223290173147842
1.5754318414714052	0	0	-.2940331184794315	-.5092523785170376
0	0	-.9391742299630044	0	0
0	0	-.5144094541904657	-.18143937360386492	-.9149668272266366
-1.9445022592597403	0	0	2.076342687276658	-1.2094095922371473
-.5691617637382985	0	-.2507362329772829	0	0
-1.6029368475690315	0	-1.0734752440978332	-.2738443594399721	.518975911057652
-1.726248712783087	0	0	-1.6928617107704782	-.8801048172386421
-1.0344906510257776	0	0	-.7430800417537854	0
.8500919658762229	0	-.2576353387554208	-1.3341888282775576	-1.1354956770289106
-1.0120649180367263	0	0	0	-2.3829634312588506
-1.2744014003069566	0	0	0	-.21257693226864405
-1.1243197097573392	0	-.38088318803099225	.23884320003508575	0
0	-.8931826899555262	-.12930564884058598	-.7248653043543661	.6924521200906304
0	0	0	0	.9300714601028295
0	0	0	0	0
.9245393909662967	0	1.2772177622583358	0	0
0	-.18577500943288566	0	0	0
.47428058010026086	0	-.11403727357922824	0	.6550396393596958
.997406693543232	0	-.34842385286721594	0	-.9569678013948768
0	-.18374291625615685	0	1.5785679187926744	-2.5567835890191715
-1.7788843845744142	-.5283346454480856	0	0	-2.0916932871921152
-1.7104017462563406	0	0	0	1.037291447141562
1.5700442395075345	0	0	0	-.4838270204395622
.7480410176846688	.011165917548175489	0	.3335606275620444	-.22628673098905652
.6637513929231891	0	1.9314545288579426	-1.4160686582515791	-.8221258035311776
0	0	0	1.1716940973374195	0
0	0	0	0	0
0	0	0	.4943450449532478	-1.737695873786484
-.35047668419817457	.3625100828775687	0	0	-.26757272193863113
0	0	-.25226160423145316	0	.07049542318966924
0	.2032592063610701	-.3582090662339958	-.6564814341009855	0
0	-1.2655680418476343	0	-1.5509377478374777	0
0	0	.5713583924448027	0	0
-.19510258815257192	0	.029545586312333005	0	-.5209407819462777
.8850878331680738	0	.17944211975605837	1.3375694215519558	-1.1029649723349175
-.17344824891684263	1.2657158976127854	0	2.0069310717252287	0
0	1.6650571825084857	0	0	0
.22433453662762853	2.7005367752742804	0	0	0
1.0191816593361158	2.5181382605630978	0	0	-1.2687357736306286
1.5289086177485065	0	0	0	-3.632577840161217
1.943442419313872	.07886441241104691	0	-.39416707297475373	-3.428092871822919
2.452670436532104	1.0266036312207998	-.2548208413399844	.5391302185542026	-.669745303668305
2.110740490207703	.7344664434370753	-.9455776325154466	1.2044204720615248	0
2.144091489416336	2.0046996395020176	0	.7188538073232391	0
3.0217830869287035	2.4709150422323716	.3755777311214646	.7818265304536225	-.8406819168601403
3.7034405856075296	2.302723137323433	0	0	0
