x1	x2	x3	x4	x5
-2.0170887417474592	17.756949134857738	6.512860826911045	0	.46195408483600253
0	24.548515807754146	0	5.234881457736268	15.364928825972392
7.749554899858215	14.299754836752061	-2.99291135468298	-1.6587956542595172	3.8778081096019927
4.418761098698275	11.835427678528259	-5.112743091210483	4.086001523664778	-1.383522350109352
0	8.127791186790178	0	7.59771336389188	0
-3.5000379991206443	-1.5627358346427593	-8.367199891947761	0	0
0	-1.3437795975998985	0	-2.809896604827585	0
0	0	0	-12.97961779486401	2.4433290708937667
0	-8.221280583337274	0	-25.74294799099291	12.260683598140712
-2.5484177040414444	-.4079809711028761	2.954552434738278	2.358178134569692	-1.9782826370101174
-2.283816324388853	2.545708386869359	.6881575708309025	.4944844895502441	-1.1642985044964709
3.600758657066306	1.0132896098868183	0	0	0
0	0	0	0	0
.5423441593390521	2.7292535294826776	2.1201986365169394	3.8065144514004112	0
4.816131448490787	-3.6274525109595657	1.1336906119306647	-2.1652978587581333	2.2684370691178795
1.214525551405751	.5654135395127121	0	0	3.251648482987787
0	0	0	0	0
0	0	0	1.734971882677328	-.1033109358513502
0	2.9879804164671953	0	3.1334383912558628	0
0	0	0	-6.126832118849922	.9395288274457707
-.7067979221293146	2.6759124736960147	0	0	2.6043168493514384
0	0	-2.8887622971474056	-.22842418890547284	-1.7226399137942474
0	5.1106131044940035	-4.816641658838146	0	-5.293017756383011
0	3.8372833058491524	-4.039380101335574	0	0
0	4.4108105714834265	-5.208260494132673	0	0
-2.626791022265535	4.757863250591537	-5.09261374536062	-3.17959041295612	-1.1981930170304465
0	-3.070901843261953	-1.1344389168363609	-2.335841943910151	0
0	-.8568339639691641	0	0	0
0	.056785105143251746	0	1.4926986743056914	0
.08174387273869249	4.449125775336951	1.6309756067223036	0	-2.5787514484439567
2.049661040556426	-.9586273762957312	2.3926862894025893	1.1333220241541166	.6542674134139383
0	0	0	0	2.1789127304069504
0	0	0	0	0
3.8404750153111875	0	0	.10628761855048197	0
0	0	-2.015292102122683	0	.5002821508469237
5.69834072102167	2.093626251064648	0	-2.3688001893878656	-4.346007424081884
4.277658425806521	0	-3.7116547750443467	0	0
0	0	0	0	-3.9145380828549508
-.6112188543346948	0	0	0	0
0	1.2960968238821322	0	-1.7721312097007482	.15984534630142877
3.1754852211933358	1.356264011738542	-.47515618569645857	-1.458514454283822	0
0	0	0	-.1469145622307121	-3.2454711170208883
0	1.6007625042577145	1.4079704973760656	0	0
0	0	0	0	0
0	0	0	0	0
-2.718568883381254	0	0	-1.0753841628001632	-.6524696018312648
0	-1.740809490815581	0	1.3515648254488404	-2.30701368059946
0	0	-5.490906778985242	0	4.768549054622881
3.580463660932581	.20420532451376716	-4.608903594080219	0	0
4.497066282449815	1.4471325205837018	.892185172428282	0	-.14273158938106262
1.073513449673313	0	-1.13313117037521	2.026625118731539	-.25426882519868055
2.6997896075252403	2.817040111512935	0	0	.9241838110352327
0	0	-.8059611646792115	0	-.09971206838856622
0	0	.6285597318399839	0	0
-1.3648281890579823	0	0	0	0
-.9704167673729146	0	0	0	0
-.16029277873017644	-1.5879321546901628	0	-1.5531057300987352	0
2.9534888587524586	0	0	0	-1.001186259205844
0	0	0	0	0
0	1.9134709191944537	0	0	0
0	4.114396497656301	0	-.46371947291868265	0
-2.1984422847930785	0	0	0	-6.551925223007766
-3.3712852020986075	-2.186914826214011	.9665636444203578	3.2781344235959575	-3.5415495046105523
0	-2.5929778701472728	1.3175234993756626	0	0
-1.7018173780188643	.9949098801728402	1.716924389891762	3.1536660278428927	3.118846107808607
0	1.120638558542579	0	2.978813965066656	-2.434463731982468
0	0	0	0	0
.12465547364112076	1.9362989022972663	1.604917379953252	-2.40323801257237	-2.271241190922017
0	.36207370936078775	0	0	0
0	0	0	-1.657045172712567	-.26986339645214963
.23386277914301534	0	0	1.2457450593788963	0
0	0	0	0	0
.48715432244307055	.918905336119938	0	-1.31897348132216	0
-1.7362204954748017	.17184687593607473	1.8286708037466821	-1.9978831121352758	0
0	-2.6522446570230853	0	0	-3.975649361097739
0	-3.4260647404391937	-1.9039529876776344	0	2.561617122743972
0	3.6787300549397814	0	0	-3.2236636040426916
0	0	-3.1454710990583736	0	5.093952056987156
0	-2.877958856822922	2.3826408100573437	0	-8.807160579487384
0	-.7053430025558474	3.786666181809048	0	-.998737267395146
0	0	0	0	0
2.307185302416767	0	.40005697592698564	-.5490788040974872	0
4.342245114831281	7.600646243752859	-4.525098017512325	-1.2875204758607304	1.933443057875211
0	6.9962013140439545	0	0	0
0	5.579128199553223	0	0	0
5.369498751897517	11.015238299496755	0	-.30158436694586177	.43091896312596956
.637072100292134	6.754646492155198	0	0	0
.26787120429559685	4.777412621019609	0	0	.42533654240276364
0	0	0	.6530079391297446	-.10883334677191131
0	0	0	0	-4.273003031013622
.48811028026006925	0	0	4.154851120276019	.6795469686274556
0	.8112834866006505	0	7.1784221618344	0
0	0	0	6.694167538100527	0
0	0	-1.795210263058854	0	.21464195712842393
0	0	0	0	0
0	0	0	0	0
0	0	0	0	0
0	0	0	-1.493305263770829	0
-1.3950418603561148	0	0	0	2.0884180140294664
0	0	0	0	0
-.4107963894338835	0	1.148172182625754	1.5505246738495673	-3.6144541056750197
8.133158567856523	0	3.0536615577869664	0	0
5.124607388650654	0	3.396531084969193	.6102738953694269	0
.8685737591625496	.2322513909947339	0	.7115391984752237	.07562823524923745
0	0	0	0	0
0	0	0	0	0
0	0	0	0	0
0	0	0	0	0
-2.574714645279475	-.5110724132903918	-1.9451199552660892	0	-2.0852165013358865
.8326928132754967	8.79869897276597	-.9379782900943548	6.351616937666343	.9375135469368843
0	7.00235144733391	-1.6903392696269868	7.738876902988918	-.9086241762948661
0	7.2156244698725756	-7.700014119866068	15.465810260946704	0
-5.758643953471804	10.128311343014552	.7558640927658032	9.931869769941212	0
3.9634925413668176	11.022147768823691	-3.8030086940707384	0	.8293833188251847
4.893564216406252	9.557834396034226	-11.057508862986573	5.3610336514969665	5.645211522775611
6.334407552704875	9.42032796630167	-12.101371596633326	2.477413470731584	0
9.701511207569954	11.149088968734524	-10.44853102103659	0	0
6.851084940996477	7.585373477438716	-13.305475297921658	1.4381575519000076	-6.92243924386607
2.0154639141099997	5.885096158633634	-3.937452953824065	-1.0893152206353633	0
0	-.04011552917148942	0	0	-2.290421347661087
0	.1555301803851638	0	.6231980052129579	0
0	0	0	0	-.8656303981087723
0	0	0	0	-2.7274802501804367
0	5.756651922244682	-.3480576614601407	-.46798687025780306	1.3415149932475592
0	0	-.6740084436375386	-.8818734535083266	0
-.48949812718856145	.17343186903650087	-2.8099055487626114	0	-2.8361115026250268
0	0	0	0	0
0	0	0	0	-.602687584970711
4.966813745083323	5.702102151352218	7.6575471558284995	-2.9435693081115946	0
0	0	8.288900540453692	0	0
4.402639670554053	1.9650388279454862	7.764167431098568	-3.1959822807723612	-2.905088704945015
2.656222402102701	4.54048398114622	4.639276600541731	7.1388983579736305	0
12.90425479382705	.7632659821473531	4.905468659081887	0	-8.11089470999406
5.887030116259832	.8156044946762029	0	2.469997172259233	-3.242638336825264
3.979679219865766	.8433032291452918	-6.469701531321167	7.599942201666583	0
4.117736804950028	4.533717986037657	-5.704107538950229	5.598638934537272	-1.6703632865432894
9.079807175413322	3.5385550668325454	-5.459579222416683	0	-3.266170048875779
5.849890105503588	3.2512355784617792	-6.942685241770865	0	0
2.746526054686499	-2.1883417162798526	-10.175221419240247	-.450259190097265	-3.6246207628919076
0	.9586416179979256	-7.318605250812822	0	-1.2771547492933675
-.3032386358001502	0	0	0	0
1.321578038676253	-1.8308671698906613	5.010022958491536	-2.2142665831282327	0
0	0	-1.042474179581629	0	0
0	2.9838764787434098	-4.917168748864444	0	-3.7608400754623865
-1.602053032092361	3.6384737062202	-6.227233480701995	.5623640327257005	.4896842058146016
-.260771102517775	2.887012283963098	-4.194653669503034	1.1842050773024233	2.8109953345715724
0	7.219893354839393	-.5647652291183831	0	5.000963284865571
.02563483620332363	6.255826716027759	0	-.8149784689688504	1.5133553719607862
-.13518990139902887	0	0	0	.03492807496696575
0	0	0	0	0
1.6274451646216999	0	-2.058275227524473	-1.0958594532636718	0
-.8328413125588054	.9960013557629679	-.5336609620291473	-2.197343595917333	-1.1261861868300405
3.323604902476894	-1.308609379854854	0	0	-1.402540581076683
0	-2.643356475100009	0	0	0
2.380312213619486	0	0	0	-2.08946008373129
1.9217702945187698	0	0	-2.2483318869775575	0
.8439833453633346	0	-.045094740935976485	1.3421614686520844	-5.714812856271278
2.6460334288348033	0	-.12347078338698936	2.784030015113082	0
0	0	0	0	0
6.248593515466367	0	0	0	0
6.0683971518336834	1.906213546286328	0	4.173013500413541	0
3.7869424148090998	2.2936437211611627	0	11.181236946529069	-5.136250573329529
9.84700638861129	1.609104976379781	-10.725626561942347	8.500801707338269	-.25381801090471257
16.04193253226451	0	-9.638370590779516	0	0
16.849610964853195	0	-4.765008591776571	-1.2233626168455896	-5.460645853792297
13.62731166996254	0	-5.1310604514214555	0	-.9989784702157642
12.734373554441342	0	-2.621555274144709	3.5227945798680427	0
0	0	1.0009800185693618	-.4604116096375031	0
0	0	0	0	0
1.7797921288042866	-1.845828546792959	2.123056783893874	4.257576059326954	.7286869069532286
3.013552644587534	-2.5730538081135133	1.4123710205325002	0	0
0	0	0	0	0
0	.37250443281327744	-1.7987657865298305	2.4218896977602453	.9003902010686993
.16702179311352777	.9495103944707647	2.5075956636674324	0	0
-1.0543835834277853	2.112060139046555	.509248953528377	0	0
0	0	0	0	0
0	0	0	0	0
.9016370970561435	1.9993624554263834	-.7516642774696214	0	0
0	0	0	0	0
0	0	1.17814120205087	2.6529348722178994	-1.5423518212578937
0	0	0	0	0
2.841007962197376	-.5884292506174049	0	0	1.8942485959346471
0	0	0	0	0
.9251399755363445	-1.1571001161351375	-3.9246182514012053	0	1.2597892139393176
4.090126792864734	0	-.3274428945289589	0	0
2.806008835996856	-1.9040535582616414	0	0	0
0	0	0	0	0
0	0	0	0	1.3084235133472415
0	2.9025300333847337	3.8954383658182463	0	-2.49836303402183
0	-2.6752078416728446	0	2.769812547692216	0
1.7955270811762742	.6585060355453028	0	2.124397471731811	0
4.881503194636969	.7245991026876579	-1.2549124260359656	.4369940835487115	-2.4125884135373092
.7093608737014865	-.7717619242978018	0	0	-.5434381628726925
0	1.837052199818296	0	0	0
1.751927217480696	1.8812581244568436	-.985083760646055	2.8648853869388686	.9637368660677024
4.591823607153627	2.9445340026562117	-3.4003727858516752	0	0
6.820290551602512	2.7166707098562264	4.111181518398342	0	0
8.053464962690182	7.181140717148533	6.321227432061022	-2.4800810634556028	-.14492930204777332
7.6840352537825485	7.263957362391604	2.7399322215243265	0	0
0	0	-.995283740186259	1.9746555892690694	-1.8041317968630806
0	0	1.4290565120598078	0	0
0	0	0	0	-.6259721063996968
0	0	0	0	0
0	0	0	0	0
-.10833873359711321	.6802395967263771	0	-1.3017225515859008	2.8465915515696114
3.0893789461203935	0	0	1.258275620887983	0
-2.9575529565271133	0	-.21945758694738982	.9279963639027794	0
0	0	0	0	0
.0883059719674234	-1.1314220428672939	.5378970195375272	-.12860121396170748	0
0	5.7414896088838985	1.3443509204750386	2.8648302067099185	-6.131727922149033
3.9711021600010197	3.6182804941264006	0	5.242789080793802	-5.009841210221669
4.555306523320961	3.472441571800887	-.7971950469199507	-2.3382905520789685	-2.059203546545119
5.375049984802062	8.720526987398662	4.296622352366434	-6.353691302960961	3.325819030016197
0	11.557138219713842	4.023402872953509	3.101087379461795	3.817670570642444
0	11.420176193989802	0	0	0
0	8.680337247832577	0	0	0
-.9583925735545218	10.550904053414692	-.0869697100557083	-1.6301497475346962	0
0	5.855430732053656	-.1843559975064708	0	-.2720940167065924
0	5.763742878355446	0	0	0
0	4.699839541785862	.20198506840348202	0	0
1.6290509627534226	0	0	0	2.921822728527275
0	0	-1.3848578737448825	0	-1.8378150843418322
-.38152805145925095	.8584720315248815	-6.444807216047934	2.0267853806510985	-2.3188135215672454
0	2.9796006518973477	-1.173043203524659	.1134718370327259	-.022806999621185153
0	2.4516671394272196	-1.2114130812340498	0	0
1.905659739228507	0	0	-2.8954996643910533	0
0	0	0	.27985723458549855	-5.143411634456279
0	0	0	4.248030377969503	-7.580595166876439
0	2.481536356949425	0	12.809251333128064	-6.794331761427153
0	0	-1.231500919845915	0	0
-.43208657130367295	-.09644195285015944	0	0	0
0	0	0	0	0
0	0	0	0	0
1.9878982473644253	0	-1.9987462097127044	-6.1114930541294274	.6883619021036791
0	0	0	0	0
0	4.226461516693515	-2.6857738251907035	-1.4881178741467687	2.8377821838399395
4.790254039056707	0	-6.674880646488827	-.6490889176536401	-1.2720864145117408
2.4886853629517685	.8168624918364125	-7.824192390421949	0	.880439955563663
.9988584837906601	-.14772744418797995	-5.5583103813536034	4.428682010408947	0
1.591677770388016	2.829552152547742	-5.910022897548669	-2.9388750896033287	0
0	0	0	0	0
0	0	1.6446897160622873	0	0
0	0	2.5407575134607967	0	0
1.9938436858363433	1.5363999738060041	-1.5005360809202788	.9355154088391052	1.1501974413197213
2.6662521636182337	2.9362174500909135	0	.4841756111243642	-4.997475265887669
-.7689193466467333	0	1.4597108744737743	0	-5.3034297516841775
0	0	0	0	0
0	-1.4859734015874404	0	.03847388697379528	-2.7679089086284314
0	-3.841543238470902	0	0	0
0	0	.7667750125516449	0	0
0	5.699448550563727	.9351088935826521	.9476965688073526	2.9965187161452778
4.215311309264357	0	0	-.4668929855668611	0
-.1014017207222151	0	0	3.3416570405422332	0
0	0	0	0	-.20110725797379558
0	0	-3.109543527936204	0	-2.0251069357767495
0	0	-1.5374843130713873	0	0
.9546152033461384	0	2.298583784848551	0	-1.10292447867162
0	0	0	0	0
0	1.1750405745267705	0	1.6597682214290237	-1.5849040978527649
0	1.702535078823107	0	0	-2.9060964397991342
-.6187032862536493	-.5015307299211856	.376312360874542	-.23858993070460638	1.7116622958840688
-1.0105714036927291	4.41695780220061	0	-4.015071753266699	.6590056397537336
0	1.834878253847758	-3.3997324318767883	-5.525927319260432	2.118959664843288
0	.6481177344346187	-1.356385412362087	1.716184054646268	1.759188646081741
-1.3759439143901013	3.179016972414698	0	2.670740303417549	-2.4680676506367174
0	.1906197364053488	0	-6.848109758709553	-3.999312628840176
-4.99609528356091	.011083252676914623	0	.3259030147037745	-3.617141138841113
1.1300031026946245	.8885730775945488	0	-3.568677505907003	.4743932888331916
-5.268078531053289	0	-.12348963306043903	0	1.497845287590907
.6157749371759114	6.6113868832553955	.8234001458499118	2.838767741465843	-1.4702460168889868
3.5726886797639104	4.9505425823416225	-3.217544299705266	8.71994266560064	-1.8760358579433847
2.6918020057582392	5.7149659975518015	-4.222592204074533	4.203115284990154	-3.3084970995705323
6.762417874490656	3.0368464522414897	-8.409774282930965	-1.381432268620706	-3.105604915578036
4.2383734328150515	0	-12.555317444861904	8.06266199519002	0
4.061246917324828	0	-14.266560039870722	7.8497590166863365	0
7.799755400801992	4.057692693581964	-11.178739587716922	7.08453393522788	2.464403602613926
10.760378098846685	0	-9.463999502703812	7.380786319653871	0
8.829345886509568	2.9828958048561445	-7.500225127588693	6.880159817876374	1.1873610384490398
13.74473260251835	2.704860420480455	-6.895864293322355	-2.1925505151541254	2.6768846590169306
13.543192083750851	0	-2.6364847732530716	-.11012021525923821	0
10.909327112833017	1.2210813327801253	-4.138775850980337	3.7083624869187566	-.3589641823941516
13.81714865452016	3.5445247169432843	-6.691181227866501	0	0
13.657065911527392	1.9779578517812801	-9.946546993864207	-1.1811407816469033	-4.389790033900123
10.322517147270053	3.9877500764562015	-11.043510352971033	0	3.936073341453143
8.607169898554407	0	-10.091731791354777	0	1.0167050866784582
8.574375898411162	-1.7692489035859595	-10.816416761224996	4.780577516004962	-6.1690092630503734
10.339907639998636	0	-10.736633193173224	0	0
-.950432665090341	.2958550861745566	-4.089985898909951	2.8654662615105657	-5.39738732917516
2.3561261889226914	.2168206302332254	0	0	-3.126280307443095
9.358454097916034	2.678283344138487	-1.5126818061786111	1.3283645319573256	0
4.343192384226745	2.466711219825297	-2.5436812744284794	0	3.8608440847842815
0	0	0	0	0
0	0	0	0	0
0	0	0	0	0
0	0	-2.205251510051223	-.6230837752739559	-.03451159217509056
-.4795334526091115	0	2.8104309428309167	2.074138067296028	0
0	0	0	0	0
0	0	0	0	0
5.953645925594429	0	-3.0147342858332977	2.987067938044603	1.745876177842013
1.3699628072966903	.8511163780227493	0	.3040304537716607	0
2.907266978308914	0	1.9302051876095707	-2.238283266463219	1.5895446030696556
-.7489140819183313	.8646973292418705	.36129311171574563	0	-3.5825203943720547
.9988859519800604	0	-.7919212111901726	0	0
0	0	0	4.74748852543034	-.42986546276340976
2.220754335816814	4.502642580648741	0	0	2.1381705630475545
4.538526782951897	-.6606336612185695	-2.2178899261713987	-2.073740997338624	2.3316457730071702
-2.3317884276477727	0	0	-.6831931915826517	0
0	0	.6709718707740165	3.599273480514845	-2.309016872215854
1.9884355609153284	0	0	-3.8774266811215936	0
.8820104430871546	-3.2905931854058883	-3.002159580832709	3.7666618188966328	-.7675796539382689
0	-2.4237529244224727	0	0	0
1.5229744988774532	.8386014391434643	4.344351143105871	-8.187183655056666	-1.1676652565359409
.2610598282170029	4.008003371708274	7.231328077551769	6.133152919260593	-1.2633531650535426
6.8282781597867235	-.6114428306909018	4.6407828497495975	5.063506736388368	-.09924541585775426
9.576239758353218	4.182575753009249	5.602779851793982	9.590992263739256	-2.137989236221858
12.414548148572091	7.846594115794769	8.787594790895854	3.544569314170106	0
13.06685166838495	9.341018737445003	5.211573021110246	1.454924936758253	-.6649020124438617
8.652082936984835	6.97480943186177	2.810977871922727	2.5355941959543147	-.3558775174769775
12.04835434802725	6.3414263903220025	0	-1.2983311624470146	0
10.466262920332891	3.3434949800719345	-5.926913210243887	.34831401026536596	-3.0297203077893338
8.232117356255504	5.756782821249033	0	5.3029250092840625	-9.349124406895303
17.70785093869736	0	-11.958206364813723	-4.183860349053712	0
15.738305478503804	-2.866962608701864	-16.16387212393863	0	-3.0329058152701305
11.968354108182048	-5.079458586463041	-15.734936837776008	2.258729950237306	-7.05908986866344
12.743721268232868	-6.5822132807127	-14.473566206992484	0	-9.709747873667236
4.116248239873482	-7.575271133031798	-10.177217758034336	6.049851256859073	-17.07023239988393
8.821090033221514	-1.9137435872301414	-8.975094171657148	9.956721193724265	-23.69400086394598
9.401605373590204	0	-8.76002308918838	0	-11.068871612538908
5.880364349661338	0	-7.054748732346802	0	-13.316384898602967
2.3914328622253205	2.492494513072362	-6.675588610949781	6.070392452919996	-7.348762356667395
4.161429868046915	0	-9.249651640326864	11.764686676297748	-16.757192389701142
5.199285838478318	0	-8.426833821163061	9.34247755964977	-10.190928895383259
4.788659237308819	-.18820542773374027	-4.306080542897689	1.8257077684493108	-13.291796516187325
8.132742684236018	7.68702177667789	-5.700829385225093	4.1083026828043225	-5.380576356742985
7.815167971114246	5.34786000224063	-3.3700763518217194	.18052677365254427	-5.886782426378736
8.83480415553657	7.812220516428086	-9.194694268975258	4.625966217507335	-.8181454909612389
9.486120642123982	7.703972416193952	-6.051830459037596	0	0
11.722255923877876	9.415029737737825	-3.5673900674346655	1.8526657171608698	0
11.871013920287137	11.936179711310654	0	-.8413787138457245	-6.272023397208682
7.743441541765255	14.058008940408358	-.7174144745476819	5.793446063490795	0
3.9666146444158	10.93350932985647	-.9611843127406077	19.430082753245166	0
4.876866567533562	6.841042265079674	0	10.91754471118845	0
7.531867440837809	12.060458748937558	0	5.838842325841176	0
5.137543959437012	11.024938677287416	0	13.311656355650474	-2.7669712651149623
8.208070866573365	4.301410940125083	-.6086717198409918	1.3970879431088625	0
3.08001852583492	-1.8771310062702797	-1.3104925068415816	3.8207919041982725	0
8.806728650469706	0	0	2.3645722358874877	0
12.440259660420924	0	-3.5966979604482314	5.351122113968357	1.8507337911156356
10.784879592488513	0	-9.565537139222126	11.75173187400316	0
12.600216691785992	1.2869354135526136	-4.506067996322473	0	4.088800603703886
15.654013291498666	4.666599462902019	0	0	0
13.994214416453339	3.234560540235539	0	4.0638735214083725	0
21.200867896881846	7.41029122700114	0	0	8.057567011195104
20.02917713897674	8.415669831373355	-.05081644936892593	-1.5403772303093577	10.188122232159806
24.47242285981605	6.65772917511619	0	-9.124104630712894	3.9965523358735138
21.987917775878817	5.32530980610337	0	-3.373346170505345	6.292514453058115
16.733019334911294	7.3033411661195045	0	2.7459115586410636	5.965528390591932
13.425179769416538	4.058827929949339	-2.4114807227089985	3.967008098690515	0
12.535464952860705	4.772277373185604	0	0	-2.7671337503097315
15.340931877350721	3.6088635893350434	0	-11.449747995352642	0
10.90489648135566	0	-4.468383230865449	-.7853979491563016	-.8083525648252093
5.665186048805977	0	.4760701081494496	2.2347277394744705	-4.692359314210845
2.6498077650562495	.8765721946556811	0	.5521085829864892	-2.8747917531051197
5.228602748560835	.7088494444170301	0	0	-1.7148342334121742
6.729142549854661	0	-3.30631909289877	0	0
3.817058164862043	4.262224774405737	0	0	7.530782939868282
4.232796949137864	0	0	0	-.40803566316380246
2.611155273979562	0	3.9641772757301283	-.6660481901663571	-5.864939848806774
3.3751787410176575	-2.4881617178670963	1.6649486164929743	2.4439997247748217	0
0	-6.891207418430673	1.1167175043599749	0	0
0	0	.16080309284287422	0	1.0116956584530206
0	0	0	0	3.24428139785806
0	0	0	13.18514038785716	0
0	0	0	0	0
1.4158271812908476	-3.6422532472794846	0	4.901378204892948	.8439433797087303
1.5875836165545552	3.9630183462893434	1.4812836900335502	14.872344918443527	0
0	13.802767647424723	-9.220401774593594	10.786091758271155	13.609540395957373
6.9114311205306045	3.0537638169766192	-1.9690138693485644	-3.508245744059248	1.3480667125352643
7.640246750455995	7.4930647160558355	-.1049677978573843	.4922658540096809	-4.812180128535481
5.8350056287030645	2.947421717376937	0	-1.9918436366213015	0
5.728180549433484	1.0419032620909787	1.243303838181713	0	-.48411739162788403
1.786485357320285	5.435068913164329	0	.5474579112667275	0
-2.156805804826299	4.149820345354686	0	5.443265169887055	0
4.801503280479828	4.767122224010421	0	0	0
0	0	-2.5560180865931836	1.9362948532518447	0
.9684713175259517	-.4303997380528161	-4.901157090056305	1.5669431280659452	-1.046865257410913
0	0	-2.0086799639683957	0	4.725169436417629
4.412106887823365	4.011654566057512	1.9538410537168072	-2.386765733557901	-.18316216929955087
0	0	0	8.52970595003514	0
1.4845258598534266	0	0	0	3.565595613996469
-1.603315126884674	2.7725598408221837	2.0676336954165655	0	-.37145649210768517
0	2.6396518875531774	3.3362777281495024	-6.053908975042884	0
5.21323849551656	0	5.5301097566425845	2.6710730168093546	0
7.239683507860787	10.218706878054697	1.533108306149234	4.347596265754408	0
10.509024461906256	11.248632459806931	5.104343678807794	-4.240387477521224	5.583213891053214
9.788600057952925	11.621774425907438	0	3.6310756191765226	.5901538929850028
12.3868177156905	9.35974000269442	0	-5.04149828892059	-5.954784512125204
10.56903425572219	9.291453216231405	0	0	-5.50922346903965
9.464384677531541	8.374113998789555	0	1.980357777798873	-6.61214024970261
11.614948092431817	5.688836394820057	4.894438540726219	-7.7212244341748715	-.661595250111155
11.201083959917533	8.656259886201665	-1.802405960315059	-1.9263346148439444	-2.7760375491431297
17.057011720970692	9.783115782656271	0	-5.488881304280398	0
7.912884969680425	9.131128885933979	-4.61453265836579	4.975215381976051	3.752692137624131
5.382687210109487	7.708156160008815	1.6669500477349324	4.107986622395146	0
9.361606809840843	9.858885516016823	.5559934994350427	0	0
11.14525437607684	11.326503233421025	1.5596793210936881	4.999915774115486	0
8.9982564458302	10.033763813797128	.8678344410711484	4.261308662361547	.7561224326734413
10.707674856655768	6.160998538748521	0	6.729144533443053	0
8.463713700839135	6.6191618428493015	-.13616306684296775	11.277260744518829	0
11.33346980218547	6.209673645003744	-4.291814900449486	5.632597377172908	.700359183843975
11.747714370268904	7.28664269481638	-3.764200205271086	0	0
12.66350966308119	10.15241819602297	0	0	0
16.150771861994514	9.319879085921709	0	-.6779752637708444	0
13.151973602950962	6.164553695976121	-.09224755698320197	-2.488108347929593	-3.274845960343144
12.306074021444624	2.867006748768575	0	0	-6.302731487161079
12.588401495740703	5.963775453094067	0	0	-6.5331998946250724
9.680899758497764	10.501519099768723	0	1.4507405226454595	0
10.377446589849319	8.77355424545219	0	3.6958902260073	0
12.49937313305154	10.002237137705674	-1.388442556134435	-4.730879105654784	0
14.226515853954181	9.245532453587703	0	-2.6700387970580115	-.41979546147854796
12.976940850842368	8.641648911010218	-6.069736387712512	-1.8459285082715868	0
5.810514976189379	6.192297229295241	-2.3650730689317254	10.835969682401442	-1.95685399677458
14.948679426699599	4.443924487922494	-9.636197941422836	1.1732292230477503	0
15.629659986492186	8.841933350046647	0	-1.125197863581518	-.5138277744584372
15.510770681470875	9.329334708993226	0	0	-.21381602952576984
12.842168550679553	9.07935000031603	0	0	-1.6644025827231324
12.17934036270106	8.330391084241976	0	0	0
10.905776469229066	10.75207910584876	-.9042914219070998	2.1776854296253303	2.6337699109461097
12.176163592174099	7.161373104571787	0	0	0
12.001998337494019	5.6344444008789845	0	0	0
12.727996766395124	9.019698394063056	0	0	0
13.856175111999384	5.542953619998376	-4.49132108175296	0	-.9198255477911548
14.574478830009209	0	-9.85243557130266	-.2084958273784388	-6.6623541742602965
15.55934764756398	0	-8.135969800593426	.9392416778655985	-4.14369598182525
6.944548868006592	1.5374602509507598	-5.69229199028906	-.3176073674340133	-2.4553373258145434
7.9481230025441905	-1.7979639776740743	-1.2376791922506527	.7984089356871391	-1.4555657012757797
14.41534770248093	0	-1.826496246603052	1.083655476155374	0
13.821548637077232	0	0	2.2814815931704615	-11.527279004460702
12.129350501204431	0	0	6.686871837252838	-8.65198766379856
5.631010959617985	3.92660668436183	2.3123882666560993	9.72745697142258	-8.149825339267665
12.77403724405469	3.294741457756818	.20923111156428464	13.057548177215807	2.9326294290788573
15.272561931004796	2.7365989414216405	0	3.6127889941347235	2.36063798846993
13.380849319987076	2.8231116694709484	-1.1460335009573683	11.979835785064855	1.6322150240606095
16.968658538194806	0	0	3.314420428978096	0
20.57340486830333	0	0	0	0
19.1316550438356	0	0	0	0
17.551600717245623	0	0	0	0
16.04269053920326	0	0	7.2682760241727715	0
11.840247081786469	2.264154781469344	0	3.955420878480864	0
18.63524430981002	0	0	0	-2.319045477439198
22.22893741325291	0	5.300563937976843	-2.6497004068129852	2.992014145353068
22.90829699121909	0	7.264176931759753	0	3.1433819280046076
23.670906652433672	-1.985553225710698	7.115948916222107	0	-1.0924424816625893
17.814889246797275	-1.9295658460634812	9.131208101089653	5.737823752171391	-5.198325637662492
20.13296980260091	-4.027330896633592	11.315625391799488	10.558990068520666	-10.742726912210735
14.75552009023846	-2.8332700334849745	9.783555173575504	11.044804751693329	-11.56842067014409
13.4267790209185	-6.203223242500689	4.246239316856308	14.778751474707278	-10.579479476047359
10.382370307406605	-4.236979051159459	0	7.4169085318449435	0
15.32832835004548	-10.897313983121078	1.685636343894797	6.32058479597688	-1.0888578078918496
7.518099306303754	-11.062995138035166	2.201915820568645	9.13057717226918	-5.593883880972202
6.367605408087483	-8.124619356254632	3.0482137610516995	7.432375035673326	1.0195762525004108
-3.4622833468893788	0	3.1383898867244957	1.9914008819579219	3.492215123137947
0	0	0	0	2.6119603038580643
0	0	0	0	0
-.26385255718622963	-2.4094964423060556	0	0	0
0	0	2.462973540859384	0	-1.4313692500879327
0	0	0	0	0
0	-2.0365576998556665	0	0	-.17120320176725
1.0702952851137457	-2.9676269636498507	0	0	2.4250086869541705
0	0	0	3.938400997876587	0
-.9413711401266384	0	0	0	0
0	0	-.35952040401783814	-1.903258215490856	0
1.791350574225868	0	0	0	0
7.246735956329896	0	-.11609161902161022	0	0
8.004546116824041	-.9241713500805941	0	0	0
8.213239620707927	0	2.9060530803329896	3.0570816314831926	0
3.2914539303286348	0	0	9.41691841878254	3.582714125408753
6.2460143048268435	0	0	7.6639782149589735	0
3.140599312716433	0	0	7.918087479658779	.5576622061686523
3.030030520286371	-2.623806432440546	0	0	-.36433213606987913
7.072287144366712	0	0	-3.0690627625356504	0
9.741510821573781	3.013161753954208	0	0	0
11.363180829416892	0	0	0	-5.450563343145944
6.44675349072705	3.055078203688706	-1.7633384485099295	1.8217197667658727	1.5462001523678839
2.361773562271911	3.5136591397355557	-.8410949438988329	1.0237143616873778	0
.6110186040530783	0	0	6.603596587758333	.08782687496860442
2.3852071363665805	0	.7323540771676044	3.5945929818258247	.36327333608328116
0	0	2.906203202235652	.5758777075863352	.7746175153322584
0	0	0	0	0
0	0	0	0	0
0	-1.1872768108268859	0	1.1742506598423335	0
3.566834102653405	-4.424988596180043	0	0	-1.3808564062404651
0	0	0	5.034539714892764	0
0	0	1.0820502977328985	0	1.2183613847313057
2.9084425471940776	0	0	0	0
1.7763957172846505	0	-5.702462145968428	2.208948506626411	0
3.150956558691436	-1.6369797352351811	1.0311675228614106	-3.9245745910129974	5.099250316855214
.9226533997969404	0	-3.602636002462164	1.5246427759138004	3.7786392675334826
6.638318513401931	-4.433354399530698	-.3973730801078392	.6066767307035543	-1.4467280863611958
4.220330270275164	-6.318299249888754	.4691983677218602	5.438296422530579	0
5.9231265866907234	-.5412355427107101	2.8747282001039256	4.064309928007678	4.442542701151113
1.470493040479572	0	0	-1.0975877449693705	0
1.3814844519097402	0	0	0	-.9599454306683272
2.6787176397874095	0	0	0	0
0	0	.9126198743796945	5.163796986615884	0
0	.5555387166682668	-.6839537838123166	-4.735011378991509	.5123623063287458
8.3129494627629	0	-.5743949358409199	0	0
9.096299537897155	0	-6.383356601717048	2.448401861959173	.4400688380837723
4.7135932237931195	-3.8914990722654457	-3.360767385165579	0	-3.1917095477368402
0	0	-5.175542783280541	0	0
0	0	-1.623266776598622	-.8239251934443376	0
0	5.47671562023669	0	0	0
1.6255591815562622	-3.193338561445759	2.379297216570546	-3.2882580584992445	1.5426040144295035
0	0	0	0	0
0	0	0	0	0
1.143856459049418	0	0	2.996191907159984	-1.0376263507204693
0	0	0	2.20492224321498	1.3429425760735532
6.696849351345073	0	0	0	1.717475082343911
8.921626805846483	3.327769426885205	0	6.964892686229422	0
10.322970305473243	1.8745112552038365	1.078198358178784	11.272378328023393	0
10.441458834689335	4.160011419730332	0	10.3590147363881	-2.3900309730758424
15.386741988749518	0	2.1590841761235375	.6843795198499703	-11.34318784899328
18.106657793982066	0	4.890378361766845	0	-17.415687197246513
14.775635709114948	0	6.055252710667767	-3.8144791245951466	0
7.039412675354017	2.8840071491267345	4.468158481341505	4.294686767173935	1.5822671760579605
5.659015937985084	0	3.0035372697321177	5.254287860046308	4.1375594544586125
6.004372782223431	-1.842633224898722	0	4.616021861212191	0
10.819456918156723	0	0	0	0
10.250060977059936	0	0	1.8074786738893636	-1.6088305640886262
11.055375771748496	0	0	0	0
6.348533512927132	5.340091507361413	0	3.233411740358779	0
5.602529491335481	7.877384304366592	0	7.81243285683637	0
11.29210319842045	6.508549937488985	0	8.007857181033039	1.9904691479815568
10.970990432880926	5.693491314626659	0	5.107795000345215	0
15.710508080679094	5.887122347044802	-5.569343170764039	7.958785888984222	7.4672389127106396
17.626812696930482	4.975229423313241	-5.982383230311092	0	5.163201122045766
11.281779717793086	1.6534439717536629	-.6648225022967804	3.4155727896235075	-1.2794133336828497
11.791907352960187	1.9341628711840313	-3.3359002529482136	9.810909059549083	1.1513136065247564
11.792205490105573	2.661642410246369	-2.659234577727051	8.885926753307361	-6.772030641401848
15.763559678845462	9.534352746730269	0	0	0
9.898421140723539	9.163855581522045	0	9.674601990317507	1.7207467965822127
5.966288852729616	9.304405062460182	0	14.094080907611719	-1.9623152354649367
7.774621804244151	12.0900003737313	3.6084055679385227	9.880377102511915	-3.7339761502713182
8.76356734551446	12.763363720291519	4.5562827326872455	6.83091395368182	.38514709903995914
9.304113431838275	9.287623215511982	.8455664247002537	8.121132669415106	-3.3269197509465074
9.933931596347437	5.164209119056871	0	6.663469006466236	-2.9210903900578042
9.31709633620349	4.125948719657119	.7460396593447678	0	-2.2962429063441077
11.663497759449765	1.0375190434975956	-1.1424243586182636	0	-1.795172932942857
14.648906092507456	6.958166075005948	0	-2.877743166230748	-9.30633568190882
13.89913618198685	0	0	-3.6124652471768184	-20.044101917468478
13.532923505931645	4.703275916473508	0	-3.926146232807339	-5.178483638942296
12.15934129125571	7.716063935687355	0	0	-5.587700307274157
10.459063821372682	7.202860367957601	.911283990564627	0	-7.058085529028637
2.938734682736173	3.687457883370194	-3.712409858258118	6.48040346132933	-5.6960907667427225
6.712202065970642	2.0469835583682343	-4.135869946198669	1.044612125917543	-.0933245774278848
10.890195061979268	2.7300796899258346	-1.533914183238529	6.013042176774678	1.040126151041326
14.267970509685941	3.0831479371956534	0	0	-3.8740443513515563
5.867229901422454	0	0	10.290249589667924	0
0	0	0	1.438609604363982	0
7.922256954667564	0	.5267461021245341	0	-5.8318108584040536
3.333950305608591	0	.3023745470091218	4.557658016173917	-1.3396295130826776
2.7150667540963234	-2.2936435784604794	0	0	2.3371162181588927
5.239899634506793	-.1519768834968715	3.325867844098243	5.03360735080791	-.9570622989599374
8.362180850016241	4.524020355791236	6.264166802368347	0	-4.234640055826492
1.3504312180662401	0	2.362921330443751	0	4.135605561356795
3.230309980280044	.38315832727809873	0	.3763307783044523	1.2063464587069266
0	-1.0640908589481728	-1.9627903051724016	1.5712190275456137	1.6705871988743175
.023559726724695085	-2.670166602356323	0	0	-1.5772304709178817
-2.016400108882404	-1.8976054696614002	5.6019997159107255	0	-3.8155612254691786
1.757248228342584	.4276906949503896	3.266947811182296	1.9330416429443316	2.728354669426454
-.32854096557700196	.4722033722495415	-1.2639457608767928	4.717466628430993	2.3038969835353527
2.65859120367844	-.41792397117738556	-.6011731794008995	-1.5801782942127591	-1.2644464589421833
0	0	.20183195859170344	0	0
0	0	3.6117551257509133	0	0
8.322054832045747	0	0	2.7751110804809938	0
5.29469442588315	1.56632591690117	-1.7415579748368413	0	0
4.945227210097995	1.4645820502686253	4.629557905268892	2.1936029736016875	-2.2249437605965823
2.1466723169901814	.7744752382725877	1.4188142261295802	1.849447263599287	0
5.196662815223323	0	0	5.078153189784186	0
3.52726121682785	0	-3.253366152515451	3.1080054125416012	2.3137321305693095
0	3.283267115641941	0	1.4155383837990003	0
0	.22915304829584093	0	2.2582225801873315	-.18888658551145587
0	0	0	0	-.9578052058831571
0	1.8651585312481544	0	0	0
0	0	0	-1.807315792943488	0
0	0	0	0	-2.2302408332311625
-1.2309306456571418	0	1.5583577745930282	-2.697784239131065	-.7263294435967644
1.6404855425229803	-.13971390382111223	0	0	-.08650475346169562
0	.3345609879268691	0	0	-.4941760795427714
2.4201871129755217	0	0	-1.3572544755277998	0
0	0	1.4122724264048065	1.8186728981265348	-.8964138087337048
0	-.472913846998134	-1.7655507408248137	5.38853124032588	-6.3139918962649
0	3.7416471989742197	1.341549927335242	0	0
0	0	0	0	-1.3641010670016707
0	3.510670080966624	1.0502692871899466	-2.2572507633347043	1.7878897237515916
0	3.375759487750588	0	-2.5176428854933457	0
0	2.5205838809633856	-1.6875955550371642	2.130926039669926	-.33165325844849225
3.367789037241981	0	-6.28537239985663	0	0
9.835131544695042	.24063832156304832	-12.144891381653164	4.350831388299517	0
9.555150491742719	.964567871949507	-6.755963745038903	9.225584862598149	-9.065134144367995
11.158082840744065	2.890326915097891	-6.519668044304505	0	-.9342458284911399
7.847777130707415	5.965491646084443	-2.277291170195035	0	-2.999239481341216
8.322123015275208	6.722999618811235	-3.823094157927103	2.0455614422764126	.36560958710086305
9.696114182255146	7.762205108325044	-3.081494178487016	.6508428699875523	-3.717935648305886
5.019105565422908	5.5668079242887325	-2.889156345295171	2.527529472332569	-13.181581552777828
3.6503863088880686	0	-3.4133041592342415	-7.110917168371234	-7.944551339514961
0	-5.964827004984101	0	0	2.2111274104028085
0	-3.0885827482199946	2.588645748294925	-.8858986159162632	1.0765092567666525
2.762998569837589	0	0	0	3.3055866293049703
3.1045029648351203	-2.6211589139607425	-.3402485208929562	-.033320409066531	0
2.941041243815716	-.9030343578993069	2.7921030939105305	.7862205698574292	1.40244113239896
1.394860746184552	0	-2.292135732500772	4.131077610473628	0
-.884009649965025	0	-5.534594559375872	0	0
0	-.7539261445962564	-4.737046613326199	.36736535306871176	0
0	0	0	1.3827386516359028	-.42735036998811415
0	0	0	-1.0114292224930015	-.01087189817630477
-.4718906640833515	3.327158820353617	1.1989201892850019	.7916419404716251	0
0	4.010187899307064	0	0	-4.3628807929089355
.5922414794293966	-1.3230644961536098	-3.137491771841203	1.6896120353606607	-2.4493643216964056
0	0	0	0	-1.6513844745322273
0	0	0	0	0
0	1.2606969334496165	-2.907278792091547	0	-2.04409186051901
0	0	0	.7233069386301699	-.41122539565040583
0	0	0	0	0
2.030090441068313	0	0	0	-4.157868455310774
0	0	0	0	0
.8309775100984895	0	0	0	0
0	0	0	0	0
.7176472648812995	.05413331376970398	0	0	0
5.091391760493198	-4.168603583365445	-.46697895546224866	0	-2.1977125912480706
.2797688790504361	0	0	1.1748317123738468	1.8778877131963532
.19333937786438504	0	0	3.0891464045294357	0
0	0	0	2.7650523924442894	0
0	0	-.9089694255707506	0	-.35460722282735646
.3149121624740856	0	2.5794301636515224	-.35922493979022946	-.23789024369258585
0	0	0	-2.9719597793949992	0
0	-1.5153387388005273	0	0	0
1.1333104652545423	0	0	0	0
0	0	0	0	0
0	1.9734011730881948	.8363757303830702	-1.0292925092423006	0
1.4959484861112924	-1.4577854463987163	0	0	0
0	0	0	0	0
1.3035352591363787	1.4738850034243605	0	0	0
-.9898488806861807	0	-.5046085727675398	.2310003971022201	0
.8668150912614914	0	0	0	1.1130995612536096
0	0	0	0	0
2.0556496603217442	.44096525079701443	0	-3.6816304819489187	1.7036645474176055
3.76021076988128	0	-6.483407208423915	-2.6003145608115803	0
.9363474574761708	0	2.537920526707752	0	0
1.0706406130481183	0	-1.9996795778632626	0	0
0	0	0	0	0
-3.198975256660597	0	0	0	0
0	-2.128056685887316	-2.935706453239362	0	.514515702875704
1.2186832287347449	-3.4189522517425592	2.4056762392194475	0	-2.5836964737670742
5.367429124222876	0	0	0	0
0	0	0	0	0
0	0	0	0	0
0	0	0	0	0
0	0	0	0	0
-1.1604861229281234	0	0	.07076543069642842	-4.60502752692874
.7435199636535743	.5793638715878	1.7079924475620645	.16887089654035958	0
-1.6751239913617817	1.1677101575686903	0	-.17227635557033694	0
2.8173807566215983	0	.22108999376537164	-.008001997733821486	0
0	2.656062332763624	3.795513674110401	4.953020363054474	2.4730328671187283
-.444136767965079	0	0	-.5211771043410506	0
1.9079620156607593	1.7525508933648652	0	6.078570494858788	3.380585181762649
0	0	0	1.2264456920093685	-.23889712593781054
0	0	0	0	0
.05940287101486996	0	0	0	0
0	-1.4971318673735974	-2.666099834738053	0	0
0	0	-3.2489293468228473	0	0
0	3.348641995019329	0	0	0
0	4.994164705666416	3.925609436264722	.7838968013611016	-4.870483401119006
0	0	0	5.398280723949757	-1.7735251606508322
0	3.1653702915126267	-2.0327330028293904	0	0
2.4072873683673692	1.9918139346052106	-3.298927330412943	-.8278958139486915	-.11331201277491187
2.5667137007511656	.4177160249369654	1.5871452571322773	-5.19926537302102	-4.111230112934874
0	0	0	0	0
0	-1.9586381288668302	0	0	0
.7429783652637796	1.3101253121938612	0	-3.969777844454276	0
1.7547055451934388	1.844552546902098	-1.9918371502327006	0	-1.8320157954182543
-1.0847618834630126	.5752610258745391	-1.3645821493274863	2.4527577914081364	-5.053745933246438
-1.6328588588131931	1.8926055139716085	.5501475509466021	1.3236452227240383	-5.535740804732519
2.703980251482503	3.4005016280139198	1.2304620854883987	.7656248152928254	0
1.2547886257793226	7.103847698972449	5.593699283856948	.194198532813459	-3.7941717462888036
0	4.393166976080185	-.6457771467710185	.22750809359465007	-.6805503543745739
-1.266524103374842	2.2447118874886978	.3133470245644178	1.079297038221974	2.186133740449557
-.9876840128980187	0	0	0	-3.9580440794314495
2.560735137952909	1.6438214138412919	-3.307655499538626	-5.550175359935473	-.9982908316893722
4.618957736239519	.5757044306547674	0	-9.834749845591563	-2.0821242767064434
0	0	-1.3581289063470399	0	-2.6060032138873397
.9324094630680669	2.628996891917051	0	.49211212813536404	-2.3629636868238615
4.820966914188216	1.221947754495679	.6017654328366254	0	0
2.4065402833354614	0	2.7589896164126424	0	2.1492137486880596
0	6.088312196218465	0	0	0
0	8.988611683174387	0	-.31606690463001597	-3.9333649905875325
-2.8882791495566806	6.2266686789425	-5.41341461656264	3.1419917380275058	-2.515907613097337
0	4.533058627097395	-7.6113325873027655	0	2.1430960059053903
0	4.630710571257072	0	0	-.67112330867123
2.6719556650895564	1.593729569873738	-.31847707786284585	0	-.46025696815682315
5.883129433405176	0	-4.814680645352422	0	0
0	0	0	1.3985169014948073	-9.429229128054018
0	0	0	1.3317288748256586	1.6187014943227243
0	0	0	0	-3.8798561945408414
0	1.8704000238156864	0	-1.8149945173136426	0
3.5928785174277067	3.607226525239053	-1.802740918074827	3.40386156245543	2.7894052893190278
1.6988556955818415	5.753065794635914	-1.888705855924291	0	4.4948361682197255
0	0	-6.141096420641872	0	-3.492246486592737
.7753826123081783	0	-6.166669878642241	3.7586179140934144	.006899316930876198
0	10.573987705184312	0	2.74471637646978	0
4.5668260564684005	14.145373728292347	-.6106413870976559	0	0
0	11.9288753417333	0	4.202587628104496	0
0	16.647849915022928	3.2357627087899608	5.384418359740943	0
-.3665620525705523	13.746171711411877	0	10.154782890730857	0
0	11.829644060447563	0	10.167890464656967	0
0	13.457619809982184	0	2.172616497263938	0
0	9.507608785727262	0	0	0
4.764308110517716	6.189907360936425	-.755809254440175	0	0
2.7001170916214723	10.23891780267026	-1.5870967982367596	3.5574336899731587	-.8793074672858787
8.683313659837529	5.654177800048159	0	0	-3.142566085971942
8.67454509980502	10.655736116482393	-1.1257158184389522	-1.5852506251972707	-.6344665149858955
5.175775302702373	-1.8763552302640134	-4.504121025971334	0	0
4.731925095953763	0	-2.449795863749114	-.6332319666898132	-2.8041233848292806
-.878613442596485	-1.7061018976025422	-3.253629850945094	1.188191038897488	.09807612538543681
6.305241985443198	1.4032353267127808	-.94284910598854	.33800941136379814	-4.43548034161233
0	-.08167342057656696	0	0	0
0	0	-2.19456957988537	0	2.046294910927483
4.076351681349554	1.9710596505257345	1.804993176874684	0	0
0	3.2492097947319776	0	0	0
4.15025684090433	3.0217175700311056	0	0	0
3.51057812540544	3.187403679725	0	4.99372351462492	-.9827200180912591
8.213198436707408	4.275810260331339	-1.3747293494935908	6.755472010495819	-5.529111358818393
5.0565993654566235	1.7028342656529027	0	5.69350695921323	-2.307921451721188
2.172527755374458	.5038955123425717	-.5137175921660163	7.294092658176456	5.648920619042696
0	0	0	1.9934605283150315	13.53943470092042
1.931204732031607	-2.6811245507678216	4.510112678730031	0	0
3.725895776522113	0	8.59966188778141	9.081122774518121	0
4.732465062269433	-3.3783476159994104	5.731704332445331	0	7.831976715658176
2.8937731145999943	0	2.8542061233790563	-1.834102305608968	.9660014322082773
0	0	3.864281951949372	6.373064665950474	-3.0644959468227615
1.073729856351596	4.515667912761573	-3.909067698512795	.4974051216919379	0
8.4504617378216	7.711895790904805	0	4.435260834495933	.9368710640243183
13.407605368044178	15.523489619095923	2.766838201591657	2.166498384411832	2.183327999802477
8.587051148860457	9.285859440284492	4.879282260007372	0	0
13.820182650289508	11.702289228295578	-.7472811442094159	2.0728362292671187	0
12.083015857965755	10.159914461144156	2.829680575870103	0	-2.264340198175776
12.276877972405014	10.63087092265285	-1.1405799881910426	1.3904337538793978	2.259515849841232
12.17659007043512	8.1981174077172	0	1.8862057004769766	2.6779842245816465
9.816847491683289	7.610675892162491	.7157010968310928	0	-.037491880700772584
8.550688570076083	5.258750338789277	0	5.679491035196749	0
12.859596152601613	5.755911610117144	5.561326777035383	0	0
17.691054513290528	6.8084494079477285	3.1756553284041766	2.4129893763208674	-6.335845533600915
10.346873628068332	-2.0655921519670257	.7900414587828857	1.444958898620236	-6.867581092428863
12.511017695281117	-.3933344078372042	1.3278818504846983	8.531327317684005	-3.2924317238929355
9.298605674349533	5.9675693112499975	-.42494933596426	15.60370635582988	4.5563018166936695
11.463595376332462	.2507806748062529	0	10.948215452300163	-1.7366279790330197
9.966408980880818	1.799516640443387	0	13.61243345672846	0
9.249662839854784	0	0	8.67784045095803	0
6.765029810373472	0	0	6.6729008708366955	-.7654808864769617
0	.9280434910370509	-3.3894896176723766	-.05876165105800074	0
.07253142672184754	-.5142534563754194	1.6862770646622298	3.4726733164004924	-2.301599901184342
1.5475175789303126	0	0	0	0
4.074679234097385	.7521793948415595	0	8.437956175287997	0
11.84277283733346	3.7018583808139467	-3.2688167139152604	10.923017920671034	4.237525531079935
10.684334842465201	6.878906214491221	0	10.669517579535643	0
10.688250248428162	7.033816888627572	0	3.4454031890488226	3.823155672002457
10.074594702617832	5.268827668177725	0	9.361340721328713	0
9.82687219182447	7.779932043708764	0	11.697253383572685	.3105689634689365
8.467651753798588	5.607264905950599	0	9.797155887704202	-4.30730251320202
7.419306721988953	0	0	8.169149626283419	-14.203637955182723
12.410933897005087	0	0	7.291938406287681	-7.5270499389305465
6.990248938992263	.38602311791617244	0	8.718816379675015	-2.3636874148983287
14.724202782011892	0	0	0	0
15.370266987085284	0	0	3.7051533988733616	-6.694022078777982
16.383793060634392	0	0	0	-11.295407492533773
12.041111481111002	0	0	6.598799905964556	-12.140223209257687
10.919135479307343	0	0	12.248822942077641	-13.10477110235518
7.621841793483929	0	-2.1359537878777752	13.83875360888204	-7.020169381878021
3.636619681941334	0	.5841338360188346	0	-8.4974679459817
6.034389581223893	3.4288484250551807	0	11.111077613020521	0
9.133001332405152	-.41516972779571537	-2.8838805291771954	12.313378758927406	-6.482116428513647
2.966947614637631	0	-2.3464501218135405	.3574010850193561	0
0	0	0	-.3617320916342337	0
-.2964912802486852	0	1.2882423454810004	-.08241522389451278	-1.085736433433822
.18216315080000967	0	-.9486389094546372	-.1740132874016378	0
0	0	1.7004732475167605	4.479124843270242	2.925899694554671
0	0	0	0	6.23816648558981
0	1.2399063843133262	0	0	-1.630939394182343
0	0	0	0	0
3.534912760488058	0	0	0	0
4.91542606256081	0	0	0	0
0	0	0	0	-1.1529589015630315
0	0	0	.9645945624226344	0
0	0	0	0	0
0	0	0	0	0
4.620334499768219	0	0	0	-3.3941742509900203
0	0	0	9.467399412552316	0
2.328598637473456	0	0	0	-2.793100379088923
2.4931463148442456	0	-1.6767489889793468	0	0
.9475807374501937	1.1046346255481954	-.18791026660031362	.14608102531353384	-1.9160531437382575
2.1250513294366145	-2.626280463936677	0	0	-5.0005252305269785
-1.5117127163623703	-.5232976434832205	-.6186891213940253	1.8473074850292492	.7708325022676363
0	0	0	0	0
0	0	.35633513236345005	0	0
-.8483494624336152	2.984585608699444	2.3850175245678837	2.0686127215723578	.7198960206015514
4.56304632777736	0	-1.1401591973852203	0	0
1.6089246636332204	5.44997669835485	.961183497884476	-2.7512951722219534	-4.77548015368464
5.850085471493337	6.819282790276099	-2.8486895638888616	1.9066454136019912	0
0	5.6049207115009745	2.186935274439813	1.2557177270874904	-2.4426888081540934
0	0	-1.1863155340217	2.7226878030259716	0
0	-.25366441614983204	-3.3823450155579957	4.830436386657709	-2.9056496287022604
7.558634742196969	1.1009946621198725	-4.074449025480212	7.2150850981062575	-9.688612034447289
9.660381921910536	0	0	4.944574581082316	-10.024193453730394
7.428273309943298	6.543501671937469	.6657430498442866	2.764522757079503	-6.689941567921581
8.024794695275695	7.881169113495724	-2.335845947944951	3.311973628621477	-4.130933211020434
12.823616532636091	9.571570714131399	-2.439295135781516	0	0
10.674247034044019	10.558066471823107	.7872118894327658	3.635389746899869	0
9.32408915948627	13.609252403251487	2.477713027402392	8.036939362635744	-6.664731158310602
7.775704872752705	8.655361778283705	-1.4373218919744286	7.134412187692876	0
9.604139982879937	6.12936758316483	-1.6267010378869418	6.3844539684272865	-.5882292662975704
8.897238360186751	7.329242984642286	0	10.060116075957751	-6.236296291217961
7.337235844061881	2.4947309991228876	-2.146552740423835	7.542183685003389	-5.390972412047858
4.548234522665341	0	-6.977487578724997	7.860068198542919	-2.394205908734791
2.0567057668621063	0	-9.366682803029686	8.38482901037198	-7.351549013127915
7.7045491272226485	0	-9.46306340785945	2.7987105466877487	-6.226377576953021
3.3616116312929787	.41574918093580515	-4.550781523164465	0	0
12.423930712813872	6.202857563815094	0	0	0
12.226182785983678	8.194870141608279	2.7623020959854596	0	0
14.265409589281445	10.147140868057406	5.558377435128994	0	0
13.54274455685429	9.222008978625787	1.3521817869517663	6.648351463042261	2.753726464542355
10.180117575161692	5.127796763595309	0	2.3449978866566927	0
8.469827615127148	4.484467575348336	0	0	0
12.464343219795541	5.635610133121378	0	5.277309404540537	0
15.527681160855376	12.137088446280995	.8096327534755328	-1.0811759165659536	0
19.398672521712875	14.053073162924415	0	-9.928690477565393	7.2726536057232565
18.133506694245654	14.87935617630163	0	-9.837688344187145	11.807375527682856
11.221799099056357	9.30294318055247	-3.356488794634861	0	3.7464342961098054
7.803634648873157	7.078456276892409	0	-2.2585042081145397	-5.557399730284975
12.783281516938388	2.195616564972253	-2.303441508623806	1.676715915711031	-6.199348605898235
10.860960380851314	0	0	0	-15.951913363000138
5.71812661868852	0	0	0	-14.649052371531193
7.205825601222067	0	-3.5963078655756506	5.5895794147094	-9.69572867339517
10.612730943913112	6.704119790476348	-6.795579251928126	5.438046502963113	-2.727698437597619
11.777251139241708	5.07701335562826	-3.064939234456361	0	-12.120369695625058
9.980770639274127	1.542264279056246	-6.638018250731948	1.3511954407150941	-9.04244060799673
13.989562109809764	0	0	0	-17.614278463451
11.04179901674419	3.053496835124444	0	.911983681057665	-19.47484392688586
14.520244812773534	2.9908482869838195	.8755750188918523	-2.9709597631970377	-19.08231486076395
15.854062846648707	0	0	-7.795690205452504	-22.146335074651095
18.00730992044419	.17685433314300547	-1.719243148389535	-8.93017941131172	-23.90158117155652
10.701627758649646	0	-2.932638763640877	-4.932501111005857	-12.615590078334774
7.002288440230796	1.9749093227491425	-5.59229842102323	0	.4478174193592259
8.018481705810657	3.4726488828952693	-5.252682536215843	1.010022739461165	0
-.07759644517426834	1.1613339050078806	-2.697517234495396	2.0623536708493377	-5.435949158766224
0	0	0	0	0
-1.7166551085968043	-.30659970680227766	-3.4610871766233187	0	1.3753705622334584
-.04289088733241564	2.8930501181556414	1.3711620571004104	0	0
0	0	0	2.8045982238995126	0
0	0	-.4688588040877619	1.6837421628151175	0
-1.317728242692445	0	.33631737385608385	5.462831026051117	0
0	0	0	0	0
0	-3.5249218441726766	0	2.4412592777026347	0
.11343994708851568	-1.8504212203560977	-.6440260191478795	0	-1.6429781303788809
-.11172704621590446	-1.0327697908161557	.03543656986157423	2.6887939543161554	-2.1842391072680645
0	-2.5881598316835586	0	-1.3475957468671884	0
0	.611203860275307	0	.7712550036325845	-.2176816764076318
1.6113842752139595	0	0	0	-1.7873566495615987
2.1770394618502213	0	-1.2318168212032146	2.720160877715327	.7896865747334685
.49170250530066095	0	0	0	0
7.957015220160159	0	4.034151417469538	0	0
2.621820784330573	-.8462350647875527	.7090385104624952	1.7911973218971178	-1.5337255430679946
4.945310750623262	2.3840685666684713	3.922440594405489	1.2344340905481224	.9033542292037078
2.5042052320518784	.9771495493233937	4.173215678228767	1.6867257576680694	0
-.16042136936038298	3.3151703661249994	.618344145688716	2.0796294373621134	0
.33314928463741134	-.10120873361847774	-1.3057271541488953	1.9069422608506326	-5.065764311605728
.45523891070212663	.6202324057375239	4.63831240100177	0	0
3.9426671962817252	0	1.3635226322653708	0	0
.25315347251527975	0	3.2752520784107606	0	0
.5494649682634197	-2.923558618666589	-.24154323147610468	4.107129885952125	-1.320414250998199
0	0	0	0	0
0	0	-1.1028096902159457	0	2.1480320460187494
.45046869750854496	0	0	1.7602513015567514	0
0	-2.0120235857097857	0	0	0
0	0	0	0	-4.8728454500294
.39924941549545845	0	0	0	-1.6472584806844437
0	0	0	-2.4545842211310354	-3.716393498132007
-.6537041737565161	0	-4.810782288159891	-.6631436449099126	0
0	0	-8.393595948650963	-3.249917422308979	-.844817752793497
0	-.7388478087297213	-6.294413671833648	-2.841538292083615	-11.438818004447008
0	1.09512608695907	-.34105562561958513	-3.880215060014347	-7.366784816719201
0	1.3719973843486983	0	0	-1.8416889763804258
0	-.012664694430799775	0	0	.9830854265449751
2.093464038013079	0	-4.715834187493153	-1.4018244850119017	-.18823575541084814
0	0	0	0	0
1.8203142169026387	0	.5591053094534582	1.1201802807019945	-1.7972347017668326
0	0	0	0	0
0	0	3.6833424170481086	1.717112712559329	.48768632048821936
0	0	-.8222732736424767	0	0
3.4160155824313674	0	0	0	0
1.5993003491805058	0	0	0	-1.048285408077487
0	0	0	0	0
.9992522669384828	0	0	-3.801946530176676	3.238009927383847
3.451480534364699	-1.163173286572131	0	-.8691516644576224	1.9599046374885478
0	-2.5169254250329214	-1.8985474984365993	0	.0328075837727666
2.857383753156175	0	0	0	0
1.0842455191656626	0	0	0	0
0	0	.3382514956806106	1.8509536488070255	0
0	-5.663581041979158	0	0	0
0	0	-2.763322403123128	0	0
.6703990475923993	2.0417382273364892	0	0	.3634332875565651
0	.049544240128821165	0	0	0
0	0	.3313971999513896	1.2614238770989359	3.2107106352978914
0	0	.17434049440170962	0	-1.8248026823588304
0	-2.544638966775353	-1.0614374294903672	0	2.833504855323806
-1.1234895072966296	-.8892675445937861	-3.532577454415379	1.3726035525380869	0
1.1712721482272717	0	0	6.778342199027511	0
0	1.796417713617625	0	2.603423080462696	0
0	.5854564872681749	0	0	0
0	0	0	0	0
1.0247915601854296	0	0	-2.292503854253919	0
0	-1.1483368390740007	-.16165644591261064	-.9724587238766876	.08576643205636048
0	.47820663628149784	1.2217263094781319	0	0
0	6.462171764280044	0	0	0
3.644592684510362	0	-3.4040509611347938	2.0393793259812747	0
8.013792296674158	0	0	0	0
11.173027235222474	5.386032182984052	0	5.572258444425722	0
13.112678223256323	5.785452453255209	0	7.403555891868703	2.2768763512750443
10.392271411289396	5.131767202202051	-3.277695394020015	14.574873360584498	6.505083523948333
10.081853653941971	7.96095270544616	2.314773023765581	12.85651427132489	5.681685761755736
12.720590320537394	9.641631486687196	0	10.608263631733058	7.77896775732847
10.169101781860688	3.1580093641392413	0	8.038220560137024	3.029166573761702
15.97028155971556	1.828151916882902	2.7747619618188875	4.5786245805901515	0
14.29669779888389	4.227513647169531	3.785333606895951	10.128698344262032	0
15.225868660447347	3.522267867028634	5.548156384211759	8.789461010931284	.9010028235929852
13.419285533431015	0	0	12.148920275491596	0
5.338616520663904	.6419009785072423	0	4.266449493291839	0
5.5841550038977585	-3.0994673779495154	1.247646682570426	-.9199904801006489	-3.0594475902706826
4.471761149788042	.34824632009827944	0	.7110237538499351	0
0	-4.504560893673451	0	0	0
0	0	.7493801848911839	0	-4.874959754929061
-1.6823384918397182	-2.771781875841928	2.129851060459273	2.30650882444897	.9970951214587604
-.4295541689364827	-1.861246034885219	-3.9669735529990167	0	-.3261863599893712
7.223375022115662	0	0	0	4.390692160907986
9.04788560437855	0	-1.8819069630373244	5.159986887032375	6.078055783585562
0	0	-1.2678736670087125	16.548896448019303	-8.329275655482272
6.613154290972032	2.5355052682268577	1.678540623485855	11.58398648632661	-8.885008035136712
9.450378375331265	3.5594558302978974	0	7.237644792730805	0
12.869064311210819	6.848396803234665	0	4.894165086068887	0
12.498632296272149	4.608983478879902	0	3.3331967585701063	0
18.06732666243186	0	0	1.800104094799267	0
17.1496506877682	-.5182086540009935	0	0	-3.8368167001852718
14.83695709607107	6.065464961684178	0	9.488010734587126	-2.37134408455655
10.598544579615174	3.107484648724073	-.441395761296564	12.819488323926961	0
8.413282546510445	.6159555301507751	1.398499035830385	8.644081900686869	-2.722888504694648
14.737925283310297	2.4224564292335975	2.185054606417572	1.1790191372191918	-2.825739674854482
13.293977842964741	1.4835244103399186	-1.6099503952420462	1.5611533781880218	3.0860298371610564
13.867219611826552	0	.2595049268670425	0	-5.885948393164071
15.295069899428908	3.8111388343636814	0	5.816808682203157	0
12.98593884752823	4.273128329488309	0	0	2.1311846523900284
13.043728362387288	.28591372442715723	-.7492628356099477	4.969200775201674	0
16.39128881293637	0	-.05062551303531437	2.6965985905940983	-8.439088147838717
15.648265230535513	-.003330210117204274	0	0	-6.404615271044205
16.82506418015201	-7.83622815233722	-6.891675240841062	0	-2.490092360898928
19.71580026205306	1.0734748518186734	.8491508958419551	0	5.993933715134502
14.484226338209561	2.198464729983154	0	0	0
14.009432440384282	1.9788511537799542	-.4333075132101476	.5449889544963562	0
14.272983363467628	0	-2.9074768431710973	0	0
14.982040256161142	0	0	0	-3.1944110391149048
10.738889230742709	0	.0071199783923142634	7.261499369243205	-4.328692441558473
9.408089350069675	-1.3118057021836746	0	5.453063378307391	-.18379221560563241
5.885252834892155	-.7420836772170123	0	0	-5.442044791986456
0	0	0	0	1.906214230229726
2.154341953996495	-2.765232533567219	0	-.9656663601508824	0
0	0	0	0	0
0	0	0	0	0
4.111458508430357	-.1387102185660863	-6.461848741496148	-2.386209369026439	-3.9825023182095913
0	.6814330975803237	-3.8106806168569896	-.5199265163015121	.43250167773776194
0	0	-2.1497213356550917	0	0
3.8173790011625464	.5501199216882164	-1.1459406820744586	.17575526107319156	-8.47855494428511
1.2152679536899065	0	0	6.7631368856041725	-10.698963903094212
0	0	0	0	-5.11323774754636
0	0	0	0	0
.822337131105272	2.078000353091994	0	1.751775510950315	0
0	4.176343726789296	-1.3971479385752414	1.6103865803000246	0
0	0	0	-.43816662256624217	-3.107587014728366
0	0	0	0	0
0	0	0	0	0
0	2.914777419791837	-3.8320397959611	0	0
.7734752138729335	2.9468325196662724	-9.492666633486685	5.945788908628168	8.554485763705044
1.7191182307063817	-.5892490019067582	-14.244194651694087	1.6632019058308332	7.526214652898031
0	0	-12.253737851037824	3.0288734963172925	0
-3.6182118810715744	0	-1.6119014896003565	-.3122465660864966	0
0	0	2.51705525604658	-3.8637759330343924	-3.6115462251625194
0	0	0	0	0
0	2.9894257132068573	0	0	0
2.0471209596502193	.8802052492106944	0	0	0
-1.8014224485294004	-1.2480383359339509	-1.5648725179619447	4.436880156131681	0
2.6950454770366834	2.9438577632325664	0	2.935658706790409	-1.606135992593525
0	6.850480665610861	0	0	1.0775706791324988
5.693036188017122	4.30483647016521	-2.645247317429689	0	-1.9379903281737527
