x1	x2	x3	x4	x5
0	10.547851513587517	-2.0065788487527927	5.555817731830629	1.4329733109171605
0	7.71222728923107	-6.308390822415023	.13124346705247403	0
1.1981998358763408	7.242767513874255	-1.781316696456208	-4.379232252011906	3.749083766226291
0	3.6384988903376074	-3.8785038869674815	0	0
0	0	0	0	0
-1.3874332362526935	5.465530577532276	0	0	0
-1.010385624650838	-4.9634852107457945	0	.09375313958610487	-5.123849309144225
0	-2.5690806675690134	2.0857845455242905	0	0
0	.8738959602087686	5.222063150384001	.5636603414151944	-3.3978094966400825
6.967149143327235	9.69382746012022	2.3055730314195424	2.1201589274825325	-3.500257284786046
3.342093172071632	2.5858103630414058	-3.799790552729094	6.1714980332183895	3.2271068848161657
3.378469363693876	0	-3.7458453060746155	3.004306983903805	0
6.495577980334068	0	0	-1.491896868778429	-2.461759137644598
4.386045689634314	0	0	4.801223105203599	2.8205424497699223
2.861531683276032	-3.3166541246114782	-.19061386892620902	.42116489068320084	.5923965615065216
.5098828911260693	-1.9634491881112752	-.9759229116008973	-1.1978442395943087	.4011798336578231
3.3958232911574044	3.1465712730948585	0	-.5392717980387645	-1.7368700581690923
1.9583373415258933	3.3103152149611432	0	7.000066034913317	-4.298126864662984
.023452122085110272	0	0	0	-.9923015852873458
0	0	-3.0228422551640577	0	-.11332213449903811
0	1.3372560769294188	1.6524382976075143	-4.20665386978237	-3.6907835715281188
-.489039446058981	3.076021280040151	0	.9246023680255537	.7378330508913881
-2.8668577618611164	0	-1.8542961090217818	3.2024220904473477	-3.758800397951153
0	0	2.726627328808431	0	0
0	-3.544789070405307	0	0	0
1.3539335507671837	-7.697921138073495	-2.49720951330271	0	-.4736968682783247
0	0	-2.7339804088077835	0	-4.68455123202365
-1.637223412200244	-1.306815419162383	-4.102418770097869	2.854450763281842	-1.8182764313586577
0	0	.20826617554208693	0	0
-.12936300191796324	0	0	0	0
2.1833953503340187	0	0	0	0
-3.6881371701030994	0	-3.1781470631950484	0	2.4553910347212855
-.9476006599196857	3.009096908467021	-.32038023855063336	1.755679039732029	-1.128582117658127
0	3.8869366225249458	1.0661919677662004	.9267936971165	-7.5767159392518115
0	8.981810796366661	0	-.20221667383379874	-3.609417119453007
-.212420505432003	9.200990324405613	0	-1.6898362371105313	-5.103819913100273
0	4.317350023167135	-3.5531245551899175	2.712510536440392	-7.160313415156893
0	9.581109159085898	0	0	1.0408892133048324
0	4.840259007050538	0	-1.110358482511606	-5.468204349768295
0	2.6188250441734224	-1.3387831955567675	.29482397640941127	-.9701844632197404
0	0	0	-3.0692511915772687	-2.868478474013542
0	5.770617714870625	0	0	0
-1.4412604482806333	0	0	0	-1.799601990396649
-1.8896890233839299	1.799301340920081	2.5648519678765385	0	-1.4201531271874108
1.0103741232057644	0	3.4069858562128528	2.5684192088468683	-3.6777802277416374
1.9480515549295907	0	0	-.35926060572790885	-4.0218536929289135
6.954648749025359	1.4434757204809163	-3.0476936059781297	0	-1.8816274010947973
-.2540657073152084	0	.562916657481085	0	0
2.199258481671539	0	0	2.179603299364881	1.935482385202374
0	0	0	1.2488703313924632	.34948214714500825
0	0	0	0	0
0	2.8825950348323204	-1.958471470655137	1.5874262282558536	-1.766890644906975
.6785001544510297	.6279461032799887	0	0	-5.765714432944869
0	-2.012019465722811	0	-1.6756616577373953	-6.466345738678783
0	0	0	0	-1.2698613245931178
-.9623408592149538	0	-5.4154686098349245	1.419525958976304	0
2.548309187247173	.46613131260675367	-6.343826446739099	-1.0315218968132405	1.2821763341162957
2.0343639965004274	.18028028957826653	-3.1911245159633803	.9407791655384672	-2.5305465672391967
-.8833797579721229	0	-2.7157179085032257	2.617001431846858	-.7478578362866715
2.067573148601373	1.8352135460789172	-2.380763019283515	1.550045834322663	-1.2959931629604482
4.612438794067607	0	0	0	-.07398367978139994
3.6169767367167602	0	.1218776381522044	2.3450047510218246	0
0	1.5402469347768983	0	0	0
0	0	2.4546602448636556	5.596908639084999	2.962878297738483
3.2861025892709534	0	.22916335996741208	1.9967521370153318	0
0	0	-.31933303052275047	1.0013878004590127	0
0	3.051221312019243	-5.2083829112999265	0	-.704492772464971
0	0	0	0	0
0	0	-.4776647587756574	0	0
0	0	0	0	-1.7181677735036638
0	0	0	0	0
0	1.557913573249009	0	0	0
.6447706675551358	0	-2.6113962024616386	0	0
0	.129677996295965	-1.194589377161313	.16383948498657241	-2.29396473896467
0	2.182811394683268	-3.919216224045206	0	-2.8065144339626755
0	0	-2.099138407939738	.35056736271598904	0
0	3.2851068090987097	1.8616396521800156	0	-2.1532108590094996
0	1.5075419745825254	-.4838334261483088	0	-1.565842172068377
0	0	0	0	0
0	0	0	0	0
0	0	0	0	0
0	0	0	0	0
-.5160251272911329	0	-2.2435849363419638	1.999716589557275	-.5656996721099885
-1.073608760737007	0	-2.3714793346348255	0	0
0	0	0	0	.06064553363823852
0	3.433996580232839	0	-1.2313700059809207	0
0	7.1771445525539495	0	2.2961667142014424	-6.617428684856605
-1.6579228294442974	6.195454144608908	1.9341395186188157	-.007261923653547053	-6.096061954626332
3.8828143852388517	10.056931319795552	.07921768909818394	0	1.624547615563984
0	9.527495219038398	0	-2.7521442362603508	7.287491911241563
.9683594177133465	13.062000400550376	0	0	-.10548777767376338
2.9739465818876143	15.829779632471237	-.19980028321196985	4.700992937494158	.15288351486126084
0	17.18173639737705	0	9.554319001291542	-5.374341625955022
0	16.453242027126652	0	14.352118886257147	-13.087613481132442
.761100140021405	10.16287794608456	0	7.8177346950772995	-6.669504985985342
0	11.755147790241828	0	9.619376358355694	-13.265294612862625
0	16.878283673133925	-6.333747396430566	7.715574402422394	-1.987601411421755
0	14.792618308348965	-6.997707291796247	6.069092645046774	-5.342411898585765
0	12.01254804490691	-12.045367772509842	13.026637463090593	-6.03196337820707
0	12.146120516883501	-12.66978484920755	0	1.7478272470468492
0	12.428383058435577	-7.842822181447707	0	-6.853777020030116
0	16.13466181903887	2.4098247209662875	0	0
0	16.856628297320356	0	0	0
9.059875515689637	17.40841766556976	0	0	0
8.220340300794684	11.940774532187268	-1.6297287312953612	0	-8.542941301565453
0	10.527311709064426	-11.868856594287964	9.285466620539173	-.2594781734243532
7.202608321756086	14.5371875872526	-10.733328544897933	0	0
9.963967585779745	13.483935300053423	-9.941635149797557	0	0
13.368935029533517	14.592201660558173	-9.896584151912434	-13.472317876218149	0
13.911063840707312	13.564908551292934	-6.154303509617705	-7.745124155774831	-4.821392008582714
10.997473304709755	13.66538307532713	-.8330499303350085	-7.133058355946358	-1.9269289691935434
11.665742809410501	16.761459019763908	0	-8.62560376190107	3.127118128280351
10.881207905391793	16.03561106929323	0	-6.24208922654944	0
11.625360593566402	14.597612599214418	0	-3.420180519167226	0
4.827665659927641	9.632571361737117	0	0	-4.226680888376507
0	9.628442620080676	0	-2.7131464024962693	-12.434382118143159
0	11.03322038789552	0	-10.48863198487312	0
.9339211080044933	7.661958360644475	-4.7507942568203125	-4.010311682405263	-8.182391645356665
-3.0425384591364537	10.171376147329662	-2.5006308818639758	0	-4.784187385822086
.21334450514131653	12.857358887578574	-2.471300576970718	0	-6.074264837405904
0	11.777817305457253	-.9441541939768812	-5.926527900354566	-8.371993590428236
0	7.9893018731448215	-6.820881731622129	-2.2825064803651447	-7.8120736566750795
-2.6687138681254736	7.002137735042752	-4.343049454332413	0	-11.267155591414344
2.299241448754491	13.515635977365557	0	0	0
.15693762352289348	13.199148691646016	0	0	-2.399616461268379
0	11.306594380509004	.3582823863974124	0	0
0	8.863008085786852	1.3447532106991953	1.9145546899373473	-3.6388016581769795
0	5.596370298228955	-2.85757180315552	8.83858242880307	0
9.149396874836368	-.4561035145887683	0	-3.003084091535933	-5.244012363714461
9.828436053875299	4.241063769253358	0	0	-4.503183778787681
6.999281046401468	0	4.065054596051101	1.5778491303456799	-5.475372861186236
5.538141726839341	6.714858102122908	-.42732966290304275	0	0
1.537504741757789	4.779618420621283	0	1.540125801195758	0
3.6873930840844467	1.4560492620287522	1.5348850766039588	4.690369157489924	6.800056314159662
0	0	-3.406747167286534	.24284768371516408	5.0741374754299455
0	-2.3211450342772206	-2.5817030816722757	2.511398854334896	.8572023472656254
3.0477339907885304	-1.6845906683914893	0	3.9372339170637387	.1668664338537864
3.272576532149368	.07757107842240574	0	-1.8383770409337683	-1.918062235843492
0	1.4512186612682352	-5.001109051858979	2.5675877758831795	.8257413674752776
0	-3.461295633113858	-6.699699746763378	7.661538545943982	1.5682833314851872
.9805399102280858	-7.217687571460646	-12.567999030510538	9.636980526517442	-1.9965320051732607
0	-3.997632675367389	-3.7210464186759555	5.990510294709106	0
3.3635597336891956	0	0	0	.6528280715321872
0	-.6152564546979746	0	-.2795591020001229	0
.8047515509147511	0	0	1.2919855912919163	2.0146416290233606
0	6.820102550264773	0	-1.6455139288134175	0
0	6.199464516281728	-.6310252052501562	0	-.8636678075661279
-.041581400294856685	0	0	0	0
0	.7296490387624768	-3.3008105797006446	4.933891212440118	-6.15759938156814
-.7779664930477428	1.5013306384893828	0	5.3742307834140055	-6.267554357860151
-1.231638419515579	-1.1905697344528305	-.3958237868334713	.49771214018809284	.8192679440027189
-2.5263589953253796	0	-1.0117933426944954	0	-1.8197027470521425
.3550777196479642	0	-3.3502534504787715	-.9755541361130129	2.479776962695076
0	0	0	.003720943916535102	-3.368869856019211
.30395894424252723	0	1.170286595655789	0	0
.21446897489127437	-1.1109411593305567	1.0460212098382324	-1.311298028248642	2.336496231908828
0	1.6763751688764008	-2.370654855106067	-.616552231141292	-.5179325706878724
.3152324232161753	2.610393721873049	-.8802172047550944	-1.2733265649366334	-2.4417072700361855
0	0	0	0	-2.4033075487756266
0	0	2.354766059346032	-2.927115769927954	0
-.5869885666961032	-.1684065822834715	3.985581253858504	3.015917471281448	4.046001381496195
.7295457321535713	0	1.856621724273942	-2.543053220531039	-2.547589289267065
-1.6289439159282297	0	-.5371631172279913	3.2176646188961975	-2.1195785633750033
0	2.8861437962261953	0	1.0786932083769671	0
0	0	0	0	0
-5.865896091301631	0	3.6316612525986436	0	-2.048944130449129
0	.7034049958913167	-.09427311382884607	0	0
0	3.9399439939183836	.31426174520565753	0	0
0	1.0454181483543956	0	0	0
0	5.631982816664932	0	0	-.5531949273648316
.23908282178659812	1.3373998414832742	.734421552571373	4.279016565710057	0
1.8761182494923567	0	.06067082650064193	1.838937769675912	-.2524869978232636
.13093393525765856	-.0419720947432175	-2.353986219902587	0	-2.5650631491504274
2.256335920779951	1.2658327739104898	2.01608749517807	-.893832371029676	0
4.263132444950656	.292367972299218	0	6.36637937946967	1.939470400968677
4.43010454840791	1.2391635224411695	0	2.5521769225150286	0
9.483282951197616	0	-.30711905107700266	-1.8501716567183033	0
4.0862397508930615	0	1.0001768014272505	4.128448871115939	0
0	1.3446062164532986	2.7408348303815595	0	.3493001536514917
0	0	-1.1867966781953463	5.796590615183849	-.8792448006333309
.13490663024125318	-.4472707149346963	0	5.040951142896239	-2.4193057072266386
3.0852262959424994	1.3710671735324682	-1.4546957043193762	1.7934797792923627	-.1131832416148173
6.5001003055791085	-2.841247463333599	.03176914509701145	0	0
5.4068415419844955	0	.4679400452800673	11.034243849143243	-2.429250121540233
5.597468880280282	-1.4141591007102807	-2.218161472378467	1.0534938539720107	3.11786502856519
1.3569230822707425	0	-4.6968693342319625	3.438498152703374	-.8809873927363892
.6642283152612687	2.671162506827357	-1.7691451075414428	2.8143261961108124	-1.6777992696579402
.9423993972639705	.6855827753050829	-2.8987463540019665	.8512405233153573	-3.342217304523344
9.500734181786845	7.019306729462702	-1.6776578181127801	-.8356701071000276	0
10.084738533235205	3.498231841058323	-13.386931915025755	0	0
10.7169934062033	11.519944907912391	-5.625687301923582	2.872256303926017	-.05188073167329277
9.891375193918488	8.650545360237402	-6.430578406489309	0	-.2925156738642125
7.600476589139638	8.63152730681467	-8.377217648173598	4.050139881889121	-2.8578367207054276
6.539628756645247	6.515159919475228	-2.5816160023549526	6.406966796682892	-7.617053709499178
7.281003206627995	7.3343102254211985	-1.8139794777552007	0	2.6238843523733135
11.682586321616174	5.5406863361242165	1.1757767705107487	0	4.450146241717176
13.552015364947449	10.190246290050634	0	0	-.653883678790609
17.617353160985374	8.315682353362844	-4.5557012938918025	0	-1.0410918874464883
14.300136600308637	6.389755611826911	-6.820025773568607	4.434024875167486	2.76329677476891
10.904651601703359	8.140768273733617	-13.237869941687405	0	7.25581953040837
16.714040464409504	4.136443877963669	-8.40687378132231	0	8.893058899889505
13.521190424979622	4.1717210865237915	-7.208325161088641	0	0
13.28045284219962	0	-8.891423059622294	-3.0581719794497157	-.8092291779513097
7.230906528672541	4.91610717659405	0	5.374463749299705	-3.2155500528342715
8.134562224413502	0	-2.4039382405614425	15.956827941624832	0
0	7.245081572827274	-3.889958895234961	23.17148156070526	1.5890208583014687
5.66154270525077	10.24314282337682	.523338502984491	20.92830013796406	5.969747490642435
2.9195696337342967	6.442489792765972	0	13.701632994287511	.5093838937849573
0	9.579795596583514	-.3045005090655377	10.946224911670777	2.199229703783508
0	3.1607286288930347	-4.973243612681512	0	.39249356749387576
5.7169531757744485	0	-5.739254537750503	2.0250128632800997	0
1.5627028097549251	.06904114675055095	-3.3376879350658823	5.116758636000718	-4.357425195937099
5.8527917473630575	0	0	0	0
.5879558733864145	1.5141100398910279	0	-.4317044215701831	-.13167595089542153
.7795090887683741	0	.8270509326968887	0	1.6607375895784005
5.2287334906752125	3.1514917226833923	-1.8519089858036843	3.221912197484963	0
7.072946956349895	1.7717619821817474	0	0	-10.400102604657542
9.903568899850791	2.1937521294345323	0	2.964026622706482	-4.093429347490167
15.247440263234767	3.52289202047677	5.43727283471079	-2.5199424002126287	-11.413416183875958
8.4411119918201	5.143375100924753	2.9913590352889274	2.94225291541556	-3.536933670256787
6.990040652852042	2.1966968268553804	3.7515711163425762	0	0
4.839729818746957	0	-1.0629492295166203	.5517383380803477	-4.802110310025224
0	-.8619663130234498	2.37468033760285	-.484545584574839	0
0	0	1.371099087942401	0	0
0	0	0	0	0
0	0	0	0	-7.005630426406837
0	0	0	0	0
.40315087077828704	.05531275537181826	0	0	2.527405024432606
1.8686645791895389	-3.313233910077432	-1.8565835678003297	0	0
.4634555161304965	0	0	0	0
0	0	1.7799172225844806	0	-.2503999874629116
0	.171667556064405	-1.8172521411173597	.9418994844223327	0
3.300151960707253	0	0	-.8878885874360175	-6.411552776861053
1.10825882086112	2.338996725540211	0	0	0
0	0	0	0	-1.5970154392895166
2.8393724587187763	0	0	2.9819633648311514	0
0	0	0	0	0
0	0	0	0	0
2.806170016793501	0	-2.2841076843254586	0	0
8.259001922671064	0	8.199597851910408	3.6040918588623123	4.136626585325318
7.239040328039181	0	10.412211274775197	3.5306428195213555	-1.5240740895989733
3.956049756146175	-2.0967376274594396	3.757625981534349	1.8140144424640052	-.9535246232550991
4.373033473944001	0	1.5446755364406557	3.2078473339892764	-5.660336461201948
0	.8034279044163382	-1.6712566397887119	-1.3419005367067405	0
3.009858152370205	0	0	2.595453443371571	1.0652715916428803
4.997336792860205	5.369481225866379	0	0	1.2700995492002867
0	3.3507671163713058	0	-3.3132237085975307	0
0	3.661086356115156	0	0	.9313143169400726
0	0	-3.3539437065106292	0	0
-2.4715459831223336	-1.5291048071070614	0	0	0
0	0	0	0	0
0	-.08457873577644737	1.8869557007446491	1.4034630233372767	.1818806811432001
0	0	0	6.710516051741428	0
0	0	0	0	7.821791684464413
3.3938038770068673	-.5034737300795729	0	1.4852149342950998	0
0	0	0	0	-.9365284363361008
3.036601237649376	0	-2.1563651603627703	0	0
2.8264196342316446	-.31007236062908744	0	2.7626786777039642	0
1.6545476323356727	0	2.7065190361643277	0	0
0	2.818277491135989	1.7423411174589858	0	.331595197195439
3.380139448894661	0	-4.441528440703964	-2.6857412848187447	1.8690553993709518
5.526910070509326	0	-4.2316493235849	.16185117925047565	-2.5268966153436625
-3.3007393458519685	1.3079347889158672	0	0	0
0	0	-2.5044650177560963	-1.953176497812363	0
3.6120257094929893	1.5327069291233175	-.53977781501537	5.036483221139815	-3.9104070831616182
0	-.35636292111942125	0	6.126910516682091	-3.660714261256928
0	1.270720310634686	0	0	-.7112810258576227
0	0	0	0	-.04045211265529894
0	0	0	6.946510170393484	0
0	-.007188015213397847	0	0	0
0	0	0	0	0
1.1340709889177023	0	0	0	0
.8997223333870489	0	-.5918864699782034	0	2.0423178932619326
1.8107181159976682	-2.24220019176837	.526309902174539	.042527953111252625	.5125200646984641
3.3013526920345146	-2.404275749261213	0	0	-3.037266661956184
0	-.5191404333100893	-1.5998716224548801	.6488174155895176	0
0	0	0	0	0
0	0	0	0	0
0	0	-3.4010003959408555	0	0
0	0	-5.9328293242121966	0	0
5.4689052423505995	0	-6.001899520262769	-.23478914553986518	0
4.210332460455901	0	-4.579711621980441	4.58062403945843	0
2.9209097665378128	-5.703271463113403	-5.703357328300915	4.19241574590864	-.21438675099388949
0	0	-4.062176850049355	-1.5750144634274295	-.04076819347913532
-.5120208289346526	-.12885594247069143	2.7505099791433145	2.9798844752008375	-1.2674797973076077
4.758833475281801	0	0	-2.608509250302369	0
0	0	0	-1.7066837722366042	-3.8582814643080567
0	0	0	3.884062432773639	.33989663151984206
0	0	0	0	-.38958076841808004
0	0	0	0	0
-.3388159463596887	-4.374198347381051	0	-3.7535571002484462	1.9631152848214468
-.9603993808889473	0	0	0	7.283188285758695
0	.049560066116398516	.7056164318499341	0	.5913409123195827
0	-6.144419284694168	0	0	0
3.657041244807331	.08068700929628968	-5.237630912381747	0	1.4922416313563889
0	0	0	-3.2967593416861782	0
0	-.5684055579430918	0	0	0
0	0	0	0	0
0	4.0629635798182475	0	0	0
-.6560120839481955	0	-1.534342047693471	-.9803503410092911	.6146604527955115
1.8568317868134545	0	0	1.2702230909027468	0
0	.837483610666965	1.1038896412902774	.1347320998776591	0
1.4423022741887581	0	0	0	0
-.5696091904444313	0	-.42749395747679253	0	0
0	0	0	.02942633247216074	0
0	0	0	1.4660732814837694	0
0	0	0	0	0
0	0	0	0	-.9365103398921515
-.850933231618914	-.9973734657638271	-1.0496309772045116	1.2686485275057182	0
-1.3115175114288111	-.7176610909568503	0	0	-2.6788407721538783
0	0	0	0	0
0	1.9093794634337402	-1.5394022592699894	0	0
0	0	0	0	0
-.21743860758089495	0	1.9867861398998372	0	.7096186115902934
0	0	0	0	0
0	0	0	0	0
0	0	0	0	0
0	2.190328223265132	.27693029690702864	4.215113620225607	-.018321006834952414
3.793523363724748	-3.6362553561677142	-4.870881298513207	-1.965083291357464	-3.543683276861355
5.812824440121199	0	-.9260440882127878	0	4.601014238101046
1.1471997090783814	0	1.0568326403809156	0	-.03634360406869547
1.9245218122980305	-2.6683365010251534	0	3.160334147813346	.41335860662797075
0	0	0	0	0
-.6729907134084102	0	1.048973871725791	-.21222036469980754	3.0182565318242656
6.574917107901799	0	-4.818224484881329	2.7662290744150866	4.1927522118975435
6.078184538270425	-1.7630575582940053	-2.6106349732344953	-1.3227840495492587	0
6.665614189625619	-.17532803403146813	-3.77720167721612	1.369547368610279	0
1.5368646698913617	0	0	-.7959247464911057	1.5323206710108759
0	.339415151585343	0	0	0
-1.180671864439075	.3935855540582362	-.6956783764488782	3.630885700609678	.9019920018970098
0	0	0	0	0
0	0	0	0	0
0	0	-.0003045826587108058	0	2.913947062228091
0	1.181336482041475	2.1651050135160506	0	0
0	0	3.4429592869976977	0	-3.6212142722310494
-2.830425937348354	-.3565761970018084	2.1119470858669276	-.5356438922592653	-4.122771573293829
-1.2872207838804777	0	.01553260988285518	-.6292225780874512	-.7602964809283934
2.2702556370978435	-1.1891076988948488	.1581101525705071	0	-4.25027769387662
2.8059523333230243	-1.2678183211829332	2.6365394591071283	3.7303596720395418	0
4.909041848911668	1.7379495450129299	0	3.0587974320395412	-4.02165170400766
0	2.1557985296733198	0	0	2.41297631841893
2.0238435561867005	4.239748270195848	-1.1859112949538368	-1.5383545551017552	-8.086982188442061
-1.3900418333221385	6.57739830020045	0	-1.8992332856960101	-3.368358038386864
.5939697262682404	2.459205751890225	1.5929479492247318	2.387728001984674	-2.3618236071622136
0	0	-1.37387775540647	0	0
1.9783006455771779	-1.159699478846061	0	1.5089586731114957	0
7.173358968187361	3.6747022544314087	1.4000557209049682	0	0
5.167803810627366	0	0	0	2.0363036109837678
-1.0950106977218712	1.7295047980413756	0	0	-.10858078639734545
0	0	0	0	0
2.288695233690362	0	2.439416946056596	-2.0548375460303223	0
0	0	1.4793330974248589	2.4438290484903953	0
0	0	0	0	0
5.432265877294288	0	-1.3806293557501064	-3.259315788482634	0
3.6703655770747297	0	0	0	-4.830324260576435
4.417346988431573	0	0	1.5753969041774858	0
4.2520302319814505	2.996481718866936	0	-.8013695851597615	-.9036733321990873
7.5095276502748245	-.6793876015836336	-.8174714248105909	-.5063389015432578	-6.690678848678046
13.129710976774419	0	0	3.187693390845189	.6882168674476197
8.779084510902958	-2.0260595307917573	0	0	0
8.633695726090316	0	0	.8115557077865172	0
10.329877956444697	2.2413418516796995	1.9184038669047356	6.4585787682289535	0
5.145928978967099	0	0	.973076576562131	-1.326252792236055
0	2.5440478124715753	1.414501832367259	-.16176458322372556	0
0	2.3395561339725144	0	0	-1.12907612125118
0	.27841149953210603	.563190746111862	.414003830684178	0
0	0	-1.0660250735423162	0	0
3.134593221871537	0	2.4737348548799476	0	1.8834111078470896
2.1299937834963663	1.9919561526629284	0	1.3100528289838407	0
0	0	0	0	0
2.55506933062423	0	-1.8211400715916666	0	2.7674060824796953
-1.8477595726966367	0	-1.0793535325157473	1.050322525389347	-2.535460222606357
0	0	.5699320668659309	0	0
0	0	0	0	0
0	1.3754727606236152	0	2.1391205932279513	0
4.990793233854506	1.7477407601451591	-1.553720130950075	-.4112505697761095	-.07730987802719991
5.464494955335832	4.401369189290002	.11484386425769644	0	2.1799886144959695
1.9503704287604073	0	0	1.7917369560813772	-1.7406974928564676
1.0345919691704424	2.0269604009102786	0	.21355838779081598	0
0	0	0	-.3417684656604809	0
0	0	-3.491949628178882	2.0886750127622684	0
3.4375865471950497	0	-6.446157864808147	0	-3.9777956808469286
1.2011468608709868	2.6697040298765438	-9.828388526854972	1.0751130624831995	0
0	4.296332939119631	-8.381029377698146	-2.2100002701445542	0
.37075443097724436	0	-3.173534977667231	1.0468603912561107	0
0	1.001147182636941	0	0	2.077476363282109
2.6427536619060543	2.5392920261331327	-1.637782827404196	-.3438646082335246	-.9521200002096871
4.264734095435504	0	-4.118347418247072	.2736991117497509	0
3.782361793217369	3.835649902739239	2.1730691883354254	-7.13707302039596	0
1.0380385585938852	1.7962168785172712	-.2147178807486051	0	1.3588658089919559
0	0	-1.7051271921187143	4.774035794382445	0
2.5772776695362403	0	-2.3443662386911566	0	0
6.728232447968571	3.0449318991520387	0	0	-1.1596573149164944
6.865763712437001	5.059333231850887	2.5888811506053013	2.027930200680994	0
3.9951945676920144	3.6202873876333106	-3.6714859941704874	8.404373683732496	-.07523726865157498
-.03108316575139325	4.838703980023511	-4.254668454024616	11.052075129608685	1.659494073932403
-.28415481258597136	2.7580097243079718	0	16.062477014048874	-1.097402624020221
7.549358977964641	10.747777210911082	0	12.63227275515775	0
5.675128873476654	10.606797872469063	0	17.952690296892907	-2.6441711438746327
1.463085147951125	11.720148690982208	5.153874404052175	12.018644760318356	0
0	11.209854575206593	5.44050038048222	25.945269244874453	1.4374118646258804
0	6.9548742824799845	7.695250919481062	26.051116558748642	0
0	12.124419762770817	8.977566270480557	16.684864350323178	.3931013932691949
0	9.114171466017112	5.35626313741729	20.08694164080676	0
6.0553353674002155	8.636567645297898	3.5623714768414265	20.4682599587517	4.787819518090423
0	7.991775084863539	1.7948600818810363	30.313579760573834	0
0	13.890958079169467	0	34.90141380618466	11.766569815750337
0	13.105796319068446	1.2765221131011375	27.09379149983827	6.7923995117235805
0	10.45265227224899	0	21.848332669631464	0
0	12.202513297452981	0	28.137258944298033	3.2602088723630493
0	11.033272400810903	0	25.312176247547534	4.35358226175413
0	11.52968207583697	0	21.15741355098614	-2.4012022503664197
0	8.510232300307376	0	23.7578591537701	-4.6131138401711524
-.4962955733137857	3.755233470162331	-4.058697016805988	23.7539387555384	-8.512298633970373
0	0	-4.205254962715699	28.43869553633001	-15.903994440492246
0	0	0	35.95925719435306	-9.606018402725935
0	.46046178799910753	2.6701259484197064	30.075723590947295	-16.49770571054366
0	0	0	26.01428642390225	-11.860494939846797
0	6.253149572778314	0	28.80438825052243	-2.5842617051577963
0	5.916100960024181	0	30.21750199709303	0
0	0	0	34.100261357274654	0
0	0	0	31.3925260697275	-4.514221596637656
0	0	0	24.32194454543782	-11.434095173476065
0	0	.7610074678094555	24.793579102595448	-5.710721001153372
1.4411457134239525	0	0	23.072805785924423	-6.9694475748416425
7.602224344611826	.7654876063455629	0	15.716081271537178	-4.804258123544857
5.46468772184237	0	-.38369317913243606	18.121207922733735	-5.389523439989087
7.825838660038906	0	0	17.72269745076312	-2.7263539608975913
6.7099880768683695	0	-1.4758943347168103	16.092011202086013	-3.6368718018830517
8.814918569636074	.5646375067629186	-2.7557412209278063	11.627459283625505	0
17.430977245412027	0	.5982015559693146	0	0
20.88562466452166	0	3.168697075265407	0	0
20.687044929167186	0	0	0	0
21.020243524748704	0	.9190747645531734	-1.0900004669963739	0
13.272826198836476	0	0	12.937378045025241	-2.7740845655710835
7.306204531883007	0	0	25.995925767359804	0
7.716346820168847	0	0	24.667926379113304	0
6.441323941077636	0	.9536853966869423	21.107071587162956	0
10.256694810697645	0	0	16.650988508521326	0
10.409272347312934	0	-1.9688698138664162	17.19119597226646	-.7071491675070202
8.268566115321978	3.516868371739579	-1.2395128308733623	21.23111590914355	1.0646129393453143
13.37130563731519	0	0	9.11486937848002	0
11.255843824119378	1.939311967950524	0	13.89984876915851	7.706352081464539
14.83280852760262	6.256836826926879	0	7.4561224244981235	9.91857143316865
12.3771529988689	2.05132965428239	0	.7105540259146039	1.9719797667732943
11.378148035344106	5.98048477739025	0	7.537842365998109	0
10.17557831685131	3.804238602906026	-2.163890539439958	5.290452036679582	0
7.617808144208242	-3.1964328304196625	-.6823105492186818	3.557907655806276	-4.303053244723476
3.8850864835094816	.608881316302845	2.6631646470124593	0	0
3.7275876342007517	0	1.1244256765730658	0	0
.24982348712530478	1.7788435145014112	-6.109923700714659	4.4036994834256316	-1.537568185509622
0	.618990640024734	0	0	0
.17647163913507768	0	-2.8282903676377775	0	0
0	4.5111786976504025	0	0	0
0	2.5127465603550925	0	0	0
2.4467778353963805	-.08606459476757043	0	0	0
.658859857637998	0	-.5952494419950556	0	0
0	0	0	.3289149748909046	0
0	-.7376163587898705	0	0	3.8384556400585605
0	0	0	0	0
0	0	0	0	4.943307022342038
0	0	0	7.674999642026871	0
4.956118819261794	8.121846995382475	-2.7741540557843076	0	0
2.8794398730036375	5.97439337812018	0	0	4.204977597681201
2.564949810346261	6.127733039701892	-3.3020558808187626	0	0
0	3.2024718980983455	-2.6423096918671414	.5060322437830238	-1.6941550360168476
0	0	0	.5723575664009249	4.424283007169395
4.1217947597334685	3.9938873874665917	0	3.948115948280583	0
10.693417220600649	6.13841871902882	-2.779092921306437	-.3646243424815898	-3.8650717452491006
10.57356438518637	5.63482197072162	3.232856582259616	-.998200390913668	-12.068784302645948
8.731158808018172	5.422020882857552	.23514743623909018	7.510604547273063	-3.686629658724774
8.273213409011483	12.519361936564616	0	14.592410415233324	5.72242149875397
5.03328911707983	12.435040665086392	-1.5837989837367439	15.099189373152855	6.141000004801691
6.525407122722327	17.124202781097555	-.4729135128394262	11.23417356542462	10.497939496291016
8.14974944767514	15.354505141538697	0	9.910838553382654	4.560988552831531
9.070620442063564	12.345362161856931	-1.0625322216524937	8.077067623450851	3.2797595513473725
11.999211772665332	14.302715636617219	0	2.9699563481672113	0
10.17254734551627	15.34369412197307	0	0	0
9.02132200429832	14.528865455715676	0	4.083770276673102	.36331475422642745
3.35309987648604	11.885024706014944	0	13.524515703348277	1.7585627444335226
8.440229432952728	13.259380112080814	0	8.098955994255679	3.2417268211523314
0	9.341540533189363	0	9.477732099626472	0
2.052332325631066	5.883619903871719	-.22873967027478004	2.4515628527542086	-.5087796426550228
2.4840617280068242	2.8149042145286884	0	5.474610115883197	0
-1.459869857934542	0	-3.9246222226292913	.5382765652122756	0
0	2.089414056114639	0	0	0
0	2.4347990111242277	.2445406580880315	.9867022674082805	-2.0721271924763833
5.07926257859094	0	-3.4333557955562712	0	0
1.8398727451677044	.6883074506593919	0	3.609455095453187	0
-1.1084445283047692	0	0	.550021202989917	-2.9248980980781862
0	0	-.6178695086822985	-.6400468128648897	0
0	0	0	0	0
.9472024346044277	3.620730600759991	0	-2.833159171674049	1.3671004978563635
0	0	0	5.0792524282273765	0
0	0	-1.1645269363405546	10.538875003604547	-2.7438913906339377
3.578545034138872	-.1935835160598236	0	7.078133785283658	0
6.126725610792044	0	-1.6983267348639068	6.182863948253271	0
2.4799208948825284	-.5254905082717498	.41138655750239383	-.6772719884040335	3.844121191129741
3.440067139519253	0	-.23852616921476932	0	0
0	0	0	0	0
0	0	0	0	0
4.676703342388759	0	0	0	0
5.733468952811262	0	0	0	5.150829196083599
1.017954704042457	0	-1.5426109173775775	3.055063318094625	1.9502574890876292
2.6468904869819383	-.5521789536797359	-4.345798877369358	5.291625264658897	-3.735299461797177
4.539960756836795	0	-3.5673243383736404	.21700764423148355	0
9.332472419667287	.9211275937770023	.5529645657216465	-.6015308605322973	-5.541752683275303
5.463172045740245	.6927310812153232	0	.1630704311535413	1.0030547310516962
6.712113990550506	-3.313840770141243	0	1.21902648519243	0
3.933425436037483	0	-1.7497967116518298	-2.4356772752588203	-.09262522959544095
.8521812039803272	1.9851072900688207	0	1.9394283381030244	-4.545315581887099
1.9652495638301366	-.9609812716247407	-2.8337986365170353	4.867111854854838	1.0914832857923065
0	-.7213095490509531	0	0	1.9504960315308548
0	0	0	0	0
1.2405854803395553	-1.8906185748743791	1.448539897965087	2.770325197288168	0
2.3389806358326575	-1.3958746444187706	3.6456582442896255	2.415611194465891	-4.561884988861135
0	0	8.884171101542341	3.6935584285183984	-3.381703644500675
3.0956538090708268	2.3943155264779317	3.7894178334463953	-1.9239384850633665	.47434921466040736
0	.4466616965943512	-2.7538979980178224	4.245868716977405	.06193676212530489
0	2.5865348788429854	-.5154785294605463	1.2809495359320895	0
0	0	.27030710167113137	4.495862180531779	-2.8006907345324494
0	.28682750793770606	-4.016642334215788	0	-3.635461262617678
2.333245965506613	0	-2.3165712935382707	0	-3.6475713732439816
0	0	-.4017047363466637	.6756260983269359	0
0	0	0	0	0
0	.6537767409174724	0	.4680641697697097	2.155516423148789
0	2.2171506750920775	0	0	0
0	0	0	0	-3.7335931056133984
0	0	0	0	2.8079383384768377
.4539250285668607	0	0	.6649670008818014	.2994512021440582
0	0	-1.3013862534589107	0	0
1.4806556875543035	0	-1.2133747040966547	-1.3694356616161727	2.4757779498996184
.8683358526163899	2.470247465400133	0	1.018719637426604	.45478064248857075
.3793139397855747	4.774061818995634	-1.413987617704655	0	0
.6550704642768816	6.7837064788108465	0	1.703223497412951	0
0	7.635599429577852	.9090204823357069	0	0
1.2008166433961995	2.989403492166547	0	0	1.7728472362076417
3.914867315680955	7.64434529495666	0	1.515453904674023	0
-.8637450716643096	1.6213432361623423	.6950386463986297	1.6981900396300844	-1.4270554831406868
3.747613592653116	4.42591771194237	-1.1087239271883633	-.6980200892326951	0
2.480077418362615	3.0064829919381597	0	3.8026826810064476	-9.792339500049717
2.7640309006988106	3.1283549601124863	6.317811285939747	0	-2.955362059349624
.00978314085397547	5.723127635309813	2.9113456475636683	0	-2.3172054996458327
-.869766984436376	4.060406494253885	.9082114254847561	-2.7255494934384616	0
2.915602626103814	.588825255897496	1.069961028036099	0	-5.357981982922691
0	4.450239913317297	0	0	-2.137137139369514
0	0	0	0	0
0	0	-.27809258749295546	-.3736528991535155	0
-.8112452933813715	0	2.9238312486117612	0	0
-2.2904436064208906	.2201664257699194	-2.411429171668783	1.092921776809644	2.6345241810673503
-2.5893446037085646	2.716251071141754	0	2.279010285309073	-2.5331935969737147
0	0	3.1062851252414614	0	0
0	0	2.5925458421165715	0	0
0	1.7740599334456666	-1.378112320899218	0	3.663512912073294
0	-.11140121828823535	0	0	1.4266922639303852
0	0	0	0	0
.742290508707886	-2.015770083109497	-.2665317509806202	-.7387166111767209	2.3415824423869935
1.8389776933922186	3.485781966564403	-1.6497995817947428	0	3.226818200373609
0	0	0	0	0
-.2957332606681047	2.94051548253247	1.4827094225770203	3.98513868848695	-1.6498159725517685
.5457709276685339	-.01464365308309908	4.272071528932187	1.1265178147688015	0
0	3.033622173892768	4.384764688060387	0	0
0	0	0	3.446844755972138	0
0	0	0	-2.5207086469038718	0
3.3352995498094793	3.8087088243297686	0	0	0
4.786918099235317	3.668144327696459	0	-3.0389233979177708	0
-.9557801575102083	6.240153550251856	0	0	0
0	0	0	5.73291727975173	-.24393231558753148
0	0	0	0	-5.203848897818592
3.5795904641580107	0	0	-.9144500312641797	-5.864960139922704
1.2470761715405188	0	0	1.3152085219997993	-2.1006084438123356
4.857539275883174	0	-4.529773683961147	1.711143882228313	-.0641746909906321
0	0	-1.8997304490778582	0	0
-.25725169272306103	.39463877164035865	-2.028642891650628	-.5981742779215111	.4537614657255866
.5529997536594218	1.649152586451731	.11685938608882224	0	-.811676110543857
1.5428324998515968	3.6040597377927206	-.13265613329476023	-1.787259487832471	.6798302147088552
2.624830290391346	1.453359834241293	0	-1.0220048066379377	0
-.15902752309972024	3.735084272506487	0	-.7060854448970451	0
0	.7329258607012351	.7172075062695327	-.27485854761489903	-2.3061893446528257
0	0	0	0	0
-2.145768764237841	4.12949538108035	0	0	-1.069751698404623
0	3.105008725921494	.013408795763336201	0	1.7509707573124793
-.9473509892413694	0	-1.408700657950757	-2.8960467266926995	-5.066958238992364
-.7467108337351929	0	0	0	0
0	.7901421274227768	-3.370121560282479	2.6621522999033376	.2952478968419286
0	.27046412786056817	0	0	-5.489094024629846
0	-.2253437731770192	-.2186512172846959	4.167895719552205	0
0	-2.4795739198468962	0	1.3679055873411303	0
.8178285874407825	-.10572470381718757	-1.7890968366034647	1.0685409129447976	-2.293075853554003
5.2751308532107135	.934001678495938	0	1.3641306810032539	0
0	0	0	0	0
0	0	1.1054335040932157	0	0
0	0	0	0	0
-.2123066327322275	-.1735447685997329	-1.4103966806284713	-.17494156348676854	-1.0252732955898751
0	0	-1.3597034752651016	0	0
0	0	-2.6166822576626476	0	0
1.1937197693430806	0	.853049170901356	1.5831296472232652	-2.2995268752370857
0	0	-5.472939924384703	0	0
0	0	-6.602997111548072	-6.044617146984489	0
7.6583484637928345	0	-5.488559930388258	0	0
6.182383022560355	-1.130938861291256	3.4511106311935857	-2.7813953986792006	-2.698305622410715
3.873482228466825	-4.6067795822061965	1.032683975841282	0	2.5799469457927358
0	-1.996664138110271	0	-.39712296091575305	2.425224775869367
5.878962615449764	-1.1525219053692373	1.911254752074693	-.684971320674107	4.801759755345717
.6596984742740724	-5.993012965348534	-3.2349328440756224	2.210826489485162	2.1429829315149114
2.3088646359843064	.5273132028182977	-.4846308051740287	0	-1.3676116631686996
5.497771736984181	0	1.6749033151561432	0	2.3878567784625995
3.2319506792349504	0	-3.5440857327705	0	0
10.717811103298162	1.8858787711559775	-5.541710166204152	0	0
6.594964466878735	-2.051684889874808	-4.259338053807962	4.3951209368475315	-5.0839455807042215
9.481796691394196	0	-1.5462655760464483	-1.839456714916392	0
6.740563221119252	0	0	0	0
0	0	-.018665404649313877	0	0
2.4515989904989315	0	0	-1.0783078755672264	0
0	0	0	0	0
3.4331496785817603	-3.35053696193627	0	.31063847563067726	0
0	-1.6324826202342357	1.7813578602237563	0	0
0	0	0	0	0
1.979192513768252	8.071281325107737	1.4142174574807085	-4.241442506839749	-.28835729432043333
.8539257940180528	2.999556267682401	.5229007709047147	2.304361482746666	-6.3161052358017304
.449519737569279	3.639718362265129	0	0	-8.134792890314355
0	3.717985848020752	0	0	0
-.2053074785823561	1.4185906560157702	0	-5.303158886538673	0
0	4.815414065374427	0	0	0
-1.4573557143841884	0	-3.5232870028365997	0	-4.54083773038786
0	5.684889833232256	0	0	0
0	6.61498471422193	0	3.283496038082995	-4.646286934567588
.4701744281430398	9.519102336089029	0	0	0
2.4643861290840867	6.261921646802348	.8824682267750379	-.9293356958105303	-4.476290134207419
-.9517894235834534	2.478243802313053	0	4.960378352193413	-5.11032314020011
-1.09621620225834	3.5210658106048687	0	7.04721353585216	-4.666558761456429
0	3.0164633573234756	0	1.1174702740573088	-5.566089876455912
3.162089498427436	0	-.6648759771366524	3.218728163968854	-1.3585450476329064
0	0	-.010042522624784167	3.0578202966240298	.6252509044266232
0	.27858740672329624	0	0	0
-1.6790903349555204	0	1.190612579653652	0	0
1.0437653472084558	.11482560779306628	-2.0365028556326044	0	0
-1.36825829903161	-.23122454005876247	0	0	1.2271261646509801
-1.4148602988860306	0	0	0	0
-1.0695030464972526	2.0786861580596367	0	1.387081993563715	-1.6936420928052605
0	1.496309699278656	-3.1781731634023354	-.541858665628987	-5.513243601335938
2.249301774827572	1.474816223613972	-2.8291997258143624	-2.249365480144796	4.579944899167669
-.6085027238891433	4.991898973761966	-1.0210183032629085	4.93802063767217	-1.7132619039271644
0	0	-3.4196082714993388	2.157598395364217	0
-.7681880823160134	0	0	6.069918594235395	-7.365029857058623
3.894906807237217	3.3887166038054666	2.3433153218495706	1.3116566551239113	4.49496203621079
1.6852950763317975	4.7028987357124095	0	0	-.13724727553375216
0	3.156172762089434	0	1.454706236802592	0
0	0	0	2.01283265189728	0
6.6538244780077305	1.8108948260684514	0	0	0
5.17111593862464	-.8118991037036858	-.8224007180897963	-2.1314745779745996	.35238739436826627
5.528842315266015	0	0	0	-2.6583150651527925
0	0	-.938410284046725	0	0
0	0	0	0	0
0	1.708273609313511	-2.1306297843021507	-.92794290726227	2.9583455051641137
0	0	-6.800041126048197	0	-7.649003209936745
0	3.251744259550078	0	1.7409036240892464	-1.0702222069299834
0	3.181855555054657	-.14942135585236524	4.823955530413196	-1.2671539459433812
.7200995815861249	1.6716990306659085	-5.452158811487802	0	.501388121879164
1.8463875600697992	-2.152265806687309	-4.6044672612137845	-6.645256985013479	-8.050081030557761
0	0	0	-2.044744934498916	-1.8115978412153926
.4987755250557302	0	0	0	0
0	0	0	0	0
0	0	0	4.338928739494924	-5.068447537102404
0	1.0738445953756144	0	-.6863016070582364	0
1.4458782357778128	6.13621156391314	-1.3259693454782058	.2711868603912676	.004545518358726606
0	-.9241432959162772	0	-.6405746501510277	-.5731112425065212
0	1.9735879509286485	-1.0221828272191948	-1.5985731236173106	-2.279639091048193
.16346435247420943	1.1736823624120494	-4.96705603697466	5.5012363074642	0
.9208872831618748	0	-2.991346749163676	.36261253562626816	0
-.2461932337096775	1.2740422779916436	1.1565503905410779	1.0783781001367012	-1.0879801238897069
0	1.2156781695649606	-2.3813159845963257	1.5623316590641856	.6357536800658966
4.997275410280539	0	-6.123549564934216	-.35239072726840015	0
4.4275224332234	0	-3.4974934695277398	4.097282646542988	-1.9823835302233652
7.4065885124414415	0	-9.306738735972619	7.257462096989858	-5.0978860631997165
10.271125563946727	0	-10.563594415131815	0	-15.144204211369978
14.885545580824525	0	-9.568354609165924	-6.08314432183068	-17.34938343068003
11.669389264245094	-.039121822908145254	-10.938316607857878	-2.590729417002796	-14.562297011541027
12.718024017149279	0	-9.16999304609709	0	-11.884838835553653
13.7302997843087	0	-6.125815163528639	0	-7.68323577717822
10.802077879952847	0	0	.9287291559446071	-5.049513635294959
3.281822849977629	8.348506138165305	1.8640707794724098	0	0
8.347342461490157	3.0906996016017905	0	-2.2830896238645737	0
2.3387206073402345	4.54341057693351	0	-3.017214850374402	-2.0705686162685977
2.3295212415445588	5.534978560110702	.185972132537628	0	.1305695122553039
0	5.148232950925412	-3.2441498718643356	3.787507097387852	0
0	5.357061263149032	0	0	0
0	2.344298133362905	0	1.9731406839530303	0
1.1869044703917855	3.723957217619005	-3.418117866601871	3.1841796806547324	-4.476814259474817
0	4.326858877647954	-6.569400802377272	-1.3189716710389827	-3.7401211968410273
3.299256023021863	0	-4.563354214081566	-1.8486851064720784	4.5721324596695805
0	0	0	0	-3.383153410953656
3.1510546879273664	0	-.9152086701179079	1.6216707764953135	-4.325354467959358
-.6220156877033165	2.697222576033004	-1.0725321454875916	.48487028385279896	.3172437291537312
0	0	0	2.279176467187495	0
0	0	-1.8657919864119763	0	0
0	0	0	0	-3.44814761284051
3.955548962404412	6.664105257587632	.9258875041802248	0	0
6.7279908545475875	6.691855521129956	0	0	0
7.733320578132584	5.427573428545776	2.9657680933291144	0	-1.3422009833691066
2.868346183478972	7.2172598266301415	0	0	0
3.227599388244993	9.690077734706232	3.660717427856907	8.913049428988712	2.334909192050209
8.5134558170551	7.703978685501678	6.511787202063713	8.86374266666691	0
7.874206185664731	12.546204095973307	2.569533544258067	7.717015818722613	9.21206840358085
13.889042564269156	11.80321767724984	0	9.597845791498118	11.736868583774612
11.970377031885864	11.91013150505741	0	5.729601989256205	6.1516056190899775
9.20164870525091	5.880149896754184	0	10.658200910174799	0
7.149009991386965	7.942994811109275	-2.3809814059489023	6.661739142619826	1.7276170298970035
8.022806324711363	4.280862010122684	-5.796918895060355	9.926319086056592	7.128890681769027
13.83742659898442	4.196413861692062	-8.26253463416973	0	9.203246516369216
15.557169394810762	5.8014216275552055	0	0	9.534805636626505
10.826554594549645	5.142525881545171	2.1626634975852888	0	8.254099526995416
8.931318038799843	4.805419807901538	5.7561238359566795	0	2.9680674477314613
9.413902247454388	0	0	2.7737122268632786	0
7.794468578737866	-.45635277981576816	.8533876056068803	4.323941410717054	-4.708274032692676
6.314522516219729	-2.3112385787891094	-2.755174947675678	0	-4.454070122623934
0	-3.3236713451676336	-1.7892346529699554	4.0315970244264285	0
1.5195142190935662	-1.0598586526259255	-.5230534937543454	6.160918171810331	-.816143843948727
6.521239589608352	-.05090691011755255	3.9313451457493147	2.570001838805672	-.8724783906717637
0	0	1.9130999679364278	4.1200329920554095	3.290300563362009
0	-1.2197240197704322	-1.2962158386406655	3.6331271219077568	0
2.7161992807682496	2.7964106059619396	2.121905159939474	0	0
.5328486053374282	0	0	0	-5.69985247938796
0	3.425048051934618	0	7.80631110754778	0
1.8339691854001074	0	0	0	0
2.038687588204309	0	0	0	0
2.1172238359671516	.942779503038031	.9683855077411635	1.022786869635999	2.815429643944456
3.5864445945762014	0	0	.6172785266711236	-4.0870065768565675
2.193914159530833	-2.5277157866504947	0	-1.6813813032590221	0
3.5406999148986715	0	0	0	0
2.426181054538587	0	0	-1.5211679899773083	0
-.745477011546965	0	0	0	0
0	0	0	-1.3386142497084288	0
1.497431861454389	1.107784575334009	-1.2791211515603171	2.4932080361536118	0
5.619611426084593	.08173760068142477	-.3005826360383598	-2.560447691528665	-.6374911329028594
3.754517278218883	3.1204171926642914	0	8.529141577949067	0
0	0	0	0	-.8831745385010952
0	.27962807497436304	0	0	0
0	3.668440063437919	1.9591682349236215	0	-1.7356347263419694
0	7.320846074741173	0	9.553383780035531	0
.18974591428468407	4.095426631750731	0	5.412456708075595	-1.2392089686938033
0	6.638332603115134	0	2.276454900507198	0
0	4.634919480987309	-2.07548500073999	5.768778094429187	-4.9364121399428775
3.809666857477848	7.6195904920021365	0	-1.038520806816022	-8.706062398986397
14.072456050802042	3.195320618216053	-5.885792592372952	-2.7159389873894453	-5.419915054686488
9.618872998968595	6.221712486638884	-7.1311441245915965	-.8487717721419386	0
10.381553234359966	6.746764277695589	-9.982895799755527	0	5.115645914615653
2.785218065162989	1.9848378155894633	-8.464567927526858	-.7485835667248364	0
3.571308293352006	1.287080776102621	0	0	1.3417571219883526
0	3.2458566935687805	1.7270410115207575	.9396804530987746	.004248307039777299
2.995485680502447	3.145728455777509	-1.2392011292059022	.5963773914867816	-4.101565838096731
.19102879919501808	2.8892123845924718	-3.7382653081692236	2.053161134943752	-5.087594520953514
0	3.2596301923260524	-2.3475804452087288	0	0
4.6932749528107	2.765947346738124	3.4687472401272808	5.110354340269701	-5.356485295988227
0	0	0	2.689611589804991	0
0	-2.3788781903394094	-.6808747678043715	0	0
0	-.8055426286351703	0	0	0
0	0	3.194243745196501	0	0
0	0	-1.2723967568450885	-1.1560598266523583	-1.856491810400187
0	0	0	-7.138350976520567	0
0	0	0	0	0
0	0	0	0	0
0	2.396485471992386	0	.8370334358289191	-3.895966896512732
-1.8184039709289825	-.23600225643267442	0	-.6394906445913122	0
4.3078561113097456	6.082083190155963	0	0	0
6.438749153300221	7.715958247257875	0	0	0
0	5.882911533289377	0	0	0
0	7.5745830268773	0	2.845872221931626	-4.0147857655513715
0	7.16343429201209	0	0	-1.1012031646300613
0	4.681381771311082	0	0	0
0	1.671466765041002	-.9316135151112301	-3.954462410709713	-.16389538127937486
-12.553300772400766	0	-5.497132042983076	0	3.2317242859986166
1.5543474291221417	0	2.6365277950028307	2.5726907655202216	0
3.4700973145974423	.9088009582560131	-.6624878179224025	2.204700855971497	-.3056151373195365
7.531549228862946	4.0073413294769304	0	0	-1.3600382719485498
4.112501765411546	0	-3.992923139447673	0	3.6908665950525177
0	.6738696844755656	-1.6930407329972121	4.232980183359203	0
0	.37579831565053556	2.109169052800064	-1.704233165190571	0
0	-2.6655147415568448	0	-.23780986486778666	0
-.2344427866272425	3.628731124133428	0	0	-.5379119729144772
0	0	0	0	0
0	3.3661307268459812	2.0351798758715276	-1.349977663887499	0
1.2336995593962201	0	.1840835914577421	3.23092191528393	4.191982274885673
0	5.011050464468386	1.5585072575440244	2.9345785553433035	-4.094744468298762
3.7611542957645607	9.88987531048474	0	0	0
.8106035681881617	-.6007272771568986	-1.502873772885287	3.0414981555174223	.021642051605239132
4.925922484159987	0	0	-.7036294785755577	0
3.7699649019821737	2.7350777563369792	1.2756977540995236	.2177568314954893	-3.365624392474565
0	.5249486474067779	0	0	0
.703519970762315	0	0	5.236860295848261	0
0	3.081330680726375	-.6518582187863444	3.0706442413495236	0
0	0	0	2.3032866408589148	0
0	.6219937317116159	0	0	0
0	-.2633396693087188	0	.06439925597606053	0
1.7677364923238814	3.19050321891686	-2.2646791281451257	0	3.5374496684764773
4.2729753804740005	3.606122028437321	-.39221542461197495	.4944455031496484	-2.1879830697771885
3.044314468187605	1.4515696136290823	0	1.8003967500205529	-2.166849561139157
2.13788416047174	.6395101001959684	-1.1408505389760313	-.08353358305004732	-.3973585081662505
.2547730759453566	2.137297831759854	-6.545965823377301	2.2576347011073987	.4727322201935946
-.39815629394680707	-.3155851192037511	-3.548297077941405	0	0
0	0	0	0	0
0	0	0	.4131450486823632	.3805868708169946
-1.2662439309828804	0	0	0	0
0	0	0	-4.7163330734452735	0
-1.1198483853028272	0	-4.04423757572213	0	0
-1.3790195849669282	0	-.5348106357074072	0	-6.7587105397289635
0	0	-2.15155930241344	0	0
0	0	0	0	0
-2.830393111403181	0	0	0	0
0	0	-.8557904270925292	4.2671037057428	-5.495396703752228
.5597664662947834	-.7889391786503914	-1.5546545439581396	0	-2.8633539594111994
0	0	1.0255282269848351	0	0
0	0	0	0	0
3.907775620349227	-.9580792932244871	2.957206325476277	0	-4.6906124948731
0	-1.3956148630491496	0	-.1325912722186975	0
-.5307711555111263	-4.2082835956281475	-.8894192152230858	0	.5079001750895947
1.027776049705193	0	0	0	0
0	0	.9671949756615288	0	0
-2.31933919034816	.9792626264959386	0	-.4323255643514423	2.2196487133059764
-1.850452557270819	-1.2630798646647783	0	4.028351222236989	.22885529954102551
-1.5989239516642861	.7002585637991983	-4.388373085754274	0	3.5536885879050013
0	0	-3.097354880477736	0	-.06826297788848379
-1.6173797297814967	0	0	0	0
0	0	-.913324943834923	-.9457566790701597	0
3.7246033398344176	-.6420790562311023	0	-.3843234945263674	-5.930470071538132
2.7516389353234665	0	0	3.9878792818592554	0
-1.345303233405553	0	0	-.09968921712926138	.245886958332021
-1.5460967331426683	-.24890659379442193	-2.2994668201553417	0	0
2.42845171994963	0	-1.7120786082290762	-1.8374647525778227	-2.9943330271087802
3.822534428063277	0	-.9731630454447565	-.12988792039930064	0
4.69262445245262	0	-1.7670630970984211	1.1280437317539715	.8798188360737211
2.4919728057393415	-.6969822571232998	.044997269091939796	2.095309644392355	-1.9974806195417099
2.5643430428088885	-1.5020768106214173	0	.9014162671913903	-1.2664292118485132
2.0009021547448853	0	0	2.75451720767102	-.66223289957971
6.433529775968931	0	0	1.0086359588068228	-1.9426011431466987
0	0	0	-.0963864700006759	1.7335177082027111
0	0	0	0	0
1.3317554993585186	0	0	0	0
2.526267065158736	2.3216838965344175	2.5654503370752098	0	0
1.6395764369247017	0	-.5311184926706343	1.99421526872944	0
0	0	0	0	0
7.208509211714901	0	1.955166589004838	0	0
3.4862778010845776	1.4406135710565184	-.16071275495000492	0	0
1.4636457881419846	0	-1.3128355630655495	1.5476243896360025	4.4765163274950694
0	-2.5975405486390657	0	0	0
0	-1.1229039242450765	.007915723305925382	0	0
.6917114649546827	-2.2595125383085515	1.6606992954146744	1.2018163785708085	1.9278563938885274
2.6361658164216806	-.4314913568104768	.13844376528799557	1.236840466514168	0
-.5562093919233327	1.0607999811519697	-.7728781501945421	3.4458422720955637	2.2913115472883656
0	-.05667360367833718	0	0	0
.9106193083540555	3.266303864712728	-1.4171383729076485	2.3265223832316684	.8220898669950618
-.5123208082004147	3.487938795050088	0	1.9672633853953956	-.31601534996558533
3.10554459142223	1.8265087295878315	0	0	-.25303388954718065
1.4875940900287947	0	-.45405809137414943	2.0578414515489794	-3.481583785775448
-1.4191086255181402	0	0	-.8324115104366265	0
4.396920123397371	0	0	-.7676786254845529	0
0	0	-.5569745065903143	4.0371178119735	0
0	0	0	0	0
0	0	4.186858447489395	-1.7588875150022019	.8200494046583016
4.062980216577993	2.1092962722217545	0	1.6889676401506928	0
1.0791216974017765	-3.9073318688348784	.33946044230317296	3.4977298399912384	.7965968131529071
0	0	1.4409920966157246	.9049862557263171	.954942865364934
.48449860811616907	.6755236065030359	0	-1.566858844002355	0
0	0	0	0	0
0	0	0	3.011871656115705	0
3.0332915885751324	0	0	1.1209676006891496	0
.6134524004777708	0	-3.26497297721361	0	0
-.12270370449915213	-.8077569591849114	-1.8614615857101373	0	-1.0320421894558998
0	4.164985959783164	0	.7245558446595721	-2.549992724176608
1.6112349954321759	0	.9081477499872911	4.9264427252821115	3.8208632617196985
-.5049060487193564	0	0	0	0
0	0	-.3054576147319099	-.074030926300619	0
.9580921522523226	3.7114700185653238	0	-.18214342702243003	1.6412744036239313
-.8795629985004039	.9824755993476506	-1.7525598845506294	3.7777081972263478	1.1789124776415423
-2.2123538932224065	-1.0417070549425196	0	0	-1.0341476372083234
0	-1.2700376539405964	.22757572543305415	.9950010915257885	2.973816682529507
3.1272637770831135	.6650327989130562	0	3.5546878196795415	-1.2288415795173426
0	0	1.6696387042871028	1.9986517725345299	0
-1.0227351701301255	.8342563863503647	0	0	-.2644781022760485
.15159809180467854	1.8621766149260712	0	0	0
0	0	0	0	0
.7677770655682666	0	0	0	0
.6701507392469694	0	-.5938820165290546	0	0
0	0	0	0	-7.767925794311895
0	0	-4.768161534441008	0	-1.8915836375617763
0	0	0	1.0983176868757836	0
0	0	.8176792927626846	0	2.0084080943103135
2.6238274643681363	4.087658587122072	0	1.0043428018554375	-.3660625587222296
3.506707372112148	.8273898951219685	-1.1667634915991671	5.925915079533189	2.596043192745374
4.966489440470328	-1.5339976529246622	0	.3533101743587965	-8.29822495922807
9.399956408008679	0	0	0	-3.90315109419343
9.90659278632234	0	0	0	3.0827392683890107
7.639937579722753	5.234057321323109	-1.9927101380848729	8.769169139834574	-.43079661996922375
7.732436393294572	4.879091373445219	-2.6665039505848798	6.051685813788922	3.976222891228104
11.74835042574792	8.006849958259291	0	7.61522359836981	4.684164525820128
7.798152680392788	10.166889468583024	4.408941228862709	14.280589185765486	-1.426845751949973
8.11463174196273	6.903404730254131	4.224143946533915	11.765750655402865	-6.453717477232127
9.604212049654985	12.405841190419247	6.950443511307055	9.441941782207689	2.1823802000927257
11.01082084422458	9.451688092969645	7.810937951368423	8.88659096387983	-4.952041678737644
9.952220013930747	9.411782255892293	12.171423590451717	11.181520811047829	-5.911450245359864
9.93553265188262	9.920858895298778	9.445154304120521	6.409446672572102	0
13.635786616706394	5.20206140176127	0	12.701974569728376	0
4.696350672289079	4.12142533001346	-2.5583029176216407	13.535510045478295	1.2562846994386951
7.979262057889445	5.050955918027125	-.928525731372953	13.573224586446905	-1.4950817351567147
9.87372135211466	4.150884532781747	-3.4670451021516655	13.357979907324035	0
11.154596694161077	4.895812213127215	-.5566143150455622	10.483265164554416	0
5.433568642605686	8.940410296884068	-2.3196672308517132	11.27895655531652	7.27342362741885
10.219764988565661	11.71773474598532	0	10.099569643793462	8.63930301345503
8.967677195773533	10.749642887015737	0	4.459291969082427	0
10.396687949236968	8.543217040258122	0	7.694571481470661	0
8.810788464992575	4.696843238728629	-1.47228627660994	.5433157340523451	0
8.936937447336405	8.004728809396264	0	0	0
8.737202926559968	10.958082118929228	11.666091117217173	8.131879894507641	-1.4435037340054613
9.208310104131403	13.161981534242589	11.108141771935156	5.3085873683889915	.699893146513402
8.294580939267002	10.630935409976365	8.765275295792373	12.192076563387177	0
8.456954387950116	8.373491338588797	6.166360171315209	13.515700059896918	-.5498163221423361
8.860615765027006	4.410977987270642	8.510425632737489	4.0971117549251	2.965962861975237
12.171747608648559	3.911539733083981	7.439059967644834	7.4243806003347945	-4.407235550053932
13.360854330167053	2.957192233348618	10.147117400908142	4.996754828646258	-2.40800439753163
11.905741889986498	8.165657247079533	7.872732960688855	11.227438528928076	0
13.20018386625346	8.75169978075146	12.006145770123496	8.284609486359559	1.0583034168138614
7.659496387850935	9.20594777697846	12.733428838380094	15.409969747436852	2.540404621930643
5.514893810212419	8.283649760834637	6.681352946976569	19.422614383496786	4.227126612479539
1.6588179923852693	15.47452120816736	2.356166156816245	24.762738763913223	13.765028203960362
0	12.881231406288448	0	26.860766441892117	19.772136445741808
2.7849655080578413	11.968460488929454	2.1912521857272056	27.389673273670518	18.46183170229734
7.273989916471094	14.055582393324615	6.166271945452124	27.856017321722042	6.871574539903038
3.406389678712197	13.305832882058771	3.5165480377300735	27.019191894390065	16.057322717391497
9.625779500004764	8.151438159248546	6.62246242729826	19.258068181910645	11.939160065701827
8.254527941241403	8.604852582313239	6.023773450434379	13.567153322382904	0
15.054239409389679	8.677068806345652	14.065170908973641	-1.320529319386641	-5.028616419373413
16.342610344599954	11.793917225244853	15.942928168980535	-.5996539138832325	-2.8495584553522435
12.51880212502781	13.574888340872699	21.750353472101843	0	-4.839650348264424
15.85888983734451	9.274901871606414	22.332361658220677	1.8953836034965414	-3.420231016404797
10.97888752210176	6.6680462298561665	16.432687247724118	3.82741612195062	.8532981353016136
0	.6404926383145607	4.297602252699614	7.609922984756121	3.1369804018556287
3.0848214756921	-3.1106506197625547	.1603983030818775	1.3889606105187697	.6288045235868918
.7526303294822934	-.03277490861222332	-2.081254677129751	-5.696602801792519	-2.106992676728857
2.5752376015191056	1.5527021587288314	0	-.05825495353235688	2.1785453378016655
2.9840376260600125	2.027066488703481	0	-3.5890109836321096	0
2.4317939916013667	-.4004101152586226	0	0	2.2633504455368043
7.146429077731107	.014172535023291188	-1.5404545932629157	0	.9367616949916435
6.9921205185707915	1.3182341533430308	.781553078272844	-1.456187094079185	-.1691202520306787
7.94341912460554	1.2102069001960256	0	1.7964849439133437	5.9804601198539125
3.336445517734912	-2.226842651818046	1.2975778770970643	2.6594821361857894	-3.5287326708446987
5.158953373861263	0	0	0	0
3.616466859292541	.6555747499332887	0	-.9268185568182707	-.813435070220327
0	0	0	0	0
1.1462612217838717	0	0	2.7617374276060964	.17878363232376757
.27650034168444715	.6084805185515411	-1.448942910056932	0	0
.018647997792136106	.7980283020789041	0	3.233412599704235	0
0	0	0	0	0
0	0	0	0	0
0	-.34758900605185683	0	0	0
1.3878942258859894	-.29655598548802276	-.008944816398498645	0	0
0	0	.3085097647507332	0	0
0	0	0	0	0
1.0592404166735767	.9232635912195175	0	0	0
0	0	0	0	0
0	0	0	0	0
0	.28678082934647264	0	.5888241755458076	0
-1.1461076765653755	-.8232273251653396	-.7679062286624249	0	1.2126737391191944
0	0	0	1.6063767400402487	0
0	2.7699929124876297	1.964398356448815	4.631353149014081	-1.7198423865507784
-.6013839154351704	0	0	4.055083482468112	0
.8074848746610681	0	0	3.3192848243257203	0
3.700701066824743	4.87801063055738	.5592338937243075	0	0
.30853364188216026	3.9039702183016876	.2646067309831217	0	0
0	-1.7341988604097907	-2.8686038024397567	2.6217691561539525	-2.9744108834406076
.12406801464643724	4.770411819633145	0	-3.2523728411951387	2.2800320265325085
0	6.354404062086142	0	0	1.5040583620299217
0	4.815381954242505	-1.9690704543146478	0	0
-.3085996100958779	0	.7451823664772967	0	-1.5505613230775146
0	4.790714980620571	0	-3.216894582596388	-1.9648315571683446
0	2.7328461623493703	-1.1489664187719661	0	0
0	2.8435594280296863	-1.8896381292230904	-4.212084013486382	0
1.8696262511013901	0	-.38492296949724225	-2.3208616341039607	0
0	0	-3.5874199164847322	0	0
0	0	-1.4122217372722807	0	1.0457024811029307
0	0	0	0	0
0	0	0	6.427379810241149	0
2.6916721479880135	-.8386703382175626	0	.08705673470776282	.29434399905178743
-.5509096241202538	.3274293511748154	1.8813418987279564	-.12433158041763293	0
0	0	0	0	0
0	0	0	0	0
0	2.273365382483778	-1.23964696571332	0	-4.048754453918155
0	0	0	0	-.981447354083845
0	0	0	0	0
0	-1.4941791143119985	.28274101142300145	0	-2.022392054811183
0	-.009902664266771222	.4447287779435054	0	0
.12199817535657753	.5882654913513207	1.6164128023773516	.9493612143701611	0
0	2.3300674190977957	.31356547898432163	3.7964761682621733	0
0	.1504262575312857	2.507138114062559	0	3.3248840661109016
0	0	2.2785754866817887	1.2279297141238845	0
1.9433761105186758	0	0	0	-1.6092984394803558
0	0	-.2940892058689918	4.449479154037084	0
0	-2.446771591958094	0	4.667330427425561	0
0	0	0	0	0
0	0	0	0	0
-.5808623726478386	.9348129774998373	0	-1.4957632358718107	0
