x1	x2	x3	x4	x5
0	18.128194956627617	2.9208641176824988	-1.783082148913313	3.2284405276294956
-3.203565441954014	20.062523088190154	1.4446414954270161	-2.22742943859497	-.5717320669445827
-11.71130823359777	16.86667130063951	0	7.245034232079829	0
-8.355658279973378	17.878133654534057	0	-1.2388899533805608	0
0	17.237032463294188	0	0	0
0	18.007116749470267	-8.240986098634009	3.0213451262725455	.9862315354004532
-3.184296081488983	15.15463753697496	-7.5665255359476244	8.527938065044069	-1.1010611485722237
-8.349410980106708	17.77763621270324	-5.079209576684698	3.9289590867277164	-3.4310292460531517
-6.138299421353859	15.90978970873834	-12.39192220677378	11.079983288627792	2.6969774855542
-6.139252312163324	12.352313819609776	-11.86622187873764	9.917443688984491	-2.6470296399931517
-3.97196263202074	10.62205051576217	-11.740486219370998	6.088723602693631	0
0	11.647876570209787	-8.435138838879242	0	0
.5092321848689383	10.06954297906165	-6.5483874358716925	0	0
-.10879072502528575	10.697865865091568	-10.829104407722786	5.359558258118201	0
2.588542282916973	9.364577466172607	-10.127100623029888	8.451372118684782	-7.9290184562441155
4.957723661362836	4.325355371413998	-12.214249014820616	.3054397454480784	-9.458968276542752
-1.492563175855226	.08981761448173176	-17.000636710951536	0	-9.807758189465062
8.250000488983655	0	-10.848056603961826	0	-14.007501321227135
6.1325255941378565	0	-11.006483831490248	0	-9.96175591378873
0	0	-17.62672847375159	16.945035008419726	-18.767691792058812
-1.4695389119082514	2.0786008463261516	-16.774808557685322	13.792678863768806	-15.701183752913376
0	3.724871399540054	-11.939661652155216	17.667840113555478	-19.472690561663313
0	4.552316713153845	-.025754072909048187	9.966720387325159	-30.758462059061223
0	4.696688459448248	0	12.641312089005037	-28.636414020555744
0	5.872236593548562	.403915496971324	12.369568707098065	-26.666102929014045
0	4.5742722032853	1.4210580124792533	2.972963192452621	-21.779888667327402
0	9.835284558301518	0	11.028116326092304	-17.295171798165732
2.5877120557732107	14.014784943990678	0	3.408306254381997	-19.51605373346611
2.6631673487784697	10.699902418132611	0	2.971534312759184	-18.58270515407361
4.358176844559063	12.518684946438452	.1995271606246367	2.640134873656559	-17.012226325266063
6.143155459769508	14.719754240641848	4.7730142291589175	0	-14.473229299537845
8.44806528405578	13.786200376922748	.4152292582487651	-3.6031783807690827	0
8.484754943750385	18.62199850663541	0	.08696208970273189	-1.986286365076789
8.884492290331185	19.530216792029325	.20595728575799166	0	0
9.619010643029952	16.798469488912662	-.9545372431647586	.24846374701857132	0
14.08227231899667	17.855794236203167	0	-9.984721079922657	0
14.82499037648742	19.619100588641434	0	-14.380070092033561	-1.2356504096163992
10.435262013182479	15.510984410158203	-2.2975600346178506	-10.88286962065899	-10.888018475580038
11.029037976451518	14.083352769699323	-4.08903970969919	-9.301752398427523	-12.679196440677282
12.65398846416249	9.187674530612949	-6.511809644385776	-12.235871410864977	-10.3303524543913
8.475763315387816	10.579394915908377	-11.203992129951246	0	0
5.973205102154612	9.793955105905628	-6.920403705343208	0	-8.455597344853619
5.973742013600714	13.772581294559654	-9.05103210210907	0	0
5.063449025365276	16.17696945081653	-9.707821285265782	0	-5.744017785741398
3.8291682890937992	14.263246336395257	-9.34063034117099	0	-12.270953689777704
-3.757311909219968	10.730354653255048	-9.73425135059076	3.8856523726151164	-13.351517799578245
-.492483874528161	13.22730855520567	-14.077996433877278	8.367323282128881	-12.737249835597904
0	13.580575703012677	-12.042524108837146	8.83761543489817	-14.742978273266285
1.9942797853809122	11.581597654062644	-12.719566629469151	8.000427770754508	-12.231377988639466
0	11.594522283108827	-9.757276604707844	15.085351796553685	-11.554426963338415
0	12.554638849392202	-10.454700259273384	10.92792619331636	-7.263478401260194
0	16.100273936213597	-8.134396362686305	9.748840595681575	-7.465149234348377
0	16.503216671502475	-7.185988999304352	6.083531638519366	-5.632451573376034
7.884522741915629	16.30797625287724	-5.922852623982603	3.9345228579111584	0
3.4908043045758452	18.945209589735786	-4.900318324424781	5.109484774103051	0
5.212201624792151	22.095175507141324	3.191294689780582	6.536105837041201	0
0	26.743903330362272	0	8.992594197370568	4.444406787062775
0	23.31554315444574	-1.7187735459522604	0	0
0	27.35755785713006	.6946898131320189	0	0
0	26.827562513859142	0	0	0
0	25.99117339104923	0	0	0
6.533510950153634	26.00508812856312	0	0	-1.6653574594349594
3.150634656766143	26.230954444751347	.25261275337868744	.21283546964101951	4.103544124742981
5.481893188395902	22.88302437708728	0	-2.711401625463808	-1.7851914773563997
5.792590858979544	20.03177952650598	-6.4511404506828764	0	-6.055593577875908
2.1844033949382617	18.549998289077976	-9.668344247493579	1.1036202373671713	0
3.1336223169637307	18.21555539164925	-14.684438439094377	0	0
-.4358595452900045	19.74042575312928	-11.188478666061624	5.347169921906743	0
-3.4017371263067684	17.822199959874453	-11.58013307970979	0	-3.299687810456272
1.445882627391478	20.228374064893227	-10.787733426601886	.8945710586273345	-9.181051917397063
5.39022644815468	12.781353197235374	-.6413893748497326	3.0577144179809657	-13.716585291519234
5.608878526485409	12.71936225838704	0	0	-9.26050059709424
5.59875990397661	10.498966697860945	4.66783266004122	-.48036411223901543	-9.032665778232682
0	14.805251670238864	0	8.45510695676969	-11.111720825708668
0	13.581007874951057	-2.5136466744038763	8.834193881711416	-4.136419752829161
0	8.321733569133793	-9.541356824047362	4.924828739954496	-11.881992041097707
0	6.876788577954076	-8.457576692351292	6.291891377973666	-8.846953773189034
2.8073207881109474	7.74920555599437	-3.258980852531156	6.328480439608835	-8.970292056636039
2.473265490022708	8.112210449090828	-3.9182777733570053	6.3048043612859965	-9.243863091653346
1.3021223117066723	8.445401642141531	-9.887299444547452	5.83037773095909	-10.643943532729148
0	9.79730119904709	-11.196722001136338	7.31802200434247	-10.478311565873565
1.2366092354169207	14.887623918249213	-12.818027057223137	-1.913378582005763	-.8732175211254218
5.293232400650071	15.674743595937635	-12.902858077196061	2.4260602306259273	-2.2931075637382268
10.822435158489341	9.50773450028247	-19.057710666821247	-1.0123907825274698	0
7.1788329819576955	10.093760691990934	-14.092175704989671	-2.8785508604425325	-7.5874562463864095
11.337107007611005	8.71542489342118	-15.48789534568172	-10.54334459398164	-3.221994095309909
7.960691180425042	11.611101504389179	-16.624578490481124	-.774234963904332	-5.425951929266008
10.79016357437048	7.987478537056928	-16.754856611816734	-3.8406571699919754	-5.379635280245527
10.623473231349948	4.573785228655581	-19.43226740000651	.2562683151230768	-7.909521977222434
3.679797017840838	0	-17.49880361179067	6.7350862349785725	-5.131289857978446
5.783833322653908	0	-15.037996999984253	0	-6.705205475096264
6.917020176681944	3.1557766044682705	-8.11548406591291	8.017095729295983	-12.989745270357362
2.8135219729649417	5.01709814127638	-5.973711330309931	13.348753584176507	-11.939107680678504
0	0	-10.375343019936833	0	0
11.350354440887667	0	-15.498089024971527	5.211743776106221	0
10.29588664836251	0	-18.618079542435794	7.603150266309586	0
8.063897798707295	0	-14.341964320459969	10.016964440630836	0
9.36701437516176	0	-20.041292377654475	9.161307494420658	0
9.402314147549172	0	-18.88030145082792	7.842683741813247	0
14.933797111599537	0	-18.041821232141505	0	0
17.527662871562985	0	-16.13288211570746	-4.443143375535124	0
22.67292340953871	0	-12.567821801947751	-22.625169421987145	0
29.7981520434925	0	-15.697708618951204	-26.580185182348146	0
26.299453177452662	0	-15.651936179364231	-25.778883266191063	0
28.053377195668073	0	-13.211981083424448	-26.38217113496568	0
26.750304901296047	0	-16.555084825428477	-22.386204896709515	0
20.33258053913624	0	-15.028857559118839	-15.554756315060711	-3.347322204647232
20.5947647762055	0	-13.791172605342531	-12.970701337078971	-2.237500815913123
27.450749604854625	0	-13.731735203564915	-19.921794742148034	0
23.21117567663479	0	-10.06606126847002	-19.56705702962119	-7.6363955797296885
21.471565326354582	0	-10.547494956873791	-12.642625289730292	0
20.32116150436159	0	-10.399200369892872	-8.412020293533232	-.8150332995283182
17.158945853833995	0	-9.798480795990237	.9739672492026562	0
11.179056240775544	0	-2.873733103589402	3.972675048038379	-12.199877159277007
15.825829269165295	0	0	0	-11.802891726885719
8.98071814855957	0	-6.374574628563142	0	0
11.767037575882485	0	-.7559687909200243	0	-4.386281583568847
19.345793294877755	0	-4.364419864064438	0	-9.776098928513296
15.909176037355147	0	-10.822343672557304	.22840479656913432	0
14.377793605541218	0	-7.452913825281397	-3.2594436340157578	0
13.048398297489662	-.8855641881210174	-8.855146099163072	1.5359722896393677	-5.878695204187655
12.165735628950566	0	-7.472663518803282	0	-8.444532922440978
14.513539790081863	5.6914791635037965	1.0001948664430325	0	-7.2864938804501165
12.139641733147402	3.1690606193235484	0	.8244127139014783	0
11.176536520440278	0	0	8.424856935616294	0
13.654778736052503	-.029763585914227064	-8.281969400175146	0	0
12.335526722677358	0	-8.433694401961743	6.284128249498228	0
7.635199363141245	0	-11.10031573336909	13.940833974583825	8.632237833832804
7.527351371192494	0	-14.106996150417446	23.207065546587025	1.5383812046725711
6.644436801389004	0	-9.1769797309717	22.027272941970885	0
2.303847516254212	0	-9.184825637630144	25.640828755039053	.6102602696622017
0	0	-10.560455028361817	34.00499882207062	.07952858604796287
0	0	-16.32331312384054	35.176501337286055	0
0	0	-20.701225074373944	33.35320883913104	0
0	0	-23.623640797880938	25.849621645478482	0
14.123453256125323	0	-18.84897449152409	6.580491988317992	-.3524379542600212
14.531322163694757	0	-20.68598728981823	.9432621480815493	0
13.410107545092192	0	-18.07477051656397	0	1.2417609376063827
15.233560121177971	0	-16.99474314911395	0	0
13.631647852157032	0	-14.050669282196354	0	0
12.982246430926132	0	-11.063628523178027	4.870863885625457	-3.573934218520666
9.176385353742344	0	-12.79997518811597	10.308080085995678	0
8.030240336129589	0	-14.775291283889295	12.542159193907029	0
11.561212030872577	0	-12.529418307485388	11.576196162090179	0
7.776380847452123	0	-15.280752846196277	12.051203050927587	5.393549599942773
11.183263308300482	0	-12.936799475135496	3.616142496509526	3.000695129845905
10.92057553341401	6.614792526605655	-10.788715554570238	.8145964928572831	9.43722958466133
11.348702541552216	4.343544114970732	-6.63799715897628	11.193297703524077	7.90208549124424
9.758263725834366	0	-5.197119098811784	8.82710806149671	9.352167353315792
10.97168254716659	3.115070736701011	-2.6108982718019798	7.836234963740487	0
13.968671925458711	0	0	4.246182684676878	-8.00668236732502
13.933560172050255	0	2.1157990518452268	0	-5.632368935049579
12.434678867216919	-.013221764124577963	1.8049508126438116	-.08363644418818317	.3002360783554401
11.895057232765838	0	0	0	1.06822495225456
8.767612118618878	-.04480974564484863	-3.9155150826339895	2.937645525514235	-5.711038634697206
8.175706113309513	1.9506779555311162	0	2.326856164700302	-.7177936319604357
13.462536811128265	6.176983362773892	-.019678235295525703	6.719691082164815	-2.6988837310674487
14.748542719272143	2.988224346328724	-4.27406618545367	0	0
18.061471237988105	1.4414926537503843	0	0	-1.2569078593494156
14.49261898772501	2.1751264467391334	0	0	0
15.260309113062176	-2.5775778807618943	0	3.940715355178509	-8.70522895137141
10.647288257233656	-.6971519409844311	-.332384473056369	1.3637910847389842	3.4998290293015426
9.26961450135975	.8332418923069226	-2.2350203269827764	6.871588851052872	-2.3155659826602855
3.012141352791973	0	0	4.768118523306495	.13049142794593616
2.8031458902423223	.25323840162488787	-.8904708469161695	.04820486705557592	0
0	3.2996419450346455	4.563860284623786	0	0
-.10914603197247685	1.301360221687658	-.9898465379404893	0	0
0	0	-.5615579271961527	0	0
0	0	0	3.6697088544641483	0
0	1.7669160651911657	0	0	0
3.338179553268551	3.6204627319774265	0	-3.886317613794496	0
-1.4877398857237893	0	0	6.012172640027679	-1.8253737522962263
3.9842746340214417	-2.2393286555025473	-6.825186519981604	0	0
0	0	0	0	-4.999925914131694
0	.8192105713533578	0	.9269090359385269	0
0	0	0	0	0
0	3.6526495601794275	-1.6563975128558759	0	0
0	0	0	-.2841948670966915	-1.399099341492613
.7280102411543244	0	0	-1.8658890626435238	0
3.729907895812241	.9502866208821498	0	0	0
0	0	2.1913691444816172	-5.1521520536663346	0
0	.039982466555193774	2.594445579123697	3.0569109281757214	0
0	0	0	-1.4575935644950762	0
-1.97202560248215	0	0	0	0
-.13358569167940337	0	0	0	-.25835353247223347
3.776443679301522	6.911779905848812	0	0	2.695372132825369
2.855187837356522	5.868798605624234	0	3.8643532280891804	5.763365104217655
0	4.912448798467224	0	0	0
1.1815723172590642	3.0252202304032823	0	-2.6719519580274342	-.16413244539423277
0	2.8654351287322477	0	.19620405905781957	-3.241289619065375
2.26081401409201	.9130802212163673	-8.39345656165178	-3.7901986712969737	-2.7450890286828837
0	8.406753134139102	0	.8696836814037404	-1.2638629254264881
-2.06590486551874	2.5635196166968264	0	.7157077121734758	0
.09899887058024404	2.014199436382198	-2.7527187347240343	1.6603238500631758	-1.258931914395812
0	0	-5.343219834418297	0	-14.516711734940237
4.429818369876875	0	-1.8604099208095988	0	1.2100059255463456
6.8194823397939075	0	0	2.3199857508706696	-.2195654980184285
0	0	0	0	0
.7830646907951606	0	0	-.13488993162892746	-.8993182707891291
0	-1.4639008846421615	0	0	0
0	-.7038768811816223	0	.5906095536093723	0
6.3065172160646545	1.3488036657266955	1.7056440144229665	-1.016376737561335	0
0	1.770469847676185	-3.7138259778598344	3.454516977814372	-2.6503919153552804
1.5272452297476369	2.055718281657239	0	-1.1869997514005304	-.3813301907552229
0	4.296572890138735	-.3927227631896235	0	1.6469422748818543
1.9699170392279057	0	-1.0389379998943504	1.0060876017718274	0
-.028973738911094227	0	0	.8217462727196678	8.029348660369854
5.039119323373329	0	0	-3.0129745022347425	0
9.003959853122288	0	0	-4.206270312432595	0
8.933165249559242	0	0	0	0
7.5363589009438785	0	0	0	-2.424778578837427
8.794019585209854	4.465801301551389	0	0	-2.5875237756448017
9.818071764574052	7.0816928290557035	0	-2.0199226199355866	-1.8617404327626037
9.456981412823382	9.052553019024522	-3.5039632103481613	3.3671998807640144	-3.2833477420572157
11.64707984483285	6.895333086649696	2.1368245041895646	0	-2.544700621508448
16.477125585923403	5.894178505309112	-1.4717744256637435	-1.3686349551325652	-6.596207003410408
14.12907021232098	5.069408768491175	-7.616403522280166	0	-1.4023401188801285
13.254903019078535	4.578742508960072	-5.349737656764026	-1.35543452320683	0
12.97250844847264	6.8066583797395905	-4.984045424481526	-2.3907124520146485	0
17.217980139041543	2.9819588030361572	-7.257844171422178	-2.676806940520214	-14.23210834782208
19.95836756923333	.337272394236812	-5.092212946803712	-6.424120904769074	-10.623717275961743
16.8122660706413	3.3106182889853892	0	-11.022573070019352	-13.133421092134824
13.702124863080059	0	0	0	-26.495508233742015
15.421553567910582	-1.4100114446778735	0	0	-19.978877396266476
14.913769797422091	4.996001532467164	-1.0702606646962718	0	-9.115305193224824
2.808760825301319	0	-2.0148568977798638	1.0655433379315098	-3.050514604244984
2.0647515147282265	0	0	-1.2832773896690752	2.3894887505742672
0	0	1.06264936559831	0	-2.4822495811587144
1.9723963070416177	0	-.5250351196098854	1.916261382822621	0
0	2.1247575774837184	0	1.3581642957731577	7.228100876197274
0	0	0	0	1.8560394566036715
4.800646605289866	2.8161845389957074	-3.144442981587805	.08962791511849755	0
1.7060847413089522	1.6405118099077165	-2.454286239999993	-.3472315493985423	.6925861328649016
1.4423667853694946	-2.7807529240931483	-6.769356022962505	0	1.2627919659873963
1.6996948884961152	-5.429048891219832	-1.31022522852363	1.4479576013651942	1.5181383736138172
.4684948001133016	-4.536744706327819	-1.3195721897216988	.7097418303610551	-2.7585635707709835
0	0	0	.6360323188694567	0
0	0	1.8783927581001132	1.4574237211879932	0
2.7424830397082407	1.7599328474531504	6.5443551629890795	0	2.2887847927045986
-3.1521101397593725	3.9182834666268787	3.318165687368566	-.1725642402914278	3.7642976016070313
-.49383354757102427	0	0	0	0
0	0	-5.6863136330030315	0	-1.9575528301342082
0	0	0	0	0
0	0	0	0	0
2.209271593641013	0	0	-1.4039734666029748	.7177918255052373
-.532420145745504	-1.8061822843969928	-1.563104310347081	0	-1.109966998494161
0	0	3.042730751986886	-1.0929872410590116	0
3.226232200952534	.2724645051497101	-1.140357949944362	3.036472965997728	.9444089208608979
3.8841105555872097	0	-1.959729612569003	2.855577966384664	-.6138630396135376
6.61362993222117	.5255605283077152	2.3151708574214074	-.6888779246964742	-2.4595589634486332
0	0	0	0	0
0	0	0	0	0
4.086353609673873	0	.49014424572248055	-1.757332486351352	.4848366465130617
0	0	-.031764773369479915	7.566149972330797	0
.2015018787226066	0	3.5526983348550067	0	0
-1.0088710143382909	0	-1.3983175214221226	1.8831781965329784	.6802133808526334
0	0	0	2.303230101577797	4.499882016130687
0	-1.931760836437307	0	4.571168992100043	.9331084855170763
11.811567402687887	0	1.377549245755492	4.160160225819778	2.320149752641423
15.489303440139635	0	0	9.08059692887296	-.03446506936111099
11.315223671158234	0	0	12.325620282369623	0
14.724131141115874	0	0	8.181017802541593	0
16.762680788899267	0	0	0	0
14.719775260334755	0	-.6893511530707244	.13248353538445246	0
17.074114912584324	0	0	0	-2.458616289102578
10.731993588971086	0	0	4.439663804599917	1.208072444901318
9.266139775901818	-2.2698366440046636	0	4.65012136627939	3.443468591208489
2.7815456137228405	.1431678201146478	1.492022541235916	-.3833058984172524	0
1.9437451580957488	0	.940617351515829	1.268167468443496	-.5956723958221681
2.02846702381536	0	0	0	0
4.2649826066656615	0	0	-3.6547974046162786	-3.5396390077344053
0	.8558161151588104	0	-3.190037681840864	0
0	-1.3349429858919981	0	.20159481981256575	0
5.172576673981691	1.9068192759218587	1.632252660680969	0	-1.6357897068181408
2.814366736915243	0	0	-.4758157733242975	-3.688549063424363
0	2.54712427257091	0	0	0
0	0	-1.124584483255733	0	.9178095800054014
0	0	0	0	0
0	0	0	1.1534883481111435	-7.72718448536997
3.0311606155888873	0	3.404094181106242	0	-11.324755863019295
1.0677957742946536	0	-2.5542381396628073	0	-1.3597606847138666
0	1.7862553320761223	-4.013910517954603	.38440381650586053	1.4765359422115039
0	0	0	0	0
0	0	-.5669939803268766	0	-6.9517271425041525
0	0	1.088900944262888	-4.416275583776329	0
0	0	1.6401789426027134	0	0
1.7231925312987442	0	0	0	-1.3873078126504192
0	0	0	0	0
1.3104552964330767	0	0	0	0
0	0	.28162354480900237	0	0
2.998340115135222	0	0	0	0
1.6972904035211656	.4321942930683502	.18705579124606064	0	0
.7753515731823888	-3.9151743584930734	-4.3450731640587	6.065088841049732	-.3462954222473087
5.057787261092796	-2.1465027257763802	0	5.556647669726778	0
6.458194932324848	-.1307353297476448	0	5.978926104987665	0
6.4141877383883825	-3.6540647496145486	-.7741772497125317	1.7408839226762995	.27684537693176403
12.230079119483799	.904465442398395	1.854169476648196	0	-10.13894509683034
13.021271839062814	0	-.23964820049254426	6.782371942312757	-5.9382418273679525
10.874596784977577	.24911234929302561	-5.021051769472891	4.765505433312687	-3.635989845281552
14.011066619963307	3.644029049255837	0	1.9198541128507163	-.006819817041996634
12.804246970621607	5.413744634085616	-1.1295016658382162	10.806484275266357	0
7.460193577068695	5.602728644055378	-.5542192472780898	7.375615663898342	0
11.30000347841281	8.70395157498304	-.6869290624428404	8.889627864947842	0
12.019451195134542	10.926761329818879	0	0	4.203504804599867
11.428351963597963	12.914809675279098	.15223772756661713	0	5.027521513750173
10.995052056863713	9.270414185336115	0	0	0
8.44152741657881	7.092896316020263	1.7995277893321056	5.434161619158813	-8.661390920479677
10.030724970798191	4.768540380367714	0	0	-10.887574733294208
10.75649172977305	0	-2.391065890685857	2.3938664998240284	-14.077480476746633
16.481668055928868	-.3527635866486052	-2.980909830177241	-6.574987292632979	-13.75206262791336
11.51435605815415	1.1096232267299002	0	0	-16.462524266787717
13.90037057116011	0	-3.3197560246449647	0	-11.796696025646682
11.207929466759527	0	0	-1.5058340738683826	-13.631389902426537
11.726401129752501	0	.9376125348019293	0	-11.654469751058345
10.59206903422643	0	0	0	-9.051609779083309
16.33708707273144	0	0	0	-8.81944024299529
13.58681580254283	0	0	0	-11.32543115685486
14.276626384197554	0	0	0	-16.974493070475624
16.353686148690997	0	0	0	-9.381613950835042
15.810904763035415	0	0	.48095968201009953	-13.313456763461412
14.76502940249693	0	0	-.8951392395338085	-11.056626089705228
12.530320875502191	0	0	0	-7.074563561389992
12.879012392481773	.27158031891439394	-4.434006151334074	5.278047877184887	-3.265201263399986
6.780914666774986	0	0	9.66202171622781	-8.35862033949676
10.434532890019167	-2.5439131498329473	0	8.512821494335249	-12.318892836784698
15.00279327927455	-2.2560929623721586	.6412855204732311	-.4384861763903585	-8.528650602317162
12.3528972114411	0	2.5274550599039407	3.1998967646747563	-11.787482323263816
20.225769377858295	0	0	0	0
18.784365739100394	0	0	2.616359474778288	0
17.573738894441032	0	0	3.0518123981075176	0
14.732592858835005	0	0	0	0
19.347679783272866	0	0	0	-4.246986036892215
16.395968815326192	0	0	0	-4.823456447106359
14.15342785786538	-.9138293155410778	-4.520892895823801	13.249631474155592	-2.2288607866828247
8.659923744969332	0	-2.3671784055306384	13.273764399877706	0
12.432293714019838	5.465253811903311	0	0	0
15.049124554051042	1.7879937720650063	0	0	0
12.361023158401363	0	0	-3.111323867181425	.3608022748873234
10.694026486370987	0	0	0	0
10.784564512494187	-2.564057062052544	-2.3065353146334644	0	0
-2.3150292228827007	1.6098364588630605	4.465669876448737	-.4892696757353113	0
3.8154353356125386	1.201500743567118	-1.8250722773892007	3.713150107659413	0
6.12844453984534	.9259492568686307	-4.012144627156808	.7191436504005296	.2090284111373666
4.993760109258963	-1.5180770593460566	-8.224658292319825	-2.7527477145133465	3.773531284554939
9.577201300641187	0	-3.8243248116683093	3.9444016476843897	0
8.606829035726102	3.36738779234271	0	-1.9459181152491447	0
-.4147994694163319	1.2853108035847403	.7685125509180878	0	0
3.950294918876141	-.8789860013149455	1.0697248484430262	-1.9657034652529104	.9413731810543914
5.093205821250766	2.0871147120730336	0	0	-4.532478018760139
5.142400507217506	0	0	0	0
4.18127271245559	.864710328018784	0	-4.074019999107003	-2.635581002059144
0	1.5765255196003598	0	6.77402425864767	-4.4211215750764605
0	0	0	0	0
8.807576608452413	-2.162951073494881	-1.5728285726173024	-3.570554633412079	0
9.93162658697006	-.6776209448895524	-1.030308966586574	-.4012009793330258	-2.0212480550326735
4.950457834339317	0	-3.153354499682281	-1.4105639535197618	0
2.0350361388563285	1.3926092629972304	0	-4.5287161590253895	0
0	0	0	0	0
0	0	0	0	0
0	0	0	0	0
-1.4484669846117344	0	4.394669405121281	0	0
0	0	-1.4150247292421607	4.999973747715146	1.4682866470090323
5.195569204884366	0	0	0	-1.289136179731808
5.487878857112795	-2.4297835250281086	1.6613388641791889	1.7096858323598423	-5.247253790458235
2.1555756008862037	2.5788466728046004	1.6731626534743476	4.236814267854124	3.054178632521257
3.3900794336923763	2.421590675525617	0	0	0
-2.2851439704265193	3.2549455882897234	-1.4160888643463685	5.922243945369851	-.8858803428142312
1.8099752288379412	.5495284340139066	0	-4.674304781536711	0
0	-.6696995630986824	-1.3494327286771721	0	0
0	0	-.17402524179715384	0	.7598012032505876
0	0	-2.6533672899246543	0	0
0	0	0	0	0
0	-.29221862013158795	0	2.971180770660688	0
0	-1.6846845342878018	0	0	0
1.6388157996180865	0	0	2.7954249694539226	0
0	0	0	-2.3245577319355117	0
0	.5135924792776327	0	.9594393105956364	0
3.760167301335637	.9269827174185068	-1.8538603031610061	-3.2274550495878485	0
0	0	-3.9618030466343663	-.18362369617082774	-5.712709683032418
1.3757898917428637	0	-2.1271208637270083	-.03126735797432101	0
0	1.8378289492352582	0	2.244671998221338	0
2.989370144071972	0	0	0	0
4.872781958669743	0	0	.9181914766752751	2.178080227215145
5.4694999920211425	0	.12486423184845674	0	-2.7890076383108484
1.307896742575389	1.3668590325045553	3.709866215598468	.4216990202071742	-.3711905707790674
-.40416142609823824	0	0	0	-2.775193226034064
0	0	3.3357542012213264	0	-.0378476740879502
0	0	.34753346679767483	0	0
.36085714153820625	3.4748076548814155	.19648655767653372	4.756803606163216	.6404682223888203
1.5711728986518865	.7497199144774773	1.9255903939985002	.17009160543814647	.3455224355382174
0	0	2.5143500373389136	-4.112158363317683	0
0	4.490829630679366	-2.214884526692531	-1.5316046967393206	-2.4378461645056397
2.114633497852375	5.82628972793776	-2.789089797246092	2.3276082555468416	-4.6727814721389676
3.7520103346567613	2.572663843702331	-4.618519138083764	3.269871100372014	-2.9298814509100826
.9426601107109615	-.23969746370916267	-4.409552170538027	0	-2.7367169988326583
-1.5916897381499833	0	0	0	-5.915429279091398
-3.076648855497382	0	-2.810907862947409	-1.3592360069250253	0
0	0	-.19423216684233813	.3016524356160184	-1.4701956023647227
.20740230553775496	5.839333342015749	-2.6971978435577664	4.465222676684523	-2.6221253848353694
0	4.525297556265117	-3.5858664218263487	-1.4957906564989756	-1.4751020779397594
3.319904092059909	6.681875693228396	-4.794177821167795	0	-.5632929705483645
0	8.213431830320868	-2.0841848983456814	0	0
.968023938604708	9.743960030072913	-3.4115882518520886	2.671527274101261	-2.5425411857558307
6.368076763285453	6.986959928512264	-3.5882912819408137	2.821012656170781	0
13.708998875115011	7.395898568068859	0	0	0
8.80490265433976	11.385897872818685	0	1.1298274943131976	-.9468204713207631
5.187795875503182	13.797505370965363	4.096176509016909	0	0
8.321114523470952	11.475284459485515	0	0	0
7.6258092812125	7.663866275891701	1.9321483075233576	0	0
11.277448358732912	3.7551283630216927	-4.737338237590236	-3.3902672318647795	2.6985525708542246
12.827989686294364	4.718471199937334	-6.6310114511614575	1.1014080100780612	-5.372673789724534
5.2999416422561865	6.287421847533672	-8.89184216927288	4.77742490413761	0
2.4757762424640393	4.329854341741529	-6.5440410491211685	10.676065715929884	-6.652898015387138
7.250626358413203	9.00772728444209	-3.8055947191183246	8.833944667810112	-5.640685626227777
3.0633928947730245	9.587410345572408	-6.345376353113069	14.271029538169456	-2.9776506940023517
2.887133534849564	10.378718553670717	-4.257009310561421	6.150959687974048	.5975386537527889
4.890781698975839	7.4023025494405585	0	.7966390628666076	-5.308648160989002
7.6705864750041375	7.423333084099017	0	2.126748529744966	-12.397991822836616
6.006834371613353	8.649015915267299	0	0	-9.095852797920472
7.336692888972372	9.356716107601914	0	4.35400832322949	-8.032140055461587
9.622442537337799	7.900508019185961	-1.4237607673193446	-6.713820182458418	-6.83411068878858
3.396551260749202	11.918442447508	5.753071016533909	2.7582602412536175	0
0	6.741466736261541	-1.133652984343334	0	0
0	10.430906591435226	0	0	0
-2.556090821355673	0	-5.595578598866584	-.05386515435560413	-.22675093830420234
-.5537785388960942	-1.6014751214158471	-4.807129247093067	0	-2.5985069937329643
.1339762466582719	0	-1.368913807375788	.6955116245037152	0
0	-3.1163967621555044	0	1.6712270486419247	0
0	1.022603271162341	3.9117803172477954	0	-4.400046552314335
0	-.4805834682419745	3.857844719431244	3.180334706794691	-.43120463033762346
0	3.7073898480272414	1.4853468230613163	-2.2093737318532525	2.1052518871893935
0	-1.4464000840318207	1.1534363193131343	4.21513395099731	4.964857066307319
1.2331046938008816	0	0	0	0
1.5497525481232275	.6878923240948506	-6.161381218537373	0	0
0	1.159767089396442	-5.989582326757839	0	-1.2427955779125974
-3.127975827908521	.8955706100812274	-1.37967569519087	3.2399419093821624	-.7767399961170521
6.407086606189063	1.0922604175623936	0	.8040827292536632	0
0	0	0	0	.9801059530352461
-.18130420739014153	-.7492883775541501	0	0	0
0	5.4288259390930875	-1.1759199560428832	0	.5068925782893745
-.6638904249580448	0	-5.789475451267722	.12157955160535394	-3.4615677787807035
0	1.696090649546706	0	0	0
3.2256171575790042	0	0	0	-.9539241373159528
0	0	0	.589249419809196	0
0	0	0	0	0
0	0	0	5.933480442293107	0
0	0	0	13.539390821428826	0
1.372603444047877	1.5514505616997156	0	5.179577380069008	-1.680785422655455
0	-2.2303193104993344	0	0	0
0	-1.2411863784126818	0	2.4177553292727896	.07674411424419181
0	0	0	0	0
-1.3366879565586078	-2.7729076093045295	0	4.710196984839062	-1.5021718876557801
-3.10240163739786	0	0	0	0
-1.438158792690917	-3.4788551596029627	1.1151720694253011	-2.0370207468938264	-9.528547950681201
-2.5936607621388132	3.7159984264847674	6.115955084386261	4.319693758801784	-3.245155499066901
0	2.111885797359369	.7312680659085955	12.754661357315348	0
0	2.994535919479491	0	14.663574598016043	-1.0455473227702166
-.19956360435554754	3.1217310188771807	.5915765352810183	15.514106737466363	0
-4.359085087462484	0	0	13.105116096648807	-2.902502682967784
1.8138337647261271	2.9759669471767376	0	5.374174989919302	1.5099996463087308
10.506174566471252	2.4536416623339394	1.2009054093700158	-4.047854194145373	0
5.611947266187076	6.0642385834450465	0	1.201333069016874	0
5.955570734098435	7.3113331912976935	0	0	0
10.768959808618765	4.686855553070428	0	4.835999187140219	0
11.866310446584466	6.164484467780252	0	-.7796972270597027	-1.1989364351563832
13.558892602138805	6.711764358829648	-1.3863732269286562	-3.25544837627288	0
13.01730685573129	7.344926983312748	1.3049204660256961	1.9763245264327123	-6.42223551045644
14.698020999953414	7.55269529033748	0	-.14985863180432624	6.825061521576604
12.535156623417183	5.597233391454917	-.2871285633494081	6.868771028309552	0
9.176828685134037	7.959811659865152	0	4.906157430477162	0
10.259286498987933	7.063108682061126	0	6.575751865638393	0
10.01687507516133	6.205845345519431	0	11.685095556068624	0
10.147089723905504	5.658013176522511	0	13.181909429377079	0
8.094015250448658	0	-4.4467273306148325	16.465526499165552	0
9.019997034756912	0	-6.4778167633385415	14.677490003676727	5.966866299163369
7.963280304420663	0	-5.944308197405116	26.14561201099274	0
7.4590829537355905	0	-3.9664860746513817	18.248747971337668	0
10.758619966209721	0	0	11.875368627229635	0
9.90523615021226	0	-4.295726643151411	10.856219206813602	0
4.511831805883638	2.917118240972953	1.4554282247914223	8.230893280785146	-1.1110779536705815
10.009154902552707	2.697459763600256	-.8838257607241009	7.103994155713905	0
10.327941245111164	4.973283892898539	-2.2421181209021785	0	0
9.32223350936611	0	0	0	-3.0922554299814964
8.118333698217777	.8857472071306964	0	4.446210556967376	0
8.229102884083662	-.04176626149492298	-2.166321099659985	-.6087329192672504	0
9.107425096423686	0	0	4.099633892595065	-7.488009264614323
3.14705772204541	-1.4711177292249888	-4.347927969819704	3.6899297699410054	-.7417371727437136
0	0	-2.82984619213391	10.63749904895846	0
2.359995769536795	3.687896771749101	0	.7634338031401084	2.0384719745884294
3.1112524239751798	0	-5.107371709471486	.13179941560320718	0
-.970138715759147	.17379250538295182	-2.1976926105057615	3.198632165833146	-1.336018756833763
-.029212487509971963	-1.2981719486018688	-.3177667532392171	-1.1206437409297352	-1.3807081707700561
0	0	.6826548697286852	0	0
-1.1627579967826351	6.553048346526096	3.460809288708769	2.9299570476094363	0
0	0	0	1.419743186350768	0
0	.27116814465646577	0	0	0
0	0	0	3.9033823687127205	1.846548893885029
0	-2.0204321797317437	0	0	0
-1.817579515281433	0	0	1.2765853820800015	0
0	0	-3.7384774526191373	-1.6567739091584108	0
5.144024543316257	0	0	-6.462174562814034	0
0	0	0	0	0
1.8252821026563297	-2.5241359619073727	0	0	0
.669933427223536	-1.9954288296535025	-.5131267339801775	1.1478510541578149	3.0371114373207417
10.158762416037778	-5.957959373336576	4.882148047494559	5.307286219535792	-3.5511786766293563
12.893742074985168	-5.261180841178365	5.451231529473978	6.603673830828585	0
9.964318408719926	-2.881099885971333	7.817124004125795	0	0
8.187824366837484	0	9.7570599824764	4.676445466477916	1.7063357105190602
3.1401098195253674	.2518598812833016	7.603003900658765	5.4742273959582475	2.4281050606788614
6.453646104478615	0	6.3415814357166225	.6455434638595472	4.093768644110526
.17682178251884673	1.3848172560204022	.16011652253476816	-.6268716939816052	.5963493024618766
3.0539255277408195	-.9577790523304334	1.3697730923764055	0	-.41864611233438476
0	-.1020728412488201	-1.3653621404270584	-2.5524324532900953	0
-.5442720863803192	-.6174472233035524	0	1.0879664349665708	-1.2470761581299277
0	.5218157201651014	0	0	-.7318188047001113
-1.1728715106584802	-1.3251404156895683	-3.159740424027342	0	0
0	0	0	0	0
0	0	-1.340671627014631	1.7483531414164672	0
0	4.274003933182616	1.7303427005173875	1.7918115267818047	1.8668935109947662
0	.9453212291893676	0	0	0
0	0	0	0	0
0	0	-1.2003291831364136	.3659839784304337	0
8.74109387810563	0	4.023271842684059	0	0
10.287846768353198	0	1.8139038579925089	0	-2.4212059666759194
7.3161686474052	-5.925781542863942	-3.1783921597045435	0	.21158823740055377
6.1899666708488725	-5.367635980417621	.5326131718170206	-.838193699466167	1.0334924243746126
-.021822388913065094	0	.2826821926141484	1.5398104663729402	.11873541246200023
0	0	1.4044619898806263	0	-1.2765634202081138
2.221520576564749	-.14405507589402147	-1.3207870457907216	-1.2039421706678277	2.3392997995669393
4.558601723649264	.5301415391954527	-2.3053939075185754	-.6036713136718534	4.71912342929857
4.116575102933101	-1.23599586202455	-5.101627088063887	2.146824893163455	.879439999428953
2.7387715479089083	0	0	4.592879385486844	-.856840556282832
0	0	-2.178180773445263	0	-1.7435281444339188
0	2.6097074485783835	0	.6965923033079612	-3.456369529755559
-.8051865866444283	4.8707824633566466	-2.447038313988199	2.081758291883155	0
0	3.719183713486911	0	.9908533719583881	0
0	0	-.932385692560679	-3.228467090535793	0
0	-.8953309269806318	-3.939916007790359	1.065888843485913	0
0	0	0	0	-.49557023106276843
.9601536325306053	3.067933018165956	0	0	0
-2.6438969808104975	8.046618150066273	0	9.396368620626875	0
2.660590565160949	7.936102903159791	1.0059982180386629	-1.5386430625404905	0
1.6827996400873366	8.977670079886142	0	4.530435379884212	-1.137831747214698
0	5.243387563979513	0	6.17851368501377	0
0	0	0	0	0
0	0	0	0	0
0	0	.18923726923421338	-1.105053357323202	0
1.7245438171661596	0	0	0	-1.7275049918405432
0	0	0	0	1.303913306640341
0	0	0	1.2905985064491936	0
0	0	0	0	.9578242840391332
-2.2263936817020205	-1.7073783362509882	0	0	-.514680094676833
4.280807860665902	-1.7356307744580017	0	0	1.9298258966483668
4.289443534318133	2.0411371795801414	0	3.119387649741924	7.180753887804955
0	-5.0603791757201	0	0	-1.4106278447119225
1.695312852863635	-1.0483170464613276	-.8494674679681529	0	-1.8229639114079998
-1.9655443918301216	-1.596781772887068	0	.2860096850724839	2.653758045976228
0	-2.195247784663829	-.6840123254817856	-.1889912561056193	0
-.1891479588613093	0	0	1.814962489697942	-2.248612287691262
0	0	0	0	-.3901487564744516
0	0	0	8.971111253234119	0
0	0	0	3.7122052477378795	0
0	0	0	0	2.854878358486519
0	1.2972629909738707	0	3.408739386465508	-2.807953286389154
0	0	0	0	0
-1.0455369323462997	3.4127853158332377	0	0	0
0	0	0	0	0
0	-1.9194109842285239	0	0	0
0	0	-3.2431013502054133	-1.2614023402963925	0
-1.8838530260838466	1.2331085827044694	1.235976585969909	.5647813992786086	2.6839682737764394
0	-.5176213397465559	0	0	0
0	0	0	-1.82423770313578	.17481790524246388
-.49268209892170434	0	0	0	3.675187810249939
0	0	2.599581844209057	0	0
2.704066221092515	-.9786213284930692	0	-1.0244111325253453	2.9568877353616676
-.7575584457863994	-1.329224545332399	-4.230580859609765	-3.1349366779524077	0
0	-.8311229387398722	-4.996937175065654	1.0661997072820173	.28343655747089835
0	-2.3206179180199675	.31729407989494146	0	-5.129691060465826
0	0	0	.7931578909573296	0
0	0	4.431099733825875	.6434270912534966	0
0	0	2.4775593410244685	.13405578030538834	0
-2.1000077897462788	-5.316499857115951	-1.6934456658732397	-1.149754799605896	-1.7419890672666911
-1.4335986741412632	0	-.6480740213325118	0	.3114133497837248
.37689568679783103	-.15152197969717895	-.7002141876095422	.9760315572117763	-3.393005566813281
3.4256127169551744	0	0	10.120143051619529	-1.4028515126131351
0	.05069755512183627	0	1.4760301029463831	0
0	0	0	0	0
1.4988443527323727	0	0	0	0
0	-1.567975268435351	0	6.278006834250505	-4.702625135489759
8.655330835088712	0	0	0	-5.226047971229435
11.976762920896569	-.009225175679129727	-1.7760833839515975	0	-3.673245266075021
15.70256854058815	2.00141251981461	-6.3815229964206495	0	-1.1779108191306322
16.095736304816835	0	0	0	0
14.897120842471542	0	0	0	0
16.44368434909836	.8955509078280597	0	.9418187018358772	-.12125618503595872
15.595630266703761	0	0	0	-1.8942605486817468
15.759136310295442	5.558492045886059	0	0	-4.162297045846216
14.653744136797586	5.762146593029565	0	0	0
14.444440055519683	10.511064818403911	2.517512196062229	-5.8855598587301206	1.2638190852834197
16.888012862448964	1.879238445266559	-.28683249525835386	.5884487608017446	-5.766104938645841
14.749146094331826	0	-6.409725234743494	0	-.492132214530669
16.29720620084483	1.5771130366703747	0	0	0
16.09672232640261	0	7.486802065190156	0	0
19.50912199501054	2.1984123231969996	3.0012809858956593	0	4.218275885225285
18.447690872680035	0	0	-1.4890061466753761	0
12.418910135060175	0	0	2.063008384502677	-2.9002831020522466
17.02136965266561	.8748660123187159	0	4.626172775251163	0
12.720996362673727	3.0480058291934173	0	14.192672468113809	0
9.647611970002597	0	0	9.723658431505998	0
14.645885711015653	9.833742804845208	-4.449287516667985	10.923381362075325	12.21126458457151
7.61672384020431	8.238734476481213	-1.9778665847233825	7.967803195490358	.950424844445213
10.840667814216907	6.914858951845131	-1.0988120706011044	3.4679406742207193	0
9.005000916070506	5.91697548496262	0	-.8871205955081067	-.23455167272493263
14.124614058874755	7.688466995179859	0	-2.9941584849052854	-1.1062171992474246
11.654619336639497	7.7415002892134925	0	0	0
13.27686362419354	7.746142328566754	0	2.875234834918786	-3.8378274988420578
12.899598387508398	4.727775255918075	0	4.739084969651008	-1.836168073621299
11.915261882713919	-.5756252575910898	0	7.727319629890767	-8.71118977054666
11.70960755499639	0	3.68792138008467	9.89472094524982	-14.950252291983514
15.153855554076316	4.273499098354562	5.223305879655787	0	0
18.248721611592998	0	-5.701927874717203	5.353696668036557	-4.099971997206015
13.410763981504623	0	-4.991630494610724	3.1024384041639244	-8.553414607717999
14.01540332983373	0	0	5.571168666275904	0
14.980266141131409	.8958151309069663	-2.508814738969219	4.102047302666269	-3.729262394189853
14.513556776476793	0	-5.510297920912571	-1.0785804643632453	0
8.949654971927972	1.792737350316978	-4.658056833474725	5.182852412376587	2.782814946379073
7.742623283971813	0	-5.988950762629951	14.077066979114106	-1.346146386526593
9.660806721159293	.8679557792555994	-4.7859402103774755	9.577958502479492	3.775901235730933
14.39866743876409	3.6073723583025146	.2641843512194293	3.15166692176786	0
16.521223292248457	5.9124412235214745	0	-1.1070507765011726	4.179242018150863
13.432216456387952	8.667783287032393	0	3.499595762478197	0
9.736269936236216	8.348881751828788	0	5.062863741337975	0
9.83029206454151	0	0	0	-9.264895062215183
9.59419829853284	0	0	0	-2.967127928273541
0	6.7165429527114675	2.199892105494547	0	0
0	0	0	2.124746089367653	-.9395743479538852
4.3826196727195645	3.1540180250442202	0	1.9235922271018004	0
5.8352036298457355	0	-1.9039007095722946	2.1244468404804984	0
3.3676578463692026	0	0	2.771330063183214	-1.1467486310323638
3.947225976388693	-1.031458884198269	0	3.0397225132557804	-3.590038088454346
0	0	0	1.285781656166325	0
-.48255489757627235	0	0	0	0
3.9586460295976886	0	-.031957401865818635	0	.9415036382964974
1.6243029244726734	-4.538765795587333	2.1970036650031335	-.021925679815324006	-1.6162735452517603
.7276457805370411	-3.4102003924664395	2.2398761970502528	2.90277652604731	1.2586248130742281
0	-1.6256473680950565	1.0061019788977819	.7282167786487568	-.28006460217110396
.9535222321801373	0	.8188914191366915	0	0
2.075192682520257	0	-1.2115421819887133	5.095059514976934	2.378866003097139
0	0	0	0	0
1.4694692260726874	0	1.1946778716130348	0	-3.7520702727599247
0	0	2.7274466173579697	3.341846888675372	-2.9014142332603825
0	-.9789395058467325	2.507940177961617	3.066382192990676	1.9741163276578795
4.986871488312518	0	0	5.242419929842182	7.14928825944882
5.358577165444146	.5778095853722978	0	-1.1414689038845958	6.55618276491168
0	-1.5058575286665477	-.939733359995677	3.2172494777935614	-3.6340663264711903
3.121606008012227	0	0	-.723087249695235	0
-.05602874643823269	-1.3322584961033412	5.7745047673785646	2.6132355879458964	1.5054594777570807
2.4299346338059777	0	0	-.3384522451283004	.4003963653690675
0	-2.106554955193506	-2.4532597298943304	0	-1.01645617759779
0	0	0	3.0277640159461647	-2.589352942309754
3.7077322045806076	0	2.0150325632047896	-4.481216265104545	-2.6756462163682464
8.814209314150963	-3.7759255905752287	0	.14724273972324786	-5.6569191983343305
5.723100665883305	0	0	0	0
2.3459760438422537	-5.197304164751694	-4.635020708913489	1.8275080305890397	6.365866333950967
-1.765226524728645	-8.32939876134978	0	0	0
0	-5.755206922599501	0	0	0
-2.054464349587046	-7.940823075719091	4.159133280293841	1.9789883963742019	-5.971702708741562
0	0	0	0	-2.959928117627719
0	0	-.09256042279629706	0	0
0	0	0	0	0
0	-1.2198924654892949	-.8118936372845227	0	0
0	0	0	0	0
0	-.9537043580444	1.1351955248049994	.146718929474986	0
-.3580130754543911	-6.618948260289717	0	0	4.42439318128293
6.368379496314278	-2.847040680245094	3.5130959555596064	0	-1.4491419034915214
1.7833652181058015	.8540189289306516	1.7426739501400763	0	7.599675615837518
1.3969770899037957	-6.284724202457199	-5.663490876750043	0	-.3925208323689551
8.85868547606222	-5.186977590519508	2.874612279726631	-5.8583742773777345	-4.5603184252236595
8.57655864555028	-2.481747908703025	5.110635245095769	2.907958246113467	-5.442424099652822
0	2.6445143688260813	10.141412010328464	7.322257842619086	0
5.527727325675047	3.673771098335672	3.1304923096747177	2.2624911540523938	3.9649664973205
2.0902777653635423	2.747468507160915	1.015838400083259	4.776576415646356	1.5250229873649084
0	0	0	0	0
0	0	0	0	-1.6918251626105332
-1.5489434304111591	1.6499158381630206	0	0	-.9321567804701196
0	0	0	0	.26557414021857717
0	0	0	0	-1.0834985483796027
3.7446022850193628	0	0	.16731039649608803	0
0	2.064023380940618	0	0	0
0	0	0	-1.2635118415780346	0
0	2.8261094460196303	-3.946034720528823	-1.8654912812788915	0
0	0	0	0	0
0	0	0	0	-1.0709780934532818
-.5463358747063906	0	0	0	0
0	0	0	0	0
7.017335870419626	-.36515741136035207	0	0	0
5.963446927036742	-3.079356519164271	0	0	1.659115181479823
7.296347952068241	-3.4280525564190643	1.3998355420726423	-1.2887114524305068	0
0	0	0	0	0
1.6812312087869072	-2.033619304264989	0	-.8280215789610462	2.6271749487623786
0	-1.0474502802675316	0	-1.7001978114292575	.6625509733913536
-.6116229131122339	0	4.16575073645834	3.9409709422267083	3.2089632070602634
.9085768744807443	3.0098614212923454	0	2.106617734516947	0
.9326740812068712	0	-1.1445022716800537	0	3.4478252197296086
3.7107603961752864	.4202501112302257	-2.423920723782486	-.4734628870218106	-1.3915369923961538
2.5413801613536293	1.0766721736065774	1.0834039869513319	.08637040991568101	-1.2903141910221558
-3.916030502661242	1.7365627498434972	2.5370090830670913	4.696890811792852	3.8361357570915144
3.541262911434188	0	-1.35893162736863	6.2474503235430685	1.9583447818665505
0	0	0	1.895566159067939	-1.2447117765416509
0	.7886985248205656	0	0	0
-1.936444226251946	0	0	4.889762708329552	2.5311131105985196
4.923618130528482	0	0	0	0
11.327695619554348	-.6226265945457321	0	0	0
18.14940310969741	0	0	0	0
16.821434044476277	0	0	0	-.3213362162109836
17.002166473321385	-.6485320773154273	0	.348272377815516	-4.377042462062408
12.820058332315888	-1.42277571069512	0	0	-4.331263876148359
14.953292672484833	0	0	8.630497208562643	0
14.060786792394902	0	0	0	0
15.128362820036628	0	0	8.296945004739138	0
17.90032560235327	0	0	0	0
17.24756929238979	-1.2009190746709753	-6.814691606955769	0	0
20.63432602039471	-5.506100881768481	-4.901288727348509	0	-4.637296245890875
19.59056280853639	-3.2383556256944566	-4.384763229401813	0	0
15.832145167557918	-1.2156756289454211	-2.0798649429185847	3.3973408214753875	0
18.055684758571875	2.711593217865979	0	0	0
19.151165843565167	0	2.8360058367142833	.2237770436453561	0
19.334236951279006	0	0	0	0
20.40397341652879	0	0	0	0
15.114712703086962	0	0	3.8298757930314045	0
17.008786075363556	0	0	0	0
23.95464025150399	0	0	0	8.211207537139519
17.14636920583475	0	0	2.971179947426091	5.555488646364863
18.61806231544593	0	-1.005988213535694	0	5.4757094111766715
19.17617403723174	0	3.018385874750296	0	0
23.77603553247728	0	0	0	0
20.809976731616093	-3.5051740335960195	0	1.2514001887969914	0
21.476390186393985	-4.64886644262941	0	-2.2365119991646267	0
19.571340802386025	-7.139927915272872	0	0	0
18.900934714876612	-.9127250614622298	0	0	0
16.39159546673052	-5.829487183180762	-5.059959114632829	9.339475888103983	0
19.20410548052748	-.08828445302926322	-6.044041712196745	10.578043770371794	11.760102112723889
19.171584832224067	8.042394337507623	0	-.360174447799845	12.017370044519444
19.86547903108771	6.904780776468193	0	0	13.956645874761115
18.514681031809825	5.08693087968195	-3.953094569084945	-.4500907913208132	18.042100357449616
21.06577272690413	4.1497299849712475	-6.123626078915515	0	18.85627970325238
22.638787830630307	6.134134205177372	-5.626365609865745	0	10.124555942537494
17.24374475416091	0	-4.387483088342188	-.7554597111515702	4.944745374718244
16.335641246636612	0	-1.9779932812241845	0	0
16.061963359054083	0	0	0	-4.362945619497261
17.23162640825329	0	0	-2.248853170315371	0
15.027520351573063	0	0	1.1585415859321808	0
17.765161716758975	0	0	0	-4.5578066508621085
21.438198543546967	0	-1.7157378109223924	-9.115390010624282	0
22.804333421499464	-4.283743509944237	0	-7.479356737047626	-9.56038228235696
29.092482047032938	-3.411593922994175	0	-14.82363448524528	0
26.67467034273213	-5.191963351425739	0	-12.653495763345473	7.800258557059535
26.368095413988897	-3.326166468719556	7.171032721860885	-10.447977196572383	-4.968652890834485
25.21380160412674	0	5.433908806141166	-6.128785734817686	0
22.62301662312266	0	6.8376534912591875	0	0
22.51707433090557	0	5.0628209560582995	0	0
24.4544251131592	0	8.387813618614969	-8.472632233502374	0
18.38555418269053	0	4.755340971700291	1.8045174458524929	6.662719337583725
18.679764222378534	0	4.214532094754993	0	2.0325537980435833
15.644852079992091	0	5.5890552659827195	.6990704600561792	4.423538809985068
20.480653689625246	.2977236169638012	4.445656972048186	.8902085088762617	6.626875762134545
21.713340378207523	0	3.3203677058224343	-1.757210080091451	-.21770329760516605
22.08851749059765	0	5.394280325920702	0	0
19.163711598635896	0	11.845479881372288	2.2673721872968704	.701960659224781
19.817479715972095	0	7.736771675224916	0	0
16.321144097297704	0	10.203589582226018	0	-7.612571306975641
17.109597894843905	0	10.117527138759083	0	-12.700522067568798
15.751101395959546	0	9.169192022626246	2.403462145894913	-13.569082584211035
15.36053831920902	0	4.6107032335768565	5.635770958007231	-5.874955483467504
12.466341357119765	.9005751829177087	3.5766984934740584	4.655982058553349	1.6168245828042522
10.924769858663796	-1.602488922161597	1.3253390449021112	12.460614256033232	0
9.832209856422729	0	0	13.97845825778126	1.08250521236861
13.384296404067825	0	0	14.49209011782651	1.4345577938953036
14.125497829010206	0	0	8.720950660170914	0
14.941038077710823	0	0	0	4.510890768389164
18.567601360077457	.8654997631191036	0	3.932898405829221	7.559090876863804
16.350544340448426	1.5382041904565895	-.13275971211728665	1.4803162121002842	0
16.53595239713327	0	0	3.751963866891184	0
20.19629443787585	0	0	0	0
18.666977511312187	0	0	0	0
14.265553262568554	0	0	4.352627260038276	0
13.544331222540745	0	0	8.200430356003633	-7.962873730832164
13.757207117560823	0	0	2.500644742149932	-.9348269298011522
18.694022102226047	0	0	2.01402309848966	0
19.64588521915207	-1.480888717561358	-4.083745772801656	-.3614971113483785	0
19.772890418758855	0	-1.0870156785682847	-2.256372695911893	0
14.070880323272599	0	0	4.67811447708337	0
12.194050626252606	0	0	4.6851478784772755	2.9713172837516257
13.945982625656114	0	0	5.219249466329263	-.8375149724355349
13.641293110051112	0	-1.5282310194974555	8.488655871950046	0
12.896026887540938	0	0	10.688602083345838	-1.9867714083546337
9.422532412923406	2.6364224306767827	0	9.971631654761168	4.242541265176673
0	0	6.6192215483205095	0	3.176914307243182
0	-1.2293539288487032	0	0	0
0	-2.825958131738594	1.338313642604629	9.45206683567195	-1.816385809706787
-.3855255159579245	4.062699845252973	2.5121535550840743	9.3942818525007	-6.134262084669676
0	-.48132948381976726	0	0	0
0	0	0	0	0
0	0	0	0	2.1171336025672507
0	0	1.75238004248664	.7835142121438053	-4.101332188238395
.45921624592526245	0	-3.122831944016817	4.329371372618946	1.6539978502352273
0	-2.814475885767893	0	3.594936725780186	0
0	2.475671570795702	.675962420322346	-.22287607815183863	0
5.248522715903723	0	0	-.2538794482134876	0
7.623080231579741	-6.396044789313957	0	-1.2711681431671464	-.9971623953380047
17.393864507991548	-.8722312877382421	-6.332286528881527	5.281538094658044	0
13.152418722592055	0	-.4829317628438048	0	0
12.482361542414692	0	0	4.364634771312829	0
8.667048086781922	0	0	0	0
8.491716041695383	-4.322885935026646	-3.448894011981239	-.6252669987804129	0
10.337113057955738	0	0	0	0
7.70324156191361	0	0	0	0
6.41683621806361	0	.35121520773606174	10.759939665027431	-3.273753853151296
0	1.1692943723638565	0	19.182780812040804	0
1.788720372687799	0	0	19.06365108600773	0
0	1.4510437626365436	0	15.758640684779076	0
0	0	0	7.854852747552309	0
0	.34491682375768956	0	1.452690827509802	0
0	.9574255417568478	-1.123080365314302	0	0
.8995945366593366	3.234225150062668	-3.931909998014905	1.0505761976217418	.9583405134918629
-.10001131387552764	.9827613604351928	-2.5921890381021915	1.4314913955633046	-2.9003967589445097
0	8.220637111676353	0	0	-4.146300198255214
-.30462334451630835	0	0	.6459763239414102	0
-.6872100701426198	.04980871922834029	0	1.752586135737025	-1.030836202870911
2.088944952023478	-3.0468814358645004	4.178519724255702	-3.3935975778315783	-3.6718392485284133
1.2845747978570095	0	.7517453245935595	0	-.8381541503821816
-.6443679867755169	-1.1812081429851395	0	1.3577248394383024	0
1.3169843088116018	2.7273029399550954	0	1.4641042516209248	.539665488027509
0	0	0	0	0
3.463517228541433	0	-.2719505792213448	-5.108408126842922	.7418585960495899
.6128954612512407	0	-.7106083773647249	0	-2.605563040547304
.2859022279315533	-1.8366068370793605	-2.4518046202334154	1.4661122811956857	-2.213861056208399
0	-.6969756364206767	0	.3002206831168768	.03403319332055643
2.078441890487448	0	-.9904508572020045	0	-.09852332274668579
-2.4926467029108035	-1.3219494205017868	.029680277816497513	.3727263327429237	-2.8002885515069913
-.6057118735878557	-.3626530406382033	1.1576733992717843	0	0
0	.7200248397484676	0	-.13101590236708177	-6.699803463001997
0	0	0	-.011355216989862749	-2.0621239730047516
.9041659711681738	.7465882092084036	.2286262747281133	-4.132265967983304	.3719168768764529
1.2506384796768857	0	0	0	1.103222525377657
0	0	0	0	0
0	0	0	0	0
-.030296410258472906	1.005224590864478	-1.5447622222854356	-.2845751324480721	5.01312476082077
0	0	0	.02907044836005579	-.6328810424429561
1.0893441044367065	0	1.1681606700086875	-.7447181149894498	0
0	0	0	0	0
-.26775068164023796	2.5075224255593564	0	0	0
0	0	0	0	-7.25461432077224
0	0	-4.620977910219381	0	1.5372988705888324
-.9921563778221594	3.5039725530791794	-.2438523997746877	4.407083360591091	-.5137050211516734
5.190157959034684	7.16100736530241	3.100091483810306	-.778102457388383	1.0275580677246494
1.6686408941471838	7.2745493395824425	1.9042927643909935	0	0
4.1934396072997595	3.1658374870999104	-3.797639361229141	2.9654000274971777	4.666159432507742
1.8035802609651417	3.965950940403575	0	0	0
5.534406121956702	2.2429663952103085	.8785325532174688	5.021004383299405	0
1.0951801257233735	4.422249511018201	-2.826397127638187	-3.1595092256594635	3.243344708663532
0	4.239527006971137	0	-.40403452908286375	0
0	0	0	0	-1.3507836867085028
0	0	-1.0255841194227726	0	0
-1.6222652366510155	0	0	6.980255082517974	-3.225673491791035
0	0	.26618290394536226	1.0938109458472194	0
0	0	0	0	0
2.5213026002872345	1.1223573296051597	-1.1951264672225177	-.4033002159008815	1.0654332321850353
0	1.932610644512965	0	0	-.2973551566457291
-.013275444725025842	0	2.1657032448262097	0	0
10.964405689594713	5.475610941363537	0	-.4371317435261881	0
13.191913034848396	0	-1.7622673105069233	0	0
12.998400041069663	.9000921831469443	-1.4776507368735217	0	-1.9420664541823365
4.19945456704624	0	0	7.405902469231972	0
3.1811822390804623	0	0	11.693277686636138	0
8.60906903009107	0	5.314000846775736	5.920743160440908	1.3389682361977806
14.581485159918632	2.673681084177298	7.649863704308853	8.281624784731898	-6.118663600582863
11.373735689218439	0	9.93171137561868	6.676373655481835	-8.57409516560882
14.873567810310657	0	4.2893895339797705	6.28935179523829	7.2418943719003055
17.134418152603935	0	0	4.2051282355635715	4.4722178579474585
14.163261910086383	0	-.12405389393716276	4.323220249126509	.7798440614849866
14.513097709916842	.9394626513076071	0	3.755998062031082	0
16.182372597122317	0	0	0	0
11.842682415133353	0	0	0	0
14.463446327376131	-1.802075263290983	-.7851745067927685	0	-3.5793396833900952
14.991330401889106	-3.2251406788733603	-.9884877429968597	0	-3.8398885461881562
14.69867640222706	0	-.27571823281228147	6.004718179167847	0
11.925492970004933	.4076136788819211	.07551824250583006	8.372982267535914	-3.1897492191507504
12.011441572085259	0	-7.866466358103934	12.308180102262819	5.103679105147105
10.145675266370459	1.0946598758399442	-.4155950426397815	16.50522871765436	-.5741298336760556
8.528698529972534	0	0	15.200739513377773	0
7.679795941202783	2.2131217691941814	0	14.603856336613957	0
0	0	-1.5697667807327484	22.178527001929233	0
8.250887543914912	0	-1.9298195664912288	16.428806851667026	1.6228245241653192
9.876718356823119	0	0	14.415885333011985	1.200707462057501
7.449401904308511	.24846345887773924	-9.655975634540496	23.725570314387195	8.717842596735512
9.403281062384272	0	-10.297737532978315	23.467176851911386	11.465351613848801
10.374113642685176	0	-4.646928193917158	16.447066716037366	9.56411541129279
13.479207614125745	0	-2.3609552957871185	17.018433146693507	3.440871891547716
10.81000073277194	.8908221550311066	-1.825403367983096	22.601498484646314	7.907044129143843
9.88549316207904	0	0	23.32524380284223	0
15.729175117606129	0	0	0	0
16.494868406152023	0	0	0	7.225606571249865
15.921368703629685	0	0	14.674254499630244	4.228069856157191
16.9074443962509	0	.5731851499008263	6.3051924502742205	5.48134909738511
15.155576777171117	0	0	7.479761008835154	0
11.773060342271005	0	0	13.12790697556067	0
4.579082107618142	0	0	24.643646889824826	0
5.1020808850088875	0	0	25.622686452091777	-1.2763494412477447
6.798681915105705	0	0	15.235775331567249	0
7.938815098345862	-1.6966271812649636	0	20.78884930950903	0
10.856653789945824	0	0	14.77066041448295	0
16.52986795117083	-1.1617873752608163	0	18.859217151415397	0
11.424043052457659	-2.292816359588028	0	22.850355027786392	0
9.264398756783399	-3.0489416494337025	0	17.754407016792914	1.212133397988891
10.353388011008395	-1.1569744632236958	0	24.11130466551499	5.149965963017712
8.97021472249601	0	0	20.18857904055642	0
6.761904419815875	0	0	23.46716704597941	0
7.372238709308395	0	0	25.67914803822153	0
3.5417949849968786	0	-.22597970325573868	19.602830936515105	0
10.354445791001414	0	.6710409766750399	.8812342321464297	0
16.0450051459958	1.7833805524202853	-3.1749823492578804	-.7019839826278251	1.3886738071850837
18.692886365781042	0	-5.269956075376737	-.8265111543451384	0
18.315441894790087	0	-6.246972833164346	0	0
18.892628166133633	0	-6.636775392243498	3.3886530860720496	2.7832962067259586
18.762389153043728	1.1871106800274662	-3.39550082714678	0	3.7899871398325833
15.669000220760658	0	-2.7117416719573892	0	0
15.577392074921756	0	-3.278600406530207	7.294996737018646	-.5568534886614779
17.387033336238034	0	-6.672923426194199	0	0
19.76043028255262	-8.429558801255617	-11.543892659550965	8.589636650338921	-4.805095742338841
14.640127508555283	-5.094761586170052	-12.123980538847631	8.506529653300973	2.3207092933476696
14.350070563744783	-4.89166752875367	-8.794100869126217	10.1243068560088	0
11.633985574691978	-6.371660798256478	-10.145988973422384	6.966635125545558	-1.8576801176386293
11.290323335170049	-7.254728369425886	-12.3341168499307	13.164223850960367	0
15.879059470840103	-8.113068644400427	-11.793007878759978	6.463309111780474	0
14.60485961792684	-11.504938791839395	-10.725542290635358	9.874242768233435	-11.649263736371733
18.057162023104972	-6.980081919068093	-10.439312849139519	2.9984246524670555	0
13.74666375281027	-11.716215561985345	-6.039397018970191	0	-2.4386793684325987
12.762528530090714	-13.279115788942942	-10.125119968950752	0	-1.1076887745748951
11.080763240280257	-13.395323210397985	-9.580137238143186	4.351102700567591	0
9.263782620013005	-10.853448106892426	-5.395051290964826	0	0
4.85995215207167	-6.791149163042706	0	0	0
2.546000845417162	-2.239436299719072	0	0	5.055589371909628
4.287365881220204	0	0	0	0
1.0891374445027022	0	1.0203802103923012	0	0
0	0	0	-1.4507858058722833	3.1288208636298
.9251877541285554	0	1.9055006041124716	0	0
0	0	2.4992972480206537	0	0
0	0	0	0	0
3.200019905837256	.1430984734351992	3.0726589824185657	0	1.8693814827931554
.03778532747651142	0	0	0	-.169401751684628
-1.0926451046948338	0	2.1829737445349746	-4.707238772800857	0
-2.5372296334835323	-1.7816663982862966	0	0	.8017119632476927
0	0	0	0	0
-.1051117651489375	0	-.3069863362073799	0	.4912251662178271
2.3637689185271626	0	-1.6007196071494332	0	2.305577663138404
0	-4.826021660152812	0	0	-2.9386524809856636
-.5492865104491917	-2.4657927057125613	-2.0107406221432518	3.3907257046496504	3.4853616895493507
2.4545373136427453	3.457363985324205	1.5109275921585708	0	-.31326961324035074
0	1.010731175134615	0	.3797652471816728	.23176656624063624
.7391116133104579	-.0349252788106775	0	0	1.270639733676593
0	1.1442974638482033	0	0	0
1.0544669889938054	.14525987889713698	-1.4044174380284087	2.1691281491773142	.35771278995768185
1.7222145445566355	1.2873428683448558	0	-2.149999185787549	4.0154242100258895
3.4465644550340855	2.547250315019988	2.0016280749318076	0	-.053432039415420185
0	0	0	0	-.43993703943105245
-3.0607650947217557	-1.672389236116964	-3.4322691777290104	1.992932763625657	0
-5.824979658459825	.0376028922213012	-5.172161896862239	.8626638751448353	0
0	3.366909242471161	0	.3279650531046038	3.352318849537876
.2058058019101583	0	0	0	-.9659543617330374
.03393105281466058	0	0	0	0
4.532434708965699	0	0	2.5910934785989332	0
2.3599555239425745	0	0	.951842582090642	0
0	3.280414072796855	-.050312434242641424	1.661815398754137	.5835212105027084
0	2.374951714897541	0	6.228978940097398	0
0	0	0	0	0
0	.7495148521179571	0	0	0
4.141930897201171	-2.017530193122292	.050233236167218115	2.6865547259551943	0
0	0	0	6.345041084798112	0
.20062663532683134	0	0	0	0
0	-3.1782710650217814	0	.5072889778979228	0
4.459464101194176	0	0	1.8723065648416735	2.1994623906639124
7.273597876068094	0	0	-4.431099577775596	0
0	0	0	0	0
0	0	-.7576727607846265	0	-5.035605509354401
.2959515239556708	-3.3085097054306387	1.1705805110854492	2.125439365080135	1.5045705521664416
0	-1.9699734470247698	0	0	0
0	-4.807754550172968	0	-5.807510410266929	0
3.1233826322757468	-3.40572036871257	-.3618134894107309	-.30407132641015355	-.8812138469493719
1.734962850333138	1.7365685968438147	1.0120905974628363	3.7570015878025784	-1.3653316372443172
.32475524442766557	0	0	0	0
0	-.13559961160942202	0	-2.202541124499918	.9203919892383061
0	-.8788204194865682	0	0	0
0	-1.5960962691275653	.028757015949808035	.84578316073766	1.4498551738598504
3.5651876849367055	-1.1401291908252487	2.5417853382865196	0	1.1683582749213324
0	0	-3.7059063538907875	-4.061423984002339	1.7686338011189102
0	0	0	2.0246885646559223	0
0	-2.5296443364465118	0	-1.08878904548925	.4630145402078793
-.521517761712144	1.5364819783604278	-.9434677986478908	-.5810446203166235	0
4.774049114152046	-.03091443465382654	-2.4303564799254245	7.1554539256040055	0
