x1	x2	x3	x4	x5
3.2163274504494117	0	0	0	0
2.2361506546068584	0	0	0	0
1.6986564677809277	0	.34287251051059797	.42716869796591417	1.2274985546312474
2.8429748684822673	-1.0475570033254817	.1960612451074494	.49276858291723186	.45987037329686276
2.10786623880291	-.5508804154737362	1.0111735630852032	1.1308267007129	.46272542582497633
.6221917914816826	0	1.2346240465819012	1.9173424084697628	-.4471166306468978
.9163798272010895	.21736721888503538	-.05648606143902053	1.47904794998226	-.032212408997495
.7704770011620296	0	0	1.372444205908573	-.6771655751658033
.8158437856780725	.01646479103854058	-.3787231827899441	-.2739494898590021	-.9626226154189887
1.8876868127689306	0	-.5798741840002949	-.8738990640214783	-1.9094266666759585
0	0	0	0	0
0	0	0	0	0
0	0	0	0	0
.6099160764941411	0	0	0	0
0	0	0	0	0
0	0	-.7894220065584925	-.5339783088199984	0
0	0	-1.2191419615687036	-.19445497427193642	-.788349375310653
0	0	-.34071126302791055	0	-.6115859400609265
.9136145637104194	0	0	.1265906846041845	-1.198133114004634
0	0	0	0	0
0	0	0	0	0
0	-.8353528461153177	0	.9734281374419689	-1.447323118190166
-.1331201866633066	0	-1.212020251035227	0	.08732826082670153
.2156614881414129	-.08252563652417313	-.1037688205676533	-.450366190835583	-1.29584767476437
0	0	.2214048399990427	.0033600454935444196	.7276673237861819
0	0	0	-.25748552247818884	0
0	0	0	0	-2.537185693825726
0	0	0	.6961905571551402	-1.3456041952114903
0	.15214940971114949	0	0	.5927253125615781
-.07576348846468434	.4112530952704648	0	0	0
0	-.22092993688861925	0	0	0
0	-.43071017846634657	0	-.16622544600421196	0
.8173047992315731	-.4509572606038106	0	.30302683433214184	0
.15081904035404659	0	0	0	0
0	0	-.5163693516785862	.042334103137872225	.3070143747695444
0	0	.4680402316452876	0	0
0	-.025996921254600847	-.19972811002201407	-2.531162136702707	1.1366080951685205
1.4258310917169066	0	0	-1.743189556344586	0
0	-1.8973346224379952	-.8298218033422657	0	-1.0211363107454083
0	-1.6481651596822622	0	0	0
0	.0852196887248538	-.27255479930064236	.1639217087300543	.6164847254515932
-.026517829070317078	0	-.8569541762982007	0	0
1.0014820473796768	0	0	0	.8061612554258353
-.22820519901883884	0	0	.7183984912024585	0
0	.09339883069436174	.002113763624133208	0	0
.6430341814752081	-.7500595378997261	.3134975525275744	0	0
1.2244168719050077	0	-1.2664571702353595	-.10842824190410594	0
0	0	-.49817635812319283	-.06562972285123608	.41090120233263083
0	0	0	0	0
-.6143605880858398	0	0	.21882214575077708	.8087574502636454
.02876633858432065	-1.0277689393847225	0	0	0
-.25937499815737747	0	0	0	0
.6569735724774184	0	0	0	.5230805054881331
0	.9412408856766761	0	0	1.3829774775470098
0	.7414044524102646	0	0	1.140635847557492
-.434222286927977	.31020293499780244	-.8090884634819641	.04211768703645602	.34647972228954094
0	0	0	0	0
0	0	0	0	0
0	-.09037428888760063	0	0	0
-.05174950964412303	1.3486204757245697	.10886369700989773	.39926145419675324	-1.3856481751189784
0	-.8171390508704424	0	0	.8480896591069261
0	-.4927234762488031	0	1.2221042466531777	-.3497889718283853
.12294864398477395	1.1186996747795948	.1115279041977681	1.2005066331086036	0
-.20492630568606618	0	0	0	0
.09341103507721861	.3488864986803021	0	0	-.42350051331283456
-.9547076090240462	-.3646987318724412	0	.8147946266425548	-.596181758350832
.13834941539171025	.60301101879814	-1.1079979705257674	.4271347543001407	0
-.7293616533548657	.4940455702081763	-.38744920195994764	.9602340264722543	.24716126777458036
-.148181437913038	0	-1.9229134929166456	-.18185898316920673	1.3188713199169433
0	0	-1.8545817959978383	0	-.6701727025259299
-.5067999231649294	0	-.6758091298701951	0	.34594183222144415
.767298832062888	0	-1.8664125362473534	-.46270246514696894	0
0	0	-1.4101268615617772	0	0
0	.2723046624682805	-.9706132135246888	0	-.052822152018580454
0	.5713129082864659	-.7980848862307566	.16925934252025868	-.7264070602995236
0	0	0	.472718306575161	0
0	.6811446667497064	0	0	0
-.14857020243294697	0	0	0	0
-.1448700850688285	-.7586714013264696	0	.5254120557486928	-.03860464374565748
0	0	0	0	0
0	0	0	0	0
-.35907717352032953	-.8809729742468454	0	0	-.8088983647306807
-.03826127336246926	-.28538519075894203	-.3292139630883383	0	.6743664822446199
0	.48003815303948927	0	-.5721884814815152	-.6002154525256178
-.3288437646082975	1.6760634060746373	1.4842335135261668	-.587173635218331	0
0	2.822431667002988	2.6022314225728476	.8380476597049368	0
-1.2411697353443485	3.4922813930757854	2.7657102874043886	.9412855792225516	-2.1895671496562388
0	5.341716172003312	.953770575990709	0	0
.9554667108238968	5.42272743972133	0	0	0
0	3.8599378288477135	0	0	0
0	4.432302911912265	0	0	0
-1.7199380107253912	3.9459407020040547	0	2.9217083911512702	0
-1.2262559376816315	4.676255548960374	.7355830865190556	3.9553677446803794	-1.766540532364726
-.3096347428437787	4.397034658013233	1.6739748326803765	3.0494594187855077	-3.772665091583384
-1.188909933214961	3.1144699836058187	0	3.2020957570237214	-2.7582275093078295
0	3.0914771764816797	0	1.9430943575419413	-3.2379437071664907
0	2.415943377706826	-2.524813874400066	1.3716689592168807	-.6887107143309273
0	.9472602335269695	-1.0215194378076202	1.7002488211956268	-3.237235802934647
0	.24648224222839688	-.6664569465555672	-.08637731433362839	-.8192946422375113
.40461552335444445	0	0	.9342568052000493	0
0	1.5204845797663205	.48034573333227476	0	.9657979319363749
1.4774406315475375	1.362048622342487	.5286216814500705	.6620859547302742	0
1.0045153239569151	.8307370938697458	.6597248742697928	0	-.25440467251900156
2.792041033214674	0	-.7808834667897595	2.222769361105941	.21864748990812455
3.6877632163293175	0	-2.1466627730920274	0	0
3.1586032175530208	0	-3.9696987299513786	0	.4048746273449827
3.8687966247358947	0	-3.942095084608064	0	0
4.559020378223368	0	-2.371608439664326	0	0
3.449850736030223	0	-2.361096718495946	0	-1.62825440538081
4.745021336011634	0	-1.6079985234455088	-1.4674473167868003	.5290743112997986
3.4607467579225335	0	0	0	0
3.7000294936199905	0	-.17207353847575432	0	0
3.733253432266097	0	0	0	0
4.6358827081512946	0	0	0	0
3.035520642068921	-.39581136486092344	0	0	.13495558149558531
1.1340066893748069	0	0	.45487415895328454	0
.5855958687736711	-.10079254919535686	-.578587374091345	0	.7274796516815665
0	0	0	0	0
0	0	0	0	0
0	0	0	2.1269604514692526	0
0	0	.2931601809763644	.3304257187644727	1.574130054372815
.06396732162169017	0	0	0	.4480563291824293
0	0	0	.5458666129947535	0
0	0	-.018182826385605047	1.6345801139139255	0
0	0	.5618746996353616	-.20469140025658056	0
.48383093942985816	0	0	0	1.6459872702037888
.3218911305366542	.17959927845668805	.13297568548621347	.6674042670644821	-.7822903693566845
0	0	.7177742684932743	1.32303677709336	0
2.112192444604136	-.10470275394426654	1.892917631364349	-.9391852959355336	0
2.5820791080023953	1.2535040340084416	2.0567918543949095	-.6508217055205557	-.9550561964773401
.749798746439083	.546840035405172	1.7001263424360662	2.396778950933557	-.19193387209195456
0	1.9164001591097488	-.5448563287853228	.9713648514225817	3.1618826158048425
0	2.44472090832816	0	0	2.0524592261799706
0	.70660180161972	-.12048566792436657	1.3952828626571119	0
0	0	0	-.9299401473590997	0
-.20865395640353246	.3108766663792797	0	.013390025251382123	-.7403702501908924
0	0	-.35761897090176825	0	0
0	0	-1.3398074262796518	0	0
0	-.8044027402869796	-1.2807604720807055	0	0
-.7665649533464496	-.4725894720181939	-.6033804103868297	1.531235691723293	0
.8306255148145554	0	-.8857673024235249	.925646779743025	-.12441803788311273
0	.09422388563473212	0	.30859501656634303	0
0	1.0099648409256197	0	0	0
-.05125994884078258	.7420919511772703	-.30043003947182717	0	0
0	.03657574642205863	-1.1048730876946447	-.5056149886546984	0
.1409013358717545	0	-1.6436648233336562	0	-1.8251202551871755
.9680668175623683	1.6108076407321046	.24514078607720868	-.9231934021952296	-1.6109672837837912
0	0	0	1.151974588219281	-1.7705078175902464
0	0	-.19070108438513267	0	-3.562852639486676
.6246446798729574	.8648284742933074	.4286789787446167	.9822377950120494	0
0	0	0	0	0
-.10910102018685791	0	-.5605645242737385	0	0
0	.05773315481459747	-.08740828000316292	0	0
0	0	0	0	0
1.0742220943849161	0	1.992806791309649	-.6788668644840572	-.07367779044676609
0	0	1.220560312985742	-.1586338545532705	1.216092691712042
0	-.06694956734163997	0	.29411669593142625	-.29769350056871585
0	0	.7547160435166347	0	-1.0185779931499743
-.1275363108345176	0	.23108280122773575	-.4125076535370323	.8609974163699604
0	0	0	0	0
0	0	0	0	0
0	-.6529827366808644	0	0	0
0	0	-.4030125129416637	-.5688735215467047	0
-.7104034802044386	0	0	0	2.225383071498448
0	0	1.4110197518265146	0	0
0	.08029982761729071	0	-.8909965170067348	0
0	-.22376671171749374	0	0	0
.27843402485652446	0	-.40024246225611676	0	-.5377467093399206
.28915022953667985	0	0	.4873160438047546	0
.25439303475289465	0	0	0	0
0	0	0	0	.6513962922567778
0	-1.1363091609527576	-.7253261201424269	0	0
0	0	0	-1.351789338560543	0
.012249334825502504	0	0	0	-1.7074014057844837
0	0	0	0	0
.19976802199747135	-.0984533831797254	0	.09325526063820799	0
0	.8556565130400847	0	0	0
0	.30229598794336077	0	0	-.17525456628301994
-.4350810548760901	.17115540222850384	-.9674108958289738	.4467071851501662	1.0487119248586516
0	0	-2.303158931914873	.595466553243608	-.8870403874257177
0	.23744988948380572	-2.518588288682112	.5358888809687626	-1.4586953504062563
-.8148557186994725	.8880182698699577	-1.31721014627638	1.466818250706863	-1.0545968543436564
-1.3854176694466878	.6105196691902569	-1.608870999561702	-.32696578115576086	0
.630607574159929	.6400932846972093	-1.3477397431971825	1.097074730712407	-1.089824842848366
0	0	-2.66749496337839	-.42221100184485977	0
-.20227807410364776	0	-2.621802650064138	0	-2.3354950414513396
.43634008835678045	0	-1.0731738495707719	0	-2.218621082170948
.583049626156737	.34042808729140644	-1.324033329517465	-.4271125499920082	-.4377380539007838
2.0979997172573275	0	-1.3308352275262947	-.4236359015258545	-.7375918049362347
2.143132894157114	2.5427637086761785	-1.8214397887854747	0	0
2.3822722276039827	2.5302225150679467	-.6217130239121421	-.6771813827099372	-.8194817699779592
1.9818133481638485	2.1412214444933673	0	0	0
2.065345076423217	2.672084877380591	0	1.816176830819051	0
1.811501062514723	1.9002380080911312	-.6505871096673889	2.3378894371851344	-1.2757774173686753
1.453594117505288	2.436491430067202	-.09938080097402752	.11867682083690939	.8374987477221262
3.72735173754606	3.282301858496932	.035773785324637264	0	0
1.9879169976919568	2.3146955231195454	-.8111567056858667	0	-.8845350993023446
3.2261145227550085	2.7920218137725836	-2.3341422614702134	1.0509833890530846	.2855021429640876
2.9352185904725685	2.6579821436892526	-3.3381950011450243	1.3278243063502702	2.565434705960042
2.1804042698408765	1.8660326680471386	-3.5210650807347537	0	0
2.6256630068421063	1.4125568673415188	-1.6480544168740563	0	0
3.21126126446432	1.876654512631606	-1.379264778663635	.6736807210855091	-.324041157441332
2.987156370978176	1.8926701590893313	-1.7224406693351373	0	-.1985239163233256
2.0805204844984466	1.4169301306435662	-1.6640317961444495	2.038151192218374	-.8370924054068214
2.571387595400855	1.9557901378457616	.2082743458914153	0	0
2.309401160301647	3.8781149510864954	0	0	0
2.629120295613062	3.5598889304833086	0	0	1.8558957584517928
.6091332185080647	2.4818202945369863	0	3.274259692019055	-.46114273111105364
1.6009423573291086	2.402163276006813	.26278943524002063	.8589642370196349	-.5190487395354562
0	2.2411443500641535	0	-2.065419350124881	-.2120737720781655
0	0	-1.020491737445992	-.38106222944824264	-.8646928402647016
-1.1492831614424974	0	.3913708874932359	.32967157294598587	-1.2112805700800087
-.0969129100011683	0	0	0	0
0	1.0606679950873878	0	-1.1384606374713524	0
-.359517736589533	.7244603729157949	-.6195624904969563	0	.003894818875739961
0	1.192198112172371	0	0	-.007709196433015042
1.4643948661916506	1.1545331422417295	.6323725239338326	1.6992195059886126	-2.1099427721883863
2.0050951251234395	1.597844378271541	1.0982618360428518	0	-1.3554869491425336
3.450010281908972	1.1218166827597287	0	-.9179192682663175	-2.605025785364797
1.0017684664324331	1.0493537953757206	-.158223844295524	1.6880191098238102	.014833067141385936
.9708360880830362	0	.49633343380491185	-.40873536047098974	-.7165326502510092
.8570263016919868	0	0	-1.454108287802225	-2.0830910943824708
0	0	.5161628927434465	0	0
.8635953738956019	0	0	-.9415862675780187	-1.320944787671189
-.7077139663653104	-.4240259823339847	-.048483889017381265	.9793217420942548	-.573479778769012
0	0	0	0	-.49933087690114997
.8515725333607167	0	0	0	0
-.3886647175782993	0	0	0	0
1.3978093238014488	-.1908414345943674	-.49026685335005016	0	0
1.1587713093633645	0	0	1.0916532675993011	0
1.4134774009024946	0	.7286199794745064	0	-.3846807855452039
0	-.26652909753601095	.44161342975410967	1.2300731630529884	-.3682855417472244
0	0	0	0	1.914259744584834
.5196569123376013	-.15087662265116936	0	0	0
.5988535671329657	-.2735535942935475	0	-1.0118143573701848	0
0	0	0	0	0
-.18031005416272894	0	0	.16187363394071885	.015613086698297446
0	-.0749741280403525	.502320917788753	.8070825839340748	-.6635007708990084
.9618842233001207	.6453736055194108	-.474627828863762	.6314640202531292	-.25185854305384814
2.494932146858292	0	1.974146194929642	0	.26036606454991007
.7220741068596641	0	2.4683389305104777	0	-1.523133233580333
.3250395813992459	-.812032100944229	.14654958199752544	.7211870882418108	-.9782910172332426
0	.32062644611669977	0	-.1358549543319547	0
.7393911093534177	.42960255476514086	-1.038920961248454	0	0
1.3015892205286155	.3812067422223876	-1.5032372089810406	0	.16426019094128577
0	0	-1.644354189580015	1.8420900368252986	0
-.17898684150176425	0	-.4339848642040939	-1.5718987006956928	-.6471568922750135
-.15283542854194876	.16085754278677045	0	0	.3017381394529557
-1.4376341388005558	0	0	0	0
-.2427096305357293	0	0	-.47680205237697126	0
0	0	1.1773775018720076	0	0
0	-.3860512176365052	0	0	-1.5434488416181043
.15598071724545656	.4319197615018263	-1.1980830119873125	0	-1.2055026375417595
.3538550432438648	-.053998101852128666	-.24258309651787838	0	-1.3105054803394212
.2330964606713667	0	0	0	-2.2102940426442954
0	0	0	.3831222978743452	-.7011666088791355
.042162539151770456	.29455021555565863	.8481198812220025	0	.2743969239503904
.2505673837863776	.3557421321131176	.5562932288918466	-.03749523291404544	.38720016014393893
0	-.6139322414793305	0	0	-.9221155731715169
0	-.8001285791148625	-1.3003228720386715	0	.26072080313926566
.3683410024688514	-1.5863979343622852	-1.2722067438017663	0	0
.6626352655163266	0	-.01616607341667048	.1721829423739942	0
0	0	-.6019570819948786	2.151587134864619	-.4913205622433783
0	0	.2266214496643521	0	-1.0804727987254619
0	0	0	1.6736316830120255	0
-.06156038787523288	-1.1369679661855154	-1.1082039093961211	1.9135732707038058	0
0	0	-.09015623756763329	0	.6320729709035176
0	0	1.538564478057643	-.1797623126790782	0
.4072422506672727	-.029255805119125185	.40680333689551573	.23024542112001567	.22185990386669202
.7160244912622665	0	0	-.1853354524908524	-.4680694632735363
0	0	0	0	0
-.1599462041794157	0	0	0	.4187912559700453
0	0	0	0	-.12639710108741065
0	0	0	0	0
0	0	0	0	0
0	0	.42177477699538846	.0405009907080693	0
-.2298129811241712	.009571094264377897	1.0897215259509996	-.6630453095190931	-.38039485445685195
.2015962260974506	.6064119646888585	-.23261255341130396	.35282624492110193	0
-.16276782938636386	0	0	-.22200244939302466	0
0	0	0	0	0
0	0	0	1.3408032305164628	0
0	0	0	0	0
0	0	0	0	0
1.3567868930645233	.6245563386213294	0	0	0
0	0	0	0	0
0	-.00391680320262016	0	0	-.3441593816177379
0	1.3892750272732517	1.200129376232982	.18935978809378645	-.3937064392613507
-1.0823614816277152	1.3129930528883598	.8608146041370239	0	0
.49515916919432046	0	-.2636407474823496	-.8862609085570563	0
0	-.13492446441371497	-.23565866663938384	-.13703051854283907	-.887855717219551
-1.1627757820850846	0	-.440445261890841	1.1675046174111656	0
-1.538833777961535	0	-.8814710851320836	.7349356936536173	-.1861796124671065
0	0	1.3200308864350343	-1.8394145673535156	-2.9560816439514404
1.7900503773820473	0	1.026541014866124	-3.1564821113198485	-1.5233586944036754
1.2541534390751459	1.277858484378982	-.11981356992793163	0	-1.0929360739477436
.3400197067855102	1.539635259641245	.6425500378761325	0	-.16682221807316316
0	0	0	0	.020658784281530937
0	0	0	0	0
1.1315270219158866	.38739610402346225	0	0	0
0	-.7560119320398206	0	0	0
.0586796737769624	0	0	1.1748673053652736	1.2575859982227797
-.5162076307431795	0	0	0	0
0	0	0	0	0
0	0	-.30159724316906844	0	0
0	0	0	0	0
-.16082232358040752	0	0	0	-1.4682630995965837
.05739142180683088	-.16182165981103724	.7410338509577652	.7871875676388823	-.3296093711388797
0	.5356195770190592	0	0	0
0	0	0	0	0
0	0	0	0	0
0	.05892336505172674	0	0	0
0	1.1880952470378854	.037387671352404464	0	.39494482142103554
.16995236316263646	1.225304739001744	0	.5944147149806946	.758650119057412
.0042163675342945794	-.205866366963375	-.26685330741903973	.3555252695951204	.6110114948761106
-.46162497667485103	0	-.6627671413900227	.6098535680107211	-1.149186806088375
0	0	.8568776004792102	0	0
0	.8032616361560934	1.182183927809251	0	.3594657873994071
.32010930297595586	0	0	0	0
0	0	0	0	.9468853853772723
0	0	0	0	0
0	0	0	0	-.3133157944130186
0	0	0	1.0208788270490372	-.0668232717590436
-.2988182758538803	0	0	-.27653544596557234	0
0	0	0	0	0
0	0	0	1.7674204651206444	0
-1.080259890475507	-.43433503836020204	.3472262363331846	.45157665191979723	-.6609317110170679
0	.6974121527431001	.7465045502349469	.3877531512347969	0
0	.1667890265331935	.06902594125473838	0	1.2120638951366465
-.07423999674260025	.38242888195723546	0	0	.14854155936388547
0	0	0	0	0
0	0	0	0	0
0	0	0	0	0
.03490839058080353	.09570864496256959	.7186248056987485	0	.5929848511996373
0	1.4519341189935284	.8196995628680779	.2557203844629807	1.1349463209241082
-.9947610992658926	0	-.08438515684393866	0	0
0	0	0	0	0
.3397804161407947	-.6673614271801708	0	0	0
0	0	0	.298604222027407	0
.8650317613069163	0	2.841838305361204	-1.071508225854201	0
2.893290145002579	.5748303945845794	1.203845275307179	-1.4965435647110568	1.4957190739314878
2.8149353815902503	0	0	1.231906864701404	0
2.033980325549705	.15051620838135094	-.8477807510738682	0	.8497043098680808
0	-.6034979986404791	.26324400407651094	0	0
0	0	.18474252834081706	-.06789631380128425	1.607235935417508
0	.3902675026125049	.09665382152294008	1.219616432036447	0
1.5113658396490617	0	-.12198219619876438	-.6761615566673347	0
1.004643554128834	0	0	0	0
0	0	0	0	0
-1.3714971710012658	.7882835201451107	-.1493874857321617	-.3864744559584128	.2208492226898388
.44856286094520037	0	-.2309196860729238	0	0
-.12172517321740131	0	0	2.681712442773837	0
-.4728622640471879	-.588521283205568	.24134445245731212	0	-1.0295555819180444
1.3100635413168276	0	0	-2.3848948906338427	0
0	0	0	1.7998719234069305	0
0	0	0	0	0
.07022978973507188	0	0	.2195409621520064	0
-.47771164591765436	-.3216836618817304	0	.5883695239303103	0
1.0978122842852902	0	0	0	0
2.7183063309082947	-1.3741748340872812	0	.9758928302882599	-.04452253399342648
2.5417642231164845	-1.2473037391595538	0	0	0
2.272644905866887	-.806736533748188	0	.1329414489090358	0
1.5689509888389381	-.5005755155501749	.6018183131490616	1.5754049069832685	0
0	-.2784215891957204	1.143877664399665	-.8566862579059441	1.3078539978473356
0	0	0	0	.7937561752834396
.0007458241085098183	0	.7401696402975899	-1.1718547598863343	0
0	-1.7173622236399886	.49497544811588534	0	0
-1.1807364128566236	-.7506235214721406	0	0	0
-.13800821789656492	-.1720544202774344	1.1844833881268384	0	-.068856451148584
0	0	0	1.1168180957915668	0
.7228425754346879	0	0	-.9310674678543309	0
-.5376989345218417	0	0	0	0
0	.38123319944342704	0	0	0
0	0	0	0	0
.5881380896560953	0	-.5344055195897743	-.7647873388387354	0
0	0	0	-.10403995517142983	0
0	0	0	0	-.6300089485720823
1.1522803871665968	.2723124944346025	.4160685801212951	0	.26095284048973516
-.3295676289234656	0	0	.8162203739036704	0
0	0	.4682831430610852	0	-.5820625504723422
0	0	-.023767766515996158	.2614747265872229	0
0	-1.4495834550867033	-.3050748997859356	0	-.054638210232941326
.5331455219934513	-.7245658983660285	0	0	0
-.12988404199561443	0	0	0	0
.10485493336707064	.8225057015076435	-.030266532623213063	-.3938672039630997	.33938351012739054
0	0	0	0	1.901796454261599
-.02998958196527368	-1.354941201638598	0	0	-.9581360310977574
0	-.5516728904508852	0	0	0
0	0	0	4.065089676814614	0
0	0	0	1.73134791303063	1.152493673939853
0	0	0	2.8714569600269737	0
0	0	0	4.199346510793893	0
0	0	0	4.467428588380859	0
0	0	0	5.162561232115986	-.5642314963515545
0	0	.47259568772765714	5.904610925358469	0
0	0	0	5.540262636550941	.2943234948303556
-1.4315134689792206	.31460025364821453	0	7.088723624138837	1.4957162065575584
.7012229073600957	-.6411866887286822	0	7.421522778783118	-.49640610948036046
2.5113860928897176	0	0	5.748633662004275	0
3.035014313438657	0	0	5.837960061759056	.5562077759830206
.6812769888917503	0	0	4.777080453286063	.9185802452442676
0	0	1.5654930111396836	7.650331397179875	.5561612484351086
1.6720242193149517	0	1.7522646469293153	5.860807652858309	0
-.20388968976499489	0	1.9569375025465965	5.663063539163862	0
2.153327328890885	-.6457258570571052	0	4.692587137167889	3.427322492999256
3.639505082797263	0	0	3.725815558177695	4.953357171641991
2.1477931528447076	0	-.49085058936651094	6.815044580177369	2.9679788459434437
2.1384941218913784	0	0	8.589799168822092	1.9473885915842621
2.248840936744267	0	0	5.501412468652509	1.7537715770972584
2.3518046663747905	0	0	4.749848537935478	0
2.4656245770473992	0	.4395086108673472	4.7140678133639256	.8713429132613104
2.053111768045835	0	0	4.100205050270544	1.0722981121734767
2.430109134975855	0	0	3.221326646569779	.059602242564195294
3.440333973905717	0	1.2990083886368753	3.27678583609094	-.7211975078355084
2.4864916162060338	0	.12965049438736748	3.172709325616416	-.6974220688525292
2.1882968748414244	0	-.7093969753164319	4.084657934715385	-.9881700678569711
3.03862940949564	0	0	4.482611131183424	-.4890906856243069
3.011922438598959	0	0	2.5729208348542176	0
1.347622866381862	0	-.4325646389722709	4.296878581101038	0
1.7723596592255553	.5929119199617978	.5218453740327106	3.9668865732114007	.5091444723476457
2.470021271912676	.4689836144217808	0	4.365806436525049	0
2.7297835638727075	-1.1959175787057594	0	4.614663692607028	0
1.3135270667764043	0	.49152052943306773	4.4627879518801805	-1.941704422309669
1.3523201816933632	0	0	3.492993032020694	-1.8564027895272681
1.2962261209742485	.22835491143005965	0	3.1800867974091727	-.8741113242674587
1.24802474884414	0	0	3.3484536522687187	-1.1662453377761381
1.9658912368375658	-.6825745564522906	0	4.809350404232709	-1.3666979171162223
1.3242244324628538	.016985882442626943	.2690537998932549	4.429027589976806	0
1.9111788769572344	0	0	4.610961680784324	0
1.416476209607676	1.3956097907909677	-.13262079238069902	3.7468997981093635	0
2.518833465115153	.8997325066640169	-.8681593202096002	0	-2.1406894926547717
3.5763096545352093	.8280395809316021	0	-.15793396809242788	-2.5277313493631377
1.7305118512259978	1.3119025141396434	.6134224890262595	2.2403831679763964	-.7094715384448826
2.1248476879607043	1.5773929091944805	.306593126053759	1.876329338380736	-2.6650471944088334
1.961341026185178	1.8533597733326108	-.0775324334452989	2.405352564659168	-1.08525474035788
1.8904146519488438	1.2915741724317953	0	3.8783125196611943	.1472950745475281
1.585046921471268	0	0	7.756428139008184	0
1.3939799023194848	0	0	7.459752036859426	0
1.4243006009194379	0	0	6.198117452710682	0
1.8611122852490083	0	0	3.241019652331278	-.19383778502851562
1.6399945977545278	.1596985555481498	-.8522284762116211	4.220531989924589	-.7730562940902673
2.5244451428160968	1.4900720025566994	-.7548450826429863	3.5335063824478743	0
3.298369908060406	.7628617851148378	-.8890113682373183	1.9328294858163353	1.5361207922018096
2.9962112109332177	1.0519836286474815	0	2.010669257601129	.9749088235992158
2.9654961260017996	1.4361763165485137	0	.8997415745808416	1.1183068351938192
4.7849411982013415	1.1045550818020096	0	.37335945984295626	.9451313403095605
3.206514716750331	0	.3511656920025882	2.493202347272319	0
2.757860241379283	.4714499052225402	-.36925424334139717	.60732059615735	0
1.6782729279386848	-.342934603005264	-.22724883088501285	.5819098364454803	0
1.014824628875997	0	-.4806490681847926	0	-.37596165397641923
0	-.34205465253282985	-.04808228714487914	-.1834186828920188	0
0	0	0	0	-.7972784890079951
-.4125732895209435	-.39819476193470743	1.0764069344534548	0	0
0	0	0	0	1.5682755776064383
0	.15060351722602527	0	0	.6586040244021103
0	.4724222446116595	1.1402835097427295	-.3040758174493442	0
.404507968526824	.2976525763860616	.36473687105734276	1.119085394369737	-.1862014339894824
0	0	-1.1055400348927233	0	0
.9041669282571058	.015574265010716126	-.038522545038172956	0	-1.1533182947847627
0	.9185344759184736	0	0	0
0	0	0	0	0
0	0	0	0	.0384477697775729
0	.6788921475972437	-.1589179449299774	0	-.7331718092817774
.19570200554796174	1.2239388211842377	.546625229550485	0	-.9495851370440938
-.07781321764413159	0	0	0	.06623528307719884
.6711811933466059	.4839314209307702	-.7837309910800248	.31262101133711506	0
0	.424638249930139	-1.1371162151044791	.8400195510420352	-.7474056211065422
.02367065632720125	0	-1.7168891593381252	0	.03335053420060946
1.288966276120983	.8746495528930764	0	-.002181297488872108	-.24050242147029643
2.5873345228589377	3.1016121839562296	0	-1.0086182981216545	0
2.0283991655999776	2.5461335445048405	-.7978330798555738	.26865285429992314	-.20937320165644246
1.8206921490481092	2.7448346752478807	-1.599371712269564	.8676297580696185	.7034778706048322
2.6355221814630827	4.253647884816152	0	0	3.0095025910488653
2.7340265837874416	2.723734735649786	-.24235256227482693	0	.887030622532236
2.4852170117454224	2.1424327285504488	0	0	0
2.3891417656022655	3.0299032175786356	0	2.525896404883612	.5379126571926064
1.6959873334288047	3.5880513223705837	.9150847346710675	1.9822725820685225	.7413539973426362
3.0592488084809224	3.4743166604009366	0	.9234027321591544	0
1.6912655802713268	3.0308033367370406	0	2.1946490240389167	0
2.2913273365266114	3.027343576341618	0	1.2491950937682863	0
1.4846176110495137	3.509938660629205	0	3.8786342493464443	1.02046849108104
.5196336319473871	4.790418476890903	0	4.343144680983505	2.954082994590269
0	1.6021263505743188	0	1.6782595444099804	.21126904136934777
0	0	-.42035892851470114	2.438086567814281	0
0	.020039941644620418	.1787990388822214	0	0
0	-.3179456734526869	0	0	.05979196622665728
0	1.1878197356737286	0	0	.2542355969094918
0	.5183957457787117	-2.1099388365568332	.49506808165842936	-.17921957426253665
0	.364203333081367	0	0	-2.054782027783411
0	.4731790371168065	.004267758202528968	.3087683490610109	-.09260102399836612
.036109764635725045	-.2084187448040638	0	0	.2014777156099125
.2734659424741373	0	-.2809377324701479	0	.3127954708514122
0	.3227734291319591	0	0	0
0	0	0	0	0
0	.7011175713276846	0	0	0
-.22922979513378033	.43095155527835516	0	0	0
0	0	-1.025297309995677	1.195956428428695	.4816425114375555
.5914378982269262	0	.7238597041216015	.5670259683907659	0
0	-.16273366476905604	.7448546162424095	0	.4490677499000045
0	0	0	0	0
0	0	0	0	0
0	0	0	0	0
1.0276501435005259	.6768520980651096	0	0	-.3494530630853018
1.332125640339702	0	.022136230685532443	-1.3636094461571022	1.8505108810893844
0	0	0	0	0
0	0	0	0	0
0	1.2162333246776587	0	0	.787430531117532
1.4897802738787793	.7924168018812872	-.6177974545620031	-.9493242868322047	.9205554650266625
0	0	0	0	-.7347629057221956
.10141048164992328	0	-.007030297041413058	0	.28621375647214553
-1.2029045198702921	.6307404814668616	0	-.06510780473256163	-.8996275354742198
0	0	0	0	-1.6481214186876978
0	0	0	0	0
-1.0451746642066346	.2701555655664969	.6115655444702021	.6044000979913984	.03551184679328334
0	1.6562702482643734	0	0	.3127637449387328
-.7298119194862513	-.16701145651747892	-.08567759649920226	.13627335108353136	-.3020545743788988
.09368328830798128	0	-1.9695823116312807	-.9541743639513927	.25601671146491967
0	0	-3.0860238250322225	-.6246230137312205	2.611967560518752
.49276839046881515	.7956167423591352	-1.9327245335805106	.8615754582290085	-1.1961258038068292
0	0	-1.4229580578946603	.38649951050505066	.4164885269642944
-.27975485682037604	0	-1.2058424929606881	0	-1.3031446114359597
0	0	-1.199141159375494	-.44445885150225584	.6557356835386242
0	.23768663504614618	-1.0634560701854319	0	-1.7725334068032894
.0017401443483679446	0	-.9583030757996918	0	-1.8635661423357415
0	0	0	0	-.44053875688999733
0	0	.34672597150849527	-.9054431400580307	0
0	0	0	0	.12276762006222919
0	0	0	0	0
0	0	0	0	0
-.20762060491069595	0	0	.9800538418534828	.0859521202261498
0	0	0	.8755539809465477	0
0	0	-.7612679963285097	0	0
1.3814277607972905	-.5674878322251501	0	-2.0836533780225297	-.4813261750111238
-.3826187055824985	-.9758976806633266	0	-.2602553194123211	.35816146516619407
0	0	0	0	0
0	0	0	0	0
0	0	0	.5062137300310612	0
.38188756212354774	0	-.15439006098874203	.30914558530049985	0
0	0	0	0	0
0	0	0	0	0
0	-.2576502131744493	-.2203990097292525	1.8724875759901234	-.144389830065892
0	0	.37053916714882446	0	0
0	-.41509822859800993	.43209025838036896	0	0
0	0	0	.22410738424589044	0
-.4665659596708481	0	0	0	-.40789775153400726
0	0	0	0	0
0	0	.5878503584247735	0	0
-.11268202260102916	0	.27013066537846786	.6885664774081746	0
0	0	0	.5948716344328335	.048506964933781815
.2574742701450936	.7076807986561632	0	-.5482741956059923	.9042874349131096
0	1.1552999919054454	0	0	-1.2087385409371114
-.6371974860097543	1.4086399401620862	-.864914205922133	1.0156488547022455	-.045750266563010455
.5635206374244428	2.092971514193696	0	1.5565105845442442	-1.3923536889016348
-.35121896678132025	.9335400877741964	-.5933721210269842	-1.0328947088846248	-.6678452004092628
0	1.0108280102555514	-.708777781376161	-1.364163703087411	-.020625097047992147
0	.554863197832893	.3102583320871248	0	-1.52000128280914
0	-.3812628962348809	.02989055826753917	-.6502771112723517	-1.0052308137585977
-.5933380566160276	-.6695415925661362	.5922399770313268	.06588650405425076	-.3698408065917005
-.6860188020952409	.5106587481482919	0	0	1.1409175613202702
.5706247488319729	-.08334776335200951	0	0	-.1269426782943487
0	0	0	-.3230762786639558	0
0	0	1.4468502026296979	0	0
0	0	0	-.3618369409531354	0
0	0	-.0060803247809723265	-.2918322354903684	0
-1.2553535952925228	.6555718926504731	-.13860029477217398	-.03680656983652672	0
0	0	0	0	0
-1.0028006244273058	0	0	0	0
-1.0636147764302524	0	0	0	.23894614544690734
-1.6288790396518629	-.34164711999625286	.057623061135981216	1.0700108603673146	.06194733385534751
-1.866995517364605	-1.4669077068679761	-.47507426570195066	-1.3408358144897108	-1.8097662391755824
.06587396766458642	-.9748212058287231	-.9335194138394769	0	-.5050292306593042
0	-.5706005896590216	0	0	0
.9570125939021936	-.41221639333172155	-.7603572476844235	-.3335937034773124	.08962407181041276
0	-1.5693100742187107	0	0	-.12462948850892053
0	0	0	0	0
0	0	0	-.2745140067152141	0
0	0	-.3117703945959119	0	0
.3755404919692332	0	0	0	0
0	0	0	.40166837871873795	0
0	0	0	0	0
0	0	0	0	0
0	.5469322440063636	.06708171059327617	-.18404417477154345	0
.912421452178844	0	0	-.6430493042268369	.4133652039960689
.17584997695868512	0	-1.40837966500863	0	0
-.16891476468063038	-.3463284516852428	-.005650808828640379	.2857588211421343	.8836909906284576
.6296988858300688	-.5294855956699615	-1.0308180297604002	1.0965284895834928	.8872124074844043
.6845206777362043	0	0	.14910133483894833	0
1.2883166334505725	.408066414385179	-.9194535604449895	.18095092003186652	0
-.19058402001540653	1.3283193063561112	.35247861573423833	0	-1.0065983995207097
.505767689687903	.9703064857415565	-.8153866803635403	.6283380259462297	-1.7540979493560787
1.7759076222278753	-.01336354595627498	-1.1228983301332744	.8664917996768111	-.7205698924739428
0	0	-.0855303457528292	0	0
0	0	-.18664368602801992	0	.48826279203893946
-.4425651282161521	-.535558317842899	.18510808502989887	.5728007799793889	-.28324279730225227
-.4284904998548927	1.1003897786085537	.24444541766978412	.3584178476614641	-.1781197288239435
-.7894288994792945	.5876780150951901	-1.5883831098053465	0	.5588219884997563
0	.5109115500641314	-1.293206196342792	-.3640910117836566	0
-.29398133710877145	1.313483335901281	0	.4540168153772632	-1.1492254158404671
0	2.0307415252760572	0	-1.9073398521023743	.5948148320916301
-1.5643128473835013	2.2768981950160683	.35361745764670166	0	.02347392717074817
0	3.0529109061150876	2.1801149200065084	0	.7704843736706344
0	1.64683123431122	1.3484331772125056	-.5585583058259489	-.11533965209851604
-1.062857025694813	-.03673026819820624	-.03438431524182867	0	0
.14711868488937763	.31832448271117286	-.8878956215453452	0	0
0	0	0	0	0
-1.6513165862246142	-.414327944066587	1.3207652726575478	.3895857583256296	-.019373395668880078
-.5916850140488028	-.18989993583894882	-1.127248784849943	0	0
0	0	0	-.5051492009169549	0
-.052546484111749114	-.40318890516775985	-.7082428196286661	-.16677860511838488	.2570200812407434
0	0	.4774677947349988	0	0
0	0	0	0	0
0	0	.13772243918174237	0	-.9395489467891445
.17236780614050534	0	0	0	0
-2.316709000601498	.7841095746717145	.3766121459195535	0	-.9741401001508155
-1.4426575734586562	0	.19797330379521022	-.3068633074003172	-.4150366273641333
0	0	0	-2.389511034839033	.4149533119278998
-1.0160866352146272	-.4662509289279	0	.3703283362561743	0
-2.0818602322380633	0	0	1.460302109836315	-.5038868386061226
0	0	0	0	0
-.04492903548371205	-.2855069886588812	0	0	0
0	0	0	0	0
.2949091964598257	0	0	0	-.6454584256100255
.5267720937628957	0	-.2803758346839998	-.2865109833018273	.030752067061810662
.4112029271811988	.38568852426695965	.39587621574893656	0	0
.6592227061292106	0	0	0	0
.6810054316822973	-.15129232763789507	0	-.08107357217726481	.4830890242514162
0	0	0	.16180863698537587	-.6387685059193551
0	0	0	0	0
.5605755884374592	0	-.10703823097476395	.24243701855007682	0
0	-.4036481294107584	0	0	.3486402578089749
0	0	-.11490325364567142	0	0
0	0	-1.8606904820268386	0	.3737570810117522
.20689177102699202	0	-1.1873029784409894	-.024929424651966015	-.4402258628858741
0	-1.3182782929377153	-1.357449113666065	0	0
.3981237848055418	.2115926175850666	-.40972115488544186	-.7317401496418829	0
-.14114372072187176	0	-.8178047086972537	0	.2100157605396798
-.8449124273240551	0	.4878914742110658	0	.8178866282904125
0	0	0	0	0
0	-.01665232700030711	-.12730989470158294	-.31472537996885835	.36415288576162386
-.2119351835867591	0	0	0	-.22257625233833123
.4067977134766456	.2317443806228261	.9071250995667308	1.241214612961661	-.06332051673000583
0	0	-.9054311003327353	0	0
-.3775801165410425	.794851634334314	-1.7582451757136937	.5072075950732584	.9627955205507382
-.594969643375914	.4314190744144847	-.6519724031062221	2.237034470440669	-1.7283220757903255
0	-.34347103203218887	-1.5478398723044646	.9134724876210275	0
.7702605392394812	.9030641410768012	-1.8217865796525872	0	.02239416205225453
-.8687717306649491	-.5657445420152034	-.05801480531537654	.6248846121540734	1.2508191038513123
0	0	-.18998197251902305	-.8019769699582917	-1.1807511878407806
0	0	0	0	0
0	0	0	0	0
0	0	0	0	0
-.43958935478339306	0	0	.43687507697573225	-1.6667733976167478
0	1.67925414433153	-.9262657957549475	0	0
0	0	0	0	-.8597267581057451
0	0	0	0	0
.5713795799715543	-.7631852127798104	.0799706072940422	-.0833597738729781	-.8986067823158801
.26579879237705345	.27310160526543376	0	1.7122171963798027	0
.6421948587468285	1.2201779452271855	0	0	1.1606170265887743
0	0	0	.42756413385512493	0
0	0	0	0	0
0	-.5157328344649619	0	0	0
.9956750622339717	-.5155014916043387	-.19074140354843688	-2.4339976810807777	0
0	0	0	0	0
-.24839044356770568	.7245137896244551	.3173150056040067	0	0
0	0	0	-.15107813768691114	-1.2683514789766381
.7017130660977953	1.2502663339068187	0	-.8381292318397653	-.07599003608196275
0	.4148547788411038	-1.3208553155476466	.8684219647982696	0
-.09589273794780703	0	1.4345618633754318	-.03907549120837139	-1.2057978241189211
.10578536972808021	0	0	0	-1.3794253553526157
0	0	0	.85935325131954	-.5719805545130511
-.5915483499593508	-1.8939300168099578	-.38807693203109217	.6803293724158302	1.5391499833626823
1.069505372405168	-1.149860875531465	-.2528953177109616	-.1913857488539677	1.9992747238498263
1.166170668098799	-.9711072258303122	0	.2669644770583725	0
2.079313654971366	-.5273698161966486	-.7846036986251262	.7971427531680184	0
2.7996152572879547	0	-1.9279276152857485	1.3335476522151202	.14392844508920283
2.659875738905154	0	-2.631636350925942	.8311901370449271	-.22223884899764945
2.0178457188363157	0	-2.2673945040234305	0	-3.0246380059646976
2.9321220746867507	0	-1.9659293391093822	-1.2209298710238268	-3.0726439856162555
2.9948865503307665	0	-2.2099294991373353	0	0
4.018780792236208	0	-2.5255543616282154	0	0
3.9135066120354183	0	-1.1677414137109259	0	0
2.2813095406262116	-.4617610837011934	-.5710172951778759	1.7941961115423912	-.880595793582409
1.1105419258055198	0	0	0	.7803107214456577
2.8781207031753127	0	-1.447996494992317	.40215510922515985	1.073731947461846
.5200453705715941	0	-.47491141190253916	.8588790795049124	0
0	0	0	0	0
.7852336630592783	0	0	0	0
.6684856078234243	-.32903566713627763	0	-.05145906554266638	.49125880723875787
-.026419866061824514	0	0	0	.351190172192073
0	0	0	0	0
0	0	-.822094941367427	0	0
.9733905531074829	-1.0460863005162782	0	0	0
0	-.7939716800293726	0	1.0058050278988915	0
.8034850063953212	0	-.9971477048154916	.10222523516448234	1.3261512218610498
0	-.6030927213240586	-1.4559365253444856	1.0882690026157635	0
0	0	0	0	0
.1086349064572675	-.7877960568908746	-1.2647771133861738	1.1435766553608004	.0952507225281927
-.27473317681513015	0	0	-.2009737464700468	0
1.282579916555974	.46536500498770805	.31101624170497194	-.11764433258445356	0
1.2066525538656672	.4170673517865604	0	0	0
1.3369128342352306	1.5527887412403667	.7568505637126378	0	-.3658206263494823
0	2.605005151887186	.3769596007287885	1.5062965334941671	0
.7649273933195878	2.9375754933763982	.9204802981739948	3.0152468665576806	1.5356053954407223
1.402118878539358	2.6926611480284186	.10488796946053164	2.0747637988749337	1.7883075342412402
2.354967741831371	3.9652770430672066	.2646897438389632	1.287272397615118	1.8502777576082148
3.2460475725068947	1.8905775152003284	0	1.8607820295894673	1.0777256965277655
2.365237025658451	2.8660811139147677	0	2.628770191725531	1.3870791577801105
2.1966228067641658	1.438722469310635	-.6012053318970054	2.3881918418954524	.7094233163139317
2.974986586427418	2.210732977212831	-1.0627817804332467	1.044138302453911	1.3776778372478824
2.7429357134351844	1.1616371607453877	0	.8768918207855714	0
2.8561563436179376	0	-.8021072701813109	0	0
1.384863740933512	0	0	0	0
0	0	0	2.112941145417738	-1.1655824051544013
.7824487358024282	0	0	0	0
0	0	0	1.130378647854604	-1.3375697050708109
2.1883897666812597	-.02965764576089229	0	-.060450801048549815	-2.1136029083895806
0	0	0	.3954836440392757	0
0	0	0	0	.9246469917748708
-.059849505984289175	-.2805107686161205	-.5280242986917355	.30712973116150616	-.04672097735414407
.015277079456459317	-.703997174730094	-.09841616998606773	-.7890752878078826	0
-2.5454665042764564	0	-.5489459633057583	1.2804079500462002	0
-.7094200691279011	0	0	0	-3.464800512831697
0	0	0	.40309480058463154	-3.5015308918990127
0	.6528059121379686	0	.20452896402552623	-3.148937746923235
0	2.217696328742595	0	2.625108070499067	0
-.6853452688088812	1.5374162609324533	.2908604112529013	1.720438282498588	-.7445738227737975
0	1.1326600129214701	-1.571799377573479	.6241878460187272	0
-.782750915721276	.12122373863009367	-.05321632079869021	-.6691653608953515	-.7461992553212846
.5671323408860033	0	0	-.028688933810523093	-1.9034374371376683
0	0	.15302614709046033	0	-1.8276823421869173
0	.5986720924053223	0	.3807107753633845	.5223567706553199
0	0	.7038938811775056	0	-.7786217948667858
0	.4587984977019409	0	0	0
.14189760209298696	.371721868462756	0	-.2552448027423916	-.2650050312677975
-.736834953522116	.8896634038986596	-.3301724377713666	.3310339468459319	.04019137152860122
0	.554006351850394	-.8220194782683159	0	0
0	0	-.8642090042598144	0	0
0	0	0	0	-.509553781493848
0	.3525910697653973	0	-.2695710833596718	.8574173822161614
0	.5876520562322864	0	0	-1.3091494712699725
1.0723400259126776	1.855384593756824	0	.5007604506146497	-.9121806366262893
.8274965759397929	2.049544793232897	0	0	0
0	1.3905000745556284	-2.3574668042571854	1.9722063429886743	2.819691097962304
0	1.121394855121633	-3.2907740318601206	2.700045628428377	3.005251992623661
3.0353004765638674	2.495913118771988	-2.007276876632476	-.1522940993743945	.9147864829339631
2.975917893005696	.2603409483656802	-3.1571800950872495	-.04372539286635141	-.8169190385566216
0	.6081175244992303	-.9695418677424156	.7460736043688446	-.4643787294011263
0	1.0529592988867855	0	.49404662599526084	-.19020893975195252
0	0	.16489381523854263	.309885324610383	.17423675929595417
1.1964549599574956	0	1.372891733834028	0	2.111841616104059
-.7203674390069721	-.7979617185163905	1.0277936634296796	2.1052347818558768	1.1952005661382437
.3291190728502708	-.47772636714784616	-.4023792654895103	1.7448511740423984	.2236412701433157
0	0	-.4285410236474024	.5429326757408616	0
0	0	0	0	0
.9502739669678534	0	-.6927653634546493	1.7720492288684906	0
.1104951754523501	-.4677243296516826	-.7738380549582187	0	.13297555237002134
1.1480710930449285	0	0	-.10112040900998016	-.29489591858235065
.792718060967923	.9261581911896072	0	1.7216193462507108	-1.4618220226877068
-.36377308531252717	-.8890467141364158	0	1.3379502843051352	-.25733279207091153
.2451404052868636	.047394851664051496	-.36536785717218906	0	-.3035599620633549
.2682393214154313	-.2635581007537854	0	-.7959119907222549	.8930022443462702
0	-.41877745651716064	-.06834881555362712	0	-.4506247864919935
0	0	0	1.089713367701923	-.7054069483806223
0	0	0	.6354786670237066	0
0	0	0	0	.07490684705514616
1.0912842841759762	0	-.40316290383603415	-.21528374308734088	0
0	0	.9653159130520286	0	0
0	0	0	0	0
.30361433591024484	0	-.5671697547003202	0	0
-.6294468807469482	0	.7147398892747842	.35395161191970304	0
0	-1.3786326768433492	0	.5721087927699169	0
0	0	0	0	0
0	-.29089018545230916	0	-.1151999802843385	0
.0704480970660345	0	-.14748016299857503	.38837096492702583	-.9072048822590525
1.2982531600293021	.4648616833944177	-.6274670733326919	.9325253713192825	0
1.712128013988011	1.0127863938116977	-1.2120047321831977	-.531028052595726	-.8534412862198532
1.747746586999294	0	-1.2245556566812144	.22605460025631097	.38618550717977856
0	.7076106674992109	.3315592367689212	.416416830092031	.14013709731556223
0	.24581693012457534	-.07153329044106346	.33657793450307616	0
0	0	-.33204164560341703	1.0057019839732093	0
0	0	0	0	-1.261158754545689
0	0	0	0	1.2789828734289717
0	.42434277507698415	.01679110789906868	0	0
0	0	-.8510828347366737	1.395407484924262	1.578619012831381
0	0	0	0	0
0	0	0	1.4144383245026662	-.05195313199346468
0	0	.40264088919873287	0	0
.1631855965132834	0	0	-.17208591103874155	0
0	.9372896382196889	-.038749772723739306	0	0
0	.694682502613259	0	0	0
0	0	0	0	0
.22279925399977518	.6290230690087539	-.22694984244601152	-.6789570532973431	0
0	-.37794198814514934	-1.0477528187588416	.9505156575072609	0
.12130332604076172	0	0	.48795689058620995	-.23630785479927366
0	.00970698347329002	0	0	0
-.8620426292085686	-.23424643644829257	0	0	-.10222997907129455
0	0	-1.2253376722838332	0	0
0	0	0	-.012715041582061909	0
0	0	0	0	0
0	0	0	0	0
0	0	.8876082483759852	0	0
-.168067520167485	0	0	.48731283443826146	.3793073166330231
0	0	0	0	0
-.11828474943968255	-.023644195514846297	0	0	0
0	0	0	0	0
-.22386302815906525	-.4207037240136561	.045448547120036015	-.42881530508510557	-.6706776133317737
.10261732479592611	0	-.2885433448648743	0	-.4751177984931798
0	-.6915432265413769	-1.124078644668589	0	0
.1556965809049343	-.39531925951928887	.4292694210182864	0	.7977621638227519
0	0	0	0	-.08998442950862978
-.5870459030506285	.30673712543425224	0	0	.46980978316834343
1.8492484820017054	0	.580252648865941	-1.5947011796295376	0
.1642266193110276	-.07811121260069125	.0445021249159402	-.16301509138477538	.2400318093344852
0	-.518633814110371	.21942960393654998	0	-.6657423332980827
.5112727331434632	0	0	0	-.9103334687196171
0	-.11932336043696266	0	-.782661510375832	.8995910502434508
0	-.22312972910979917	.0356646171397666	0	-.4251525057161835
0	0	.45432844687453394	0	-.6744946389318663
1.03431606583439	.4792316392581288	0	0	1.083415341553303
0	0	0	0	0
0	0	.15273178667593804	0	0
0	0	-.14934602408922704	0	-.3477755619389368
0	0	0	0	0
.2768168034751017	0	0	0	0
0	.39654307910187664	0	0	0
.3506841213456311	.2177057057592409	0	0	.04249251036789462
0	.6383756883910492	0	0	0
0	-.028640684004803643	0	-.8157777811859841	0
.11411396090536029	.8210487991660251	0	-.7173781794171857	0
.7128541105442251	0	-.3401878344693272	.45934810496134304	-.210245385345754
0	-.8501690233351057	-.6430102726480362	0	-1.7059858333473836
0	.5802206579282683	-.3374569626896694	0	-1.385280859110503
-.19156223215627488	1.1460901916680584	-.33215882673414654	1.2113538441377827	-.0019006145388691387
.8621939298317187	0	.2904902883865179	0	-.2612132759626318
0	.08339316962253729	-.317820158608452	0	0
0	0	0	0	0
0	.6275248152033067	.4641331649395914	0	.38642157911048136
0	0	0	0	0
0	.5170711487587774	.26371025338430243	0	0
0	0	0	0	-.46175500126433566
.7481812791195408	0	-.2862772633952879	-.17644381830386796	0
.11820275833909527	0	-.5875987245543668	0	.9478189176472873
1.1459889211681573	.6779898990850366	.40969452749220164	.20175976897485842	1.255547046466073
.51040499861887	-.4520192506728392	-.5305647005837496	.8391082011237623	-.9865988420034384
0	.6640508650148383	0	.1881289279659581	.18834722350638244
0	0	0	0	0
-.5363906832908252	.004050824579293094	-.17496810619379266	-.14123833881898806	.22389136536134085
0	-.31156256187187603	0	0	0
0	0	0	0	0
0	0	0	0	0
0	0	.6024648328240694	0	-.005393323590014654
.7239220096275787	.5044021385692302	-.4339527000053145	.44730314441782654	-1.0195159164221828
0	0	0	0	0
0	0	0	-.030191070149457433	0
-.4550849429432661	0	-.6543191982031796	-.5984193737818628	-.8956164030554601
.15333305598568747	.01382693585049613	-1.5750180339890547	0	.30342542148021007
.1889168558450155	0	-1.3722146108893791	.217353623275796	.05938381226909631
0	0	-.4156582037444412	.2514815234097592	.1531036975137891
0	1.016276580590498	0	-.7378940900962369	.5499735223728934
0	.9185683308795094	0	0	0
.6796110007833848	.31339560033079417	0	0	-.043542306519825075
.41419287262348375	-1.1373979698576875	-.5380398466263955	.32697376958527125	.6046512021654601
0	1.2972638898486284	.6081093935652684	1.6505100696620267	0
0	0	0	0	0
0	-.011151930199363558	0	-1.2112050749894014	0
0	0	0	.3316268702623466	0
.3744323520530975	0	0	.24680787710515906	0
.9816765691214271	0	0	0	0
0	0	0	0	0
0	.577432214709384	0	-.4837330675016377	0
0	0	0	0	.3758224570228915
0	0	0	0	.3026254126995128
1.111700397205419	0	0	0	0
0	0	0	0	0
0	0	0	0	0
0	.3424397886865913	0	0	0
0	0	0	0	0
0	.49465021763034056	-.6263117528551058	0	0
1.2871310513202041	0	1.060360729897181	-4.654974861569505	0
0	0	0	0	-.9959560318483075
0	0	0	0	0
0	0	0	0	0
0	0	0	0	0
0	0	-.441033041729061	-1.0167917987689923	0
.5781533212705552	0	-1.094062491319126	.8373087506723085	-.573811491886354
0	0	0	0	0
0	0	0	0	0
0	0	0	0	0
0	1.167694467990953	0	-.05897134640169588	0
.844690067924815	0	0	0	.8736701769987759
0	-.9341848166067931	0	.38976561806290855	-1.2687033346036092
1.3859704110465267	.6287052789886121	.5975322454026392	-.23338218906691832	-.07350599786541279
2.413498999245143	0	-.30921799949489454	0	-1.595897867345436
2.022217364886477	1.8164381189128025	.04040159296493323	1.8280809543772556	0
1.657733932124958	.8519884775294948	.4053273682747711	.9669531924930606	-.33242092223615827
3.3672527343681256	2.3734454581812154	1.5267860655767544	0	0
2.5859352329525795	2.6832557451251637	1.1216092378656697	3.439762006928443	0
1.9237514314999307	2.251255385652229	-.22483156277934035	2.78680106361191	-.281079668927511
2.2294576396735977	2.686377325948916	.17471413083340281	2.176511518027474	0
1.5772396201719818	2.91626529056292	0	2.8156865265600985	-.5458747535211423
2.331484230761155	2.520250297030491	0	1.6924335824222403	-1.2455830405423916
2.6038818686522323	1.9075487058753409	0	.9102127589710378	-.5468867119261231
2.905696827583866	1.4895543562226168	0	3.0636298781152074	0
3.1095230719664566	1.628896915382479	0	0	-.9966508649865526
3.282950789018847	1.710240716960554	.3132431768380871	0	-.7002729955703588
3.0701888138023548	1.5804952379488295	0	0	0
2.7885522586178566	2.518456412933232	0	0	0
1.3942241908179596	3.067415116687953	0	.9063580225462702	0
3.7990583062421077	2.1032257153240033	0	0	0
2.211249533640004	2.6755759400252996	.6243175128655915	.94818577958632	-.38509411403064403
2.474112486319864	1.759240728578529	-.5211689337151189	1.9035025277170554	0
1.8168700350725449	1.9385176150261125	0	0	-4891540882501211e-20
1.3602174700517033	2.377167501398588	0	.9841281157320723	.6410732226137904
2.1121152708359645	2.8694445780457007	0	2.49258736596144	-.05733974072238959
.6956260728255047	2.4726549823615525	0	2.771092933507055	-.35000507957425514
1.7422795352383156	2.047945755116002	.3512721061663541	1.2394456163075622	-1.739079053475268
2.921321495270093	2.7457819182135084	.21241018474198234	1.3034335015517682	0
2.475041305811543	1.2609290918857772	0	1.0896391222095807	.05889838472590435
3.3789902815004496	1.5187573069040698	0	0	-.5195841833114233
2.3274122069944547	1.3245793558186034	0	0	-.3732631305953894
2.151337361325088	2.7710185540470205	-.06046820473652745	2.3784293487510553	0
2.0015049264584905	2.3020641068176024	0	2.265485002310948	.7377691523844592
.7658785499738918	2.6189319594924734	0	4.923302042529542	-.47506831367282665
.2109264095032326	2.7117199516066472	.18101133841868697	2.6178688314967413	0
.7723771986583494	4.821758586673593	0	0	0
1.1055884799248932	4.5435696659162	0	0	0
1.993196376858196	5.275612467788607	0	0	0
2.187301039491629	5.409949692932728	0	0	0
2.95222425668829	4.246739740422804	0	0	0
2.6940568013796296	3.4681873730057773	0	0	0
2.089659537437526	3.229385804577875	0	0	-1.0721703859261478
3.1001424597533576	2.93467804533639	0	0	0
2.096817628640301	3.4800391995998856	0	0	-.8497956676669635
1.8279755649827716	3.8618882690425567	0	-1.2075892710068652	.23172426152021997
.6820019095095569	2.3223273281542833	-1.3651797482242065	2.350132151734933	.37105266790217006
-.18301845781217804	1.2492510546332536	-2.2626609162426154	.894484625261809	.24645882839636202
0	.8465763216558185	-1.4902104622275214	-1.7968854438527702	-1.4619894566717435
-.26416670487325294	1.9001040848605664	-1.0169734675719249	.10915545313654518	-.8712439709518363
0	3.5810174747210737	0	0	0
0	3.2262709396853038	0	-2.0670691682481035	0
-.7200439893455515	2.0252804072678696	0	-2.2173269554321617	0
-.2438907574567617	2.10981283023245	0	0	0
-.553467114807731	1.303508783875362	0	-.5538628193619708	-1.0708486260281713
0	1.4046239866565533	-.3940726103878267	0	-1.232745948152388
0	.4954651537471725	0	0	0
0	0	0	0	0
0	.6690507275787598	.10718076329370696	-.23934247418715393	0
-.4369166564944706	0	.6146533177409887	-1.7052283064592957	1.2153380033767955
-1.5587289321459927	0	0	0	0
.7789588298895199	.43448905523626224	.3617583706712666	-.7996043499222769	0
0	.4487640475885964	0	0	0
.3107068100725261	-.06677644427366117	-.9197223215881718	.9682692890387063	0
-.353689296223357	0	-1.1858296872048442	-.4366749909692299	.2538419699208561
0	.5082556002271097	0	0	-.7254781939506496
-.11917004245510018	.2796998776125961	0	-.22721839071284078	0
0	0	.14507604495268783	0	0
0	0	0	0	0
-.5794614307623568	0	0	.07138938881306356	0
0	-.7295432728205933	-.7455656914822015	-.5329534564971283	0
0	0	0	0	0
.9261773911550364	0	-.008289383478638085	-.7146417143968701	0
0	0	0	-.24167227313421233	0
0	0	0	0	0
0	0	0	0	0
0	.0479417065147402	0	0	-.11540059410940982
0	-.17207077808128196	0	0	-.20419169754011673
0	0	0	0	.9261762698093576
.8987947567834265	0	.4883573801594441	.5037441162016356	-.6789017102601939
0	-.29113690845133566	0	-.27682091986643814	-1.1093405953985638
0	0	0	0	0
0	.37507267749796475	0	0	-.06854565718149011
0	-.14515572163640936	.4131792778964283	0	-.3608578737403218
0	0	0	0	.4449130781449896
0	0	.2686562736605898	0	0
0	0	-.23955432678610453	0	-.20215181753822417
0	0	.807725353549437	-1.9568618389328427	0
0	-.3103678193268609	-.5726441500795617	.13357588033108284	0
0	-1.1590001319146366	0	0	0
0	0	0	0	0
0	0	0	0	-.4580580037892086
0	0	0	0	0
0	0	0	.47509252598272084	.5617128680914855
0	0	-.46680812254970694	.41974743336202003	.13989010471549576
0	0	0	.4828968031768847	-.48454462558757494
-.1581626150879899	-.22934447206709882	-.6810559648270242	.08720773377098393	.5607027579577634
-.1455781718166897	-.31558358119569346	-.2904371261119234	.7674470733051756	.32852964776333016
0	0	0	0	-1.2930598376052962
0	0	0	0	.9908911480112985
0	0	0	0	0
-.31645053395551115	0	0	-.2509449048043132	-.22369440842244293
0	0	0	0	0
0	0	0	0	-1.5341455127287698
0	.314732263599746	0	1.4371986944120683	0
.6902623761912808	0	0	.1416174562000803	0
1.7698423103483854	0	-.22388070247436614	0	0
.19121680990271017	0	0	0	-.21239127890965637
0	0	0	0	0
.3234771109450765	0	1.0573130816675964	0	0
-1.9661060309110572	.50134575032907	1.1599569925187176	-.05482100571315329	-.32010561361854295
-.6237009559496192	1.2095334323822005	0	.5800474308479584	.18354620284728518
0	0	-.6072168297817613	0	-.12180157418278093
