x1	x2	x3	x4	x5
1.8693554943099087	0	-.9893718779005374	0	0
.9308144145677781	-2.904431766543823	0	.24574708014331997	.4797529159483429
0	-3.0881213349407703	0	1.922727490669285	.9485741515526792
.6893142419309433	-.9398948513312925	0	.005827992189462672	1.6592153717699174
1.03823500841895	0	1.2959454778979895	0	1.9472379939742888
-.23074796169674094	-.09823825858973206	.30590850844686795	1.9218268364080209	1.1399447221903474
1.3770239134676534	-1.2821690332348274	.2788764464974045	1.0597106566972496	0
-.0703847075921129	-.5174678861890104	.9445559659671556	-.11521663708787477	.1270139138649049
0	-.7593926489569243	1.7380756928518382	0	2.067020862703681
-.6197371372674711	0	.16801474748651857	0	-.003064203252478248
-.5061801882577909	0	0	.11838469967847659	1.0099468144511294
-.5055345454056606	0	0	0	.8199586517437394
0	.1615354137863286	0	0	0
-.6079601729899957	0	0	0	0
0	0	0	0	0
.1903985406202946	.43686327742900605	-.2585583730599522	0	-.14628593667946282
0	0	-1.7095550523143388	0	0
.013793605040356895	0	0	1.0247044778776746	-.8590064320171636
0	0	-.07489271246500859	1.0909780159882223	0
.7833996032822949	0	-.02068144877336564	-.220717843332429	.4598212646311628
0	0	-1.1978433516627567	-1.43501760257921	0
0	0	-.9612967386994088	.16826649050122364	.3112854223437329
0	0	-1.9609517307760023	-.24990617211800994	-.3717829783937313
0	.06094688660124948	-.6743654027248243	0	0
.5653622199559671	.346732668998331	0	-.3409978002958764	0
.4065414587425439	0	.16793688674641355	-.5065497486454922	0
0	-.16766013365411997	0	0	.6961293758182041
0	0	0	.09457903724237696	-1.4582502534279702
-.47222539117928347	0	0	.06611903138796851	.9208513888132516
-.13526701010130035	0	0	.8456874298369729	.5865822514927661
0	0	0	0	0
0	0	-.8623745134492642	1.0160808759971067	-.19763531129193057
.4989362189470136	.45899148621491087	.8971286986521948	0	1.1493334717127424
0	.3666665335673587	0	0	0
0	0	0	0	0
0	0	0	.754221577041088	0
.051895311327907534	0	-.3853713034486182	.6064447936027917	0
0	0	-.3837527927578036	1.06126270708474	0
0	-.36109261852768926	0	-.9952652952261608	.2236609549687797
.12060647132936075	-.33151223873396585	.12646721680735187	-1.1576148576414969	.8605992981193612
0	-.01457807776265646	.2843715908294147	0	0
0	0	0	0	0
.5913819634713213	0	0	0	0
.5274619542524663	0	0	0	0
-.765404709549943	-.14761002965653675	1.2206840147600957	0	0
-.6919671933708378	1.3603363682268288	.6869769620700191	0	0
0	1.6969385215763488	.8457846538443781	0	0
.9117577800320884	.42618003230835644	-.4200831457431886	0	-.029557056324744313
1.4260701019086173	1.50011825772996	.38343922387607043	-.06870053134351162	.6018633952098515
2.273833283804626	2.4299076970405586	1.5573281795446101	0	.7753545177581485
1.8817007913681765	3.7635154156424178	.9057310611893207	1.1178590763493161	1.1773642857878805
.5633158631537734	2.2901796541995676	.023606174486681494	.8000085486169783	1.164818532463143
3.005937239211919	3.745198329180198	.008494020781456002	-.25175842836405926	2.3672324171982724
2.68271424090933	3.7961336664104337	0	.31362403982240344	1.7086439182783102
3.023929643206567	2.2333377462059696	0	0	0
4.876924869076611	1.7313673304947588	0	-1.8294440117170376	0
3.0721434081559065	2.383074340628638	0	-1.7577243183217168	0
2.740325102391451	2.4214471176899846	0	0	-1.5423617125203606
1.9647330886718208	1.9651212771418551	0	0	0
2.8162725655356597	2.285807196483178	0	1.4002565597535808	0
3.7077991123471286	2.1766550973174663	.5505977815862091	.26636406917589855	0
2.389209906985109	3.0472790158213154	0	-.5470236566914389	0
1.7412530353692297	2.4123310395721567	0	.2002211346987998	-1.482784643156658
2.3446428785631332	2.501626272684315	0	0	-.5066387235981684
2.817690353546472	.8549665590266928	.9326026463012568	1.0556857860292093	-3.9278647467856356
2.216197092311497	1.0537714566378709	1.354554804405904	1.1780135905750349	-2.182843290728082
1.2333294323376165	2.003230728704094	2.077933388266766	1.982422999951115	-3.274044942551613
-.25222829519705864	3.8846118104840888	4.363318600341957	1.9529864460736466	-3.0546198678100196
0	5.100607404259839	4.384113893350035	5.451253089070181	-2.8167873137739528
0	5.52475333641173	4.742433516080148	3.463797037898772	-.9161067461302316
.19415246836645716	4.6786864607860785	3.6102909751723984	3.171925249350637	-1.4497082559327557
0	4.307602295647376	2.9457663990928404	3.8126568556914395	-1.6583331634787675
-.20709293815195812	4.987859704303444	4.148695757376828	3.447050284195529	-1.5223544805480569
0	5.22317563732266	4.559184272147515	4.983696810485884	0
0	4.551458882263153	2.9212788905999076	6.333211286539086	0
0	4.24094277212072	2.052226147774606	3.4592507553225764	0
0	4.0630012610197435	1.7079390545627502	3.1016636900670673	0
1.0034128127379807	2.476169386008402	.4680151455412436	3.3061597694369986	-.23669013982618226
1.7357935419734258	1.9601956966900225	.11076210405436443	2.606010172350397	-.06409705453806784
2.069903678191062	1.3542126213044843	-.9585064090940938	1.6993380113703478	-1.8919341845844433
1.7379730680777077	0	-.339792459914415	2.4334624688550095	-4.085418796414562
3.2698461210482828	1.0939050326872126	-.0571105320629664	1.4945810970983373	-1.959664518567427
2.4301717665883857	2.5868858327408657	.21622590004162123	0	-.23246218170666735
2.1441272735153163	2.392879759039256	-.11421125289225217	.9070115911370159	1.5676895740402566
1.8807633637343286	1.8833329435965203	0	-.4404259234929386	-.9417976710330385
1.3921029049386142	2.1559119278757333	-.3330044063743102	-1.0991236826487807	-.693743614862218
1.2407324243488165	2.334927266353476	0	-.3581711254170744	0
1.2545943021997366	3.096031195796086	-.1515366019268578	0	1.2285240322717248
1.4985028101498254	4.038089177720149	-.19365682218100366	1.8434416067382027	-.0462214741741226
3.3218599119603627	3.3000201252080523	-.3216046241467089	-1.3511441050349362	0
3.2248842319782227	4.105752305633526	-1.3209410168550977	-2.7985157973304586	.6329730119157271
3.338909962387923	3.2411351651417712	-1.392463134129788	-1.1608859777167766	0
2.4185021710488193	3.0556904808441847	-1.3623425119840729	0	0
1.5943543939126583	4.551490602331427	-.45750459038115693	0	0
2.2409472714478857	2.414393468101909	-.28114076633902263	.7130106442004485	-2.1287985181799964
.7727505251521982	2.397907414664864	-.3391505266727234	1.1002773548323987	-2.5985157917618187
2.550064265427201	2.6547994084671975	.271271234940305	-.9513421872816474	-.5421601182856155
2.148293123937047	3.6192792692776994	-.9528234773243283	1.1341342947505688	-.1067228420378386
2.7527703259345464	3.6513660279206475	0	0	0
1.4649431339970724	2.679587949424442	-1.5739856088331305	.9255420179088741	-1.1634929349613572
0	1.0196051951379457	0	0	-1.6616216582172352
.28954462240707257	.46848259440185325	-.5282505654915467	.16200571492324548	-.1170731751186358
.30337652385636577	.350993939795826	-.08338591254280242	-1.11951350734517	-.17669672895399113
-.5103320351081683	0	0	.9619512809249504	.050359171870844766
0	.6063738489903325	0	-.3312779342624449	0
1.0528041461173179	2.1015589071944634	0	-.3887003594042131	0
-.04345687839549196	2.789420881038706	0	0	-.8008556449699286
.6403370431279726	4.412014272317178	0	2.532380719790069	-.14335428989536236
0	3.6264694288594717	0	1.1662486011756596	1.172908695262918
.25932193354025845	3.324052130419558	-.4476167954369543	.7919569464942472	.15382182589645899
0	3.76185721502444	.9741383997498677	2.7871049723666967	0
.31024230607206377	2.2344362317449527	-.3712460939771001	.9825317311560158	-.2717186050608652
0	1.2260814560253803	0	-.5760275320137105	-.6232809741428612
-1.4288998634696621	-.5023362822989874	-1.6686900907308422	.27667428924924714	-.0368147481811279
-1.902601586684416	0	-.7624078206064678	1.1621021488686707	-1.602979563715191
0	0	-.8490913917296155	0	0
0	0	-.7008045125578444	0	0
0	0	0	0	0
0	0	.3895676514951493	0	0
0	-1.996177950019758	.19796893089992845	-.3408976120288282	0
-1.5707792072890312	-.37967037553878114	.6912825134740676	.4010731544897139	-.7975946385866494
.4973083444399927	.21409088320044956	-.333416929722244	0	0
0	0	0	.7298185829877368	0
0	0	0	0	1.4278723283388353
1.543278338261134	0	0	0	0
1.5429674607826376	0	-.11777888512226053	-1.1672511697488375	-.08149558383457345
0	0	0	.33991852770946895	0
1.0185016333647365	-.21266629706972384	-1.0427532753672069	-.8512841877436319	.3315921809106608
-.5628763899804762	.038471987633753195	.08580831987263526	-1.0399474580934072	-1.009759843552159
-.8507393418501784	-.32157527312899087	-1.3052298055536364	-.05731965879506984	.3686190318593189
.539693136955409	0	-.022841299886597777	-.6976403219022248	.1116974355848236
.8418893876919549	.9741567318172841	0	-1.4877429469581736	0
-.11222951979150592	0	0	0	0
0	0	0	0	0
-.9770524716144532	0	-.42455607774378745	.935790104842601	.14678498441978022
0	0	-.6489568521178184	.7856960924785809	-1.1528673105371958
0	0	0	.4011126701782605	0
1.01980271467802	0	0	0	0
.39281622099956126	0	0	.13085686842976857	.6286412850739922
0	0	-.6341663742364712	0	.8787223104558848
-.5308346634526812	-1.015942437361928	-.2835230206243704	-.3182670106993518	.6256699616501961
0	-.8093266446571551	.14209955312095665	0	.8878822918050343
0	-.915761592395238	0	.6827698858320913	.7434973160688909
0	-1.4652171169641992	.10976411270054047	.0739286672554319	0
.34529686844147306	0	0	.18599532832393503	-.405739799802764
0	.6180046008089207	.25663360246918965	0	0
0	0	0	0	0
0	0	0	0	0
1.0899208339163688	0	0	0	-.34207813030252154
1.04169612985055	-1.546400756956637	2.4077135310403213	0	-.8770818194808258
0	0	1.7831908272859647	0	0
0	0	1.0569783560518073	0	0
-.7262726773654381	-.11702959121499742	.4783793762315348	-.14043801679442014	.5644815461161176
.9070409206066933	-.21109654789593937	-.6509089090454678	.2952780358926874	.9393667046549601
0	0	0	0	0
0	0	0	0	0
-.31355402225843115	0	0	0	0
1.4109260946028144	1.1974341734954048	.4665429878655246	.20450082060214814	0
2.8735715197896825	2.2023481892187955	-.2314009762209728	.36139271641768095	.6534535427075331
3.0917395446444154	2.0467924721687116	-1.1825410239846166	.3774190120673303	-.29208827439102136
2.8143926312871397	2.4994130885620955	-.6186089876370037	.5148958695647651	-.5227135937867471
2.390604007979697	2.546651800828774	.9356162185659389	-.09094781981003797	-3.124216212245427
1.6055649392303388	2.8952535171826725	0	1.6495879933175999	0
0	3.951638489228886	0	3.575764641117889	0
0	4.323054385949403	0	4.035135371798007	0
0	3.967955659499114	0	3.866308577821341	0
.8524475297845068	2.8450770370506087	-.08922935275872915	3.298495787981625	0
0	2.7014336471413283	0	1.570152306566535	-.5308952395118888
.000860314848952326	2.9790296511796734	1.234478276154738	1.7018916599742302	-2.0277155125223914
0	2.307394732866623	.18644383764357791	2.887280655302605	-1.7291162647785674
0	2.191299184302113	0	1.3955332003866427	-1.4522900886266947
2.2374684061895262	2.830722843600309	0	0	0
0	2.419502944214984	0	0	-1.0563471939349232
.6534610801647387	2.0350351888920017	-.19188357153920937	.15318841033377806	-.3718412521617446
2.3375840975242	2.322151338582659	-.3411229582757538	.3350966846956287	0
2.0780671853814416	2.6144583434448583	0	1.8384362727249424	0
0	2.084472867148359	0	2.2875598809912634	0
0	1.9148915646072697	0	3.3929259862028434	-3.7947002117492468
0	1.8928427081833081	0	1.5681607177685044	-.7433585479222502
-1.4771532140793733	2.0225945578770923	0	0	0
0	2.1914990888951422	.38979618290475976	.04023079303574975	-.0470159243808177
-.23293286968343646	2.253703862644169	.4034747333880647	-.5527556265307936	-.3844313842017295
-1.6193992114538696	2.124839800150851	-.9549207187848046	1.299275068929321	-.49387870382005733
-.8169679509528114	1.4190424262202308	-.7820767242858122	-1.1338866630876636	-.3698878707428518
-.8796441666893131	.9225137955640238	0	-.6524556850828955	.03749162860779509
.2597195159080396	0	-.7229733232225062	0	.1774722167709512
.04816530324377165	0	-.8710784307174069	0	.1002574657855369
-.66620751229093	-.6898076425476435	-.9871041609363507	-.1599281516453507	0
-.14267787906247711	.7137874114244437	0	-1.069052508476472	0
0	0	0	0	-1.9663858031911103
-.12730608851229008	0	-.3273072808896333	0	-.8634484725332356
-.23692732699229785	0	0	.015082584177116963	0
0	0	0	0	0
0	.8777463496909124	.9526001716220268	-.025906239398192754	-1.094994295052683
-.9096979108197298	.8277263617505937	0	0	-.042578397655982286
.5256474890025886	.7519628699327481	0	-.7860103149061473	0
.8599095525043247	.5254370293241429	.20450141520907603	.40081583981842084	-.6198354657040194
.9375841557759406	.08700652485305471	0	-.8577444657805033	0
.3463966247707861	-.2953886577367924	-.13906573784735624	-.4876710337013812	.8035961676146954
0	0	0	0	0
0	0	0	.8196999594667462	0
.542697298698527	0	0	0	0
1.3827140679039838	1.0962757493106488	0	0	1.2846664611613343
0	0	-.008212945003062966	0	0
.6022480858781964	0	.13871250045169076	0	0
.17290316069630784	-.886733927631594	-.19652298261962578	0	.34580337116545234
1.2681265480614794	-.6004860113899843	0	0	0
.6776289276490415	0	.3528550037475738	.5849099747294334	0
0	0	0	0	0
.9145338587516827	.38138023203308485	.8629950449453394	0	-.5068357186972706
0	0	0	0	0
0	0	0	-.9153325242411134	0
0	0	0	0	0
0	-.7819692857078809	-.7668742549037095	.08534931917915677	-3.5456060838157013
.5689925264555431	-.9191080702593344	-.4467093899940417	-.32771019672059926	-3.325331387309312
0	-1.4730894017873835	0	-.3343943394026551	-1.1745214511171742
.7792355925066548	.035555579660487946	-.04853846756013454	-.4282831021295609	.17609715718944752
-.2305996732626252	.3232674642044166	-.19833668078459163	0	0
.13668649060876065	0	0	.3086142035289634	.5972446133555145
.14438483878277572	.37720127916012136	-1.0592174397028682	-.7086072267484058	0
.6127817783814105	0	-1.4637965532406123	0	0
1.535489299834631	.9695269317302995	-1.6818166368171523	-.021452172332787678	0
1.0044595702415804	1.2135394664485772	-1.1299011352115438	0	0
0	.721643759417137	-1.0676782875145197	.6865823238436672	.5698705101135868
0	.8298720368096365	0	-.1868280485948462	-.5227975077353157
-.9008163555709279	0	-1.5533919654866413	.30854368735756027	.9385436363870165
-.33574889447979256	-.15422028651235914	0	-.34838446027272496	.20891794798589888
0	0	0	.25549636563516476	0
0	0	.4831056711270567	0	0
0	0	0	.7116838364159291	-1.2507176471113794
0	0	0	0	1.2706439690944642
.44119328202739433	0	0	0	-.711025236908029
1.8871050244687138	0	.97083540059093	0	-1.3321884072618855
1.549568920669252	0	-.2077969384797843	-1.5933538561637892	.07755105838531054
0	.05979667136406238	0	.658485413339398	-1.2132977523689967
-.6181573784426924	0	0	-2.123676071691013	0
0	0	-.8050929326839085	-2.306007659572386	0
0	0	.1858343882469854	.3263773392483831	-.9698219528789476
.2589690153929719	.06399956711462007	-.6164967932849286	.5699217587352967	0
0	0	0	.058060301091520106	0
0	0	-.6560324625208435	0	0
0	0	.28069197152110614	-.7572411541614448	-.13682248928853677
.13703277446105194	-.383568214390936	0	.6378614710470323	.5319005379586934
0	.9028438869072737	0	0	-.5481941146316989
0	0	0	0	0
0	0	0	.30319038515033736	0
0	0	.4878501159740208	0	.9819499813965995
.2723284909011927	0	.3448019741710716	0	.8062993040654424
.6180627852465645	0	0	0	-.03921320463217172
-.7374483332975977	0	0	.4594523471005551	.0748876016078717
0	0	0	0	0
0	.5921068146212407	.14515469598396688	0	.5793237012995598
.3334025128952549	.5135577701778439	-.29379784467869713	-.39882951074981265	.178250334170999
-1.1500440280467565	0	-.46818326807020993	0	0
-.45784194670938066	0	0	0	0
0	0	0	0	0
-.18472991902150973	0	0	0	-.5587101591011364
0	0	0	0	0
-1.7675116676318288	0	0	1.01052697829251	0
0	-.865483599063882	0	0	0
0	0	0	0	0
0	0	0	0	0
0	0	0	-.6002802746889306	0
1.3166311354162996	1.4921006539538892	0	-.14797438026845616	0
1.7224688772427081	-.4631739564700233	.16341549585958468	-.2215304420891589	-3.238458479526823
2.401529114305128	.5578202282869009	.364174160071965	0	-1.8552324273100704
1.88409534281208	.8669104128229136	-.05072830027855302	.7036373504365271	0
0	-.14445764055443017	-.8353501984587348	0	-.28561359724881
.16179300777275352	.6732160152297638	0	0	.11321210940894691
1.0045943056396698	0	0	0	0
.5862410824500643	0	.1851127633808961	0	0
0	0	0	-1.7195498964709433	.05942379445893042
0	0	0	0	0
0	0	0	0	0
-.25662271691737615	-.5872902143333052	.387444105328491	0	-.7539253534544572
0	0	0	0	-1.1255612730594275
0	0	0	0	0
0	.47961645755294036	0	.5034349807482573	0
.7009670228607623	.9017373002210506	-.379502444671842	.2691409464972617	0
.397906128604762	-.15688460492356224	0	0	0
0	.14652222746862778	.5904747508249327	-.20767595245681533	.48579397839707517
0	0	0	0	0
.00480242490338989	.38837960192435883	-.3874389960256352	0	0
0	0	0	0	0
0	-.1651886947137163	0	0	-.41877533173122145
-.1434654641410851	0	0	0	-.013320490821239511
0	0	0	0	0
0	0	0	-.12830964701724443	0
0	0	0	0	0
.17714368950119389	0	-.22146053515610759	-.19850723983593366	-.9068451543928021
0	.8869455582545702	-.6384984819810053	.8249476271803334	.3084073391163285
0	0	0	0	0
0	0	0	-.28772347606788307	0
0	0	-.4789651328011531	-.050117281698901284	0
0	0	0	-.799432338487123	0
.2929112886203599	0	0	-.22675044285590235	0
.17569250182706708	.019215275079617414	0	.4282174307570691	-.6805472482259285
0	1.8236784924141303	0	0	0
0	0	0	0	-.5496140376895117
.13468505593649877	0	0	0	.18129187069689806
-.26739734388341574	0	.11479165859206995	-.7511168558225911	.40683809835460255
0	0	.29828980283900325	0	-.7787836122621047
0	0	0	0	0
0	0	0	0	0
0	0	0	0	0
0	0	0	.9266264629892963	1.0315058290656596
2.0525122612497544	0	0	0	0
2.219584187852547	0	0	0	0
1.405009913109574	0	.4006907804249374	.4421116830723048	.10163416001686482
1.819495384807762	-.14991864940158017	.9569934485643924	.2066790795200895	0
1.5180604557104587	0	.5237238041439476	.16676702154802714	.8815042289095439
0	1.33668533807736	0	.19696917572851286	2.749879968583597
.09410364182924047	1.4896937739613088	.9618343549289419	0	1.438800647072192
1.0810656851399145	.5526526922196622	0	-.29592186095104134	0
-.5957107002563911	-.13156020656004053	-.32374709501666277	0	.19290552623179621
0	-1.8330236675294715	.3968777767137417	0	-2.094733209639234
-.22997553189324244	0	0	0	0
0	0	0	0	0
0	0	0	0	-.22572400075390875
0	0	0	.7057876863575908	0
0	0	.6776433412620172	0	-1.217979939795917
0	0	0	1.2314795479603813	0
.7578760865626071	0	0	0	0
0	0	.23032614892909706	0	-.6838158381214583
.41408118688525886	0	.31800115965869774	0	0
0	0	0	.5258259735100282	0
0	0	0	0	0
.3624029625459477	0	0	0	0
0	.26945013247244287	0	-.5993417801504021	0
0	1.1048230174756992	.2116103035028563	0	.8425767303894951
0	-.588078277333774	.15506487900099808	0	.3227173993062271
0	0	0	0	-.4584564708517097
0	0	0	0	0
0	0	0	-1.0226140257951786	-.49981920911308914
-.2964773907622552	2.2464091116177247	1.7042972385808237	-.4101793889945095	1.206441001486953
0	.7498357381877725	0	-.10412853371136804	0
0	-.21927313995138403	-.5854217903974729	.5424836853706663	-.2109544233275068
1.8633681415017382	2.4268100280822607	-1.0142485411212647	-1.6118325186926565	.09936571236585157
2.8481329035755354	2.28611220741516	-.9239571724929792	0	-.7671314894851314
1.5583261750984139	2.10799257081119	.053615448823392864	.884466718954657	-1.205177731602745
2.7617829801861133	2.5883721618811006	0	.4231324628894157	-.8722542784279491
3.71477859467267	.840547898802632	0	.033057461268200417	-1.3878286001006752
2.916858954671987	1.2966121110685125	0	0	-3.0417353995019134
2.9188305413918023	1.7966810848491606	0	0	-.6903479597154308
2.7256053353104694	2.288777439610594	0	0	0
3.2159380777633606	2.0909905517448624	-.9786097867117571	0	.6076144283670689
2.567017687954069	1.5797898826812502	-.22407777976207793	-.07046144273118338	0
3.12934821951274	2.8146970280832893	0	0	0
3.518483001261133	2.5413421121426323	0	-.19865141790777235	0
5.541089560796359	2.0219952918876145	-2.5656525164956916	-3.3394511584658972	0
3.6595372744234544	1.9789718040683513	-3.740889600626419	-.32040167091421806	1.371211669765658
3.819920548251831	1.3073299491935428	-4.435409733161199	0	1.0683641296157798
3.4528873451360265	1.1583523697193674	-1.9433590990935938	0	0
3.2710928724555237	1.0580976645318867	-2.843428274291293	.47140573371341	0
3.4473673081012968	0	-2.7816477085617484	-.3406818824817769	.9916933197477081
1.5846300196696568	0	-1.042167485004522	-.6744958732496964	1.3600319839528316
2.60795696841291	1.1548269502547575	-1.03816789867472	.8805753832209006	-.48333797823068425
2.463045353863096	2.285603855925835	-.8125646848104079	0	.4706749187284519
2.350503232723181	2.7379332999502255	-.28588428923587705	1.9950536480162333	0
2.4397989833846165	2.6378186199041047	0	-1.0473903627573862	0
3.521440167314505	.9471142641249416	-.9752198091523381	0	-.5969911414034815
3.3338975020962005	1.0117423631270064	-1.9024809227809294	0	0
3.441426836436797	0	-1.177985036474874	0	0
3.2516141645069023	0	-2.227774117613506	0	0
4.017000131106048	0	-1.7711086983563167	0	0
2.714900343145918	.51022363050715	-1.1260512066257151	2.0726672225818743	.5023996475137156
1.994129540374733	.14925453402358915	-1.3910025087447844	1.592428346949082	.6174775411320712
0	-.19521327805275157	-1.067989294774938	1.1500436824639853	1.2038383634366006
1.6007592428878212	0	-.9756566795909531	0	.16497105581916657
1.1427453569372887	2.24222357712216	.5250089957678417	3.7315171429759686	-1.1202518310680452
1.6718113849532414	.9759616462925407	-2.110280304478449	2.175020864148266	.5083394499599891
2.0709270085412768	0	.04877636466672508	.6990769428013304	0
2.814228977736184	0	0	.6609266051537404	0
1.7645214109865828	0	0	0	0
0	0	0	.03438619348701871	.7587915479634929
1.6499359852783657	0	0	-1.4917584528960612	0
1.6105894066122746	0	0	.5961685639775547	-1.7554992514607979
.11766730783427513	0	0	0	0
.6634849063171394	0	-.39151449132525196	0	0
0	0	0	.46989311255148547	-.04847050228661709
0	0	0	0	0
0	0	0	.34973329999988956	0
-.20301680143992734	0	0	0	0
.3598633131146831	-.372781713532594	-.8623069518575315	.0033736461597634222	.16282300055180157
.9309158404172697	0	0	-1.2335551171651071	0
0	0	-.7991506015938948	0	0
.9214402786619496	0	.737353975338896	0	0
1.3435216408781976	1.4501437207015415	.7736978813028662	.6659757979558003	-.6284164959380549
.8153408430314792	-.2076904298515173	.7240259112760776	0	-1.3710924237741877
-.08642687029785928	0	.764088232585285	.3257320343715134	-.2988456551124078
0	0	.20509040556192248	.989898779350896	.24615929864350306
0	0	.5027648960560552	-1.4271339003793009	0
1.6048413256701393	.9242040697184921	.5977600151463638	-2.304464316442225	1.1959644177346709
1.2669036851400568	-.5538118210960824	1.2540188581071192	0	-.3660942906418425
0	-.07607793973730045	0	0	-.10827799334376359
0	0	.08070634005119345	0	.3184109102101917
-.26676269503323774	0	0	-.03362076225174057	-.6343278471906493
-1.2314918068070326	0	-1.0227583459289773	1.2390813918869878	0
0	0	0	0	1.7894462694341478
0	0	-.4763932075512173	1.9422146034705186	1.294044837912604
0	-1.3891567589233054	0	-1.0084685086321137	0
0	-.7176439815651555	0	.6858291652001118	0
.29397999744382314	0	0	0	0
1.2060177838174557	0	0	0	0
1.286706819871923	0	0	0	0
0	0	-.18993358522140846	.22517152339303	-.9986484567078726
0	0	0	-.5382409350350998	0
0	.804147360976734	1.0008425048120195	.7399438060710639	0
.7843305983960919	0	-.3029163420882487	.2096426354147536	.3098081827554391
1.4567342377076375	-.24490927972553173	0	-.12223955826408026	0
1.213110144599177	.44194827553542926	0	.04519914496293309	0
-.5302629153015942	0	0	0	.24390741618539782
1.9960340368965181	0	-1.1243523493720553	0	0
0	0	1.322406018580531	0	-2.269314547080204
0	-.061286774448362696	2.885460534036566	0	-3.015700575746301
.6112041183998812	1.0220347596525532	1.7014387971562557	0	.7624844755728293
0	-.06530678483758628	0	.664270493406271	-.22683867824648912
.7579678063671969	.08690393204390742	-.16855128814185466	.6976106917973606	.2522441305452489
.7050926300600094	.5548100551110219	-.22465728125443002	0	0
.10611701209304006	-.25006217816531867	0	0	0
0	0	0	.47577605882427265	0
.04015186372201592	0	.3475037869560526	-.32827570488209507	-1.2589028920503589
0	.338882855777385	0	0	0
-.01668794491051956	0	0	0	0
.5324521035831482	-.20926227864515445	-.6520707166825233	.2993941260081663	-.9765583021208784
1.6643561259062079	0	0	-1.1361780733867504	-.9895977515860833
0	0	0	0	0
0	0	0	0	0
0	0	0	0	0
0	-.13835028771103197	0	.21482564636768806	0
0	0	-.11126501019251162	0	0
.44837574898354	.08144432108194224	.4358872676455609	0	1.0906207430195205
.8500707945246327	-.07120788811168251	.43586691640032804	0	-.4139419668754963
-.8407516466079528	.6333274170062521	.16147608107046074	-.6561039210686036	0
0	0	0	.07720783911233682	0
.6966448351341324	0	.866049728751288	-1.2355638240171811	0
2.504887637503016	.1598317313945842	2.645262199787818	-.7347279961167106	-.7971732224247035
3.1977271915864063	0	3.2509979747818325	-1.454414666302441	-2.0271123680805854
2.7233940593900083	0	3.175380419639169	1.9554744983915402	0
3.041044082632603	.9351272922194783	2.588944972982148	2.6835765503386475	0
3.925501684533321	.5992918760241271	2.99634386934412	1.995064417444706	-.9568999529201618
3.798053106387062	-.5616501985172875	2.578960450403783	1.3205892111917608	-2.4688540861990704
3.364113976402152	0	1.9277557391241753	-.027948190638119152	-2.4508890667103533
2.988973222450899	1.017475014117974	2.1972846284982754	0	-3.324090612758843
3.3843226386660312	.03328243121909913	1.2782806102121735	.2908011313892388	-3.526658967654077
2.9336992937034623	-1.1205703667263807	.5427387973055416	.820734305088213	-2.4555381243737906
3.126622209551946	.3719178598184196	.3498326856998917	2.188562719280162	-1.4471379732248515
2.915722668598714	.7439642260497688	0	1.6516061255005041	-1.446206936287116
3.852424874923534	.2365492376514498	-1.013241826638477	0	-1.401832375695097
3.594760053860232	1.213080090143022	-1.862784931479715	-.20633972209255985	.963722389593959
4.549411306945884	0	-1.3074342861113433	-1.1863438174064038	0
4.147776425906327	0	-1.4174801870269378	1.7160801912803345	0
3.775315620815595	.19768167519394692	-.5491152689020283	0	0
4.263031062385546	0	-1.422662436011652	.99324063626974	0
3.637132729977507	0	-.6435381699111813	0	-1.9787024216670035
3.024995967435216	0	-.5663146208783303	-.02583703840247442	-1.4864035326396068
4.300130278720412	1.5080425791296	-.025352183528211114	-.4433490423438396	-.8444390636546947
3.9476542828827896	0	0	0	0
1.806565971314564	0	-.7533124328348094	0	0
1.5583697814012751	-.23144217383387428	.282727713713484	1.0924340963863082	0
1.464151734200382	0	-.8767401485693915	.5716091634676858	.9593266211012244
1.9223790121393454	0	0	1.2770511649199805	0
0	0	0	-.26293746163706777	0
-.21001408776493125	0	0	.5191117945021515	0
0	0	0	0	0
.5627201486214011	1.284783447545369	.7719156792765651	.8998024970466978	0
-.4866031996123067	.0169653436774434	0	0	0
1.0093517375647005	.7813247012654057	0	.7683986675602081	0
1.3203185274648677	0	0	1.3335274466827232	0
0	0	0	3.0018974367496742	0
0	0	0	0	0
-.0799076747978964	0	.8342555619357729	-.5169173953758357	1.374790741197849
0	0	0	0	-.8885018789144749
-.6074366711921105	0	-1.2390307834801235	0	0
.36043636009186747	-.4613821020051345	-.34329341925179463	.630125276976488	0
0	1.7660474450399297	0	0	0
0	1.871467479379624	-.977504358554528	0	0
.5503016740221408	1.6308276910553126	-1.4602128560884802	-.19806170375834428	-1.1405975476362307
0	1.3142693272202075	0	0	-.7427167560919483
.5154442012461788	.2615823495572105	-.27349266568568437	-.40533341786071164	-.8051833644379314
0	.9015123384190672	-.3735260895363368	1.3009640042978379	.4400651462729841
0	.4995924595793402	0	0	-.01726658050381139
0	0	-.5999329366338306	.8350375215082316	-.6802974708955442
0	.20331312304848162	.008236203459639066	.31722106726417254	.24152141247580278
.3923594707372662	.14385953726862677	0	0	0
-.5557260944328972	.008540036883736158	-.6320026618351163	0	0
.25206280669549697	0	0	0	0
0	0	0	0	0
0	0	0	0	0
0	0	.0649497981133606	0	0
.4229333569246012	-.4727754964347456	0	-1.4800411775435591	0
-.11560740503454031	0	0	.15136496680440056	.2135867676821466
0	0	0	-.05478110844226316	.09933862009373769
0	0	0	0	0
0	0	0	0	0
1.3808124645691264	0	.5129124550061114	0	-.21112664573845807
.05539427113876563	-1.1573295586820032	0	.16615678448730187	.8216803292750894
0	-1.2289092559574866	.4014976025572692	1.5187461553082644	0
1.6826939056433545	0	-.0030814735773130597	1.4399426888582878	1.0392065072989567
1.3549394427336436	0	.34493086609432033	-.5368239077576501	0
0	0	0	-.22475700695054734	0
0	0	0	0	0
0	0	0	0	0
1.135694772545379	-.043698294213676214	-.8672135289421379	1.317016231628063	.0010696273460719108
.8411432023125547	-.7499775251818506	.29125798662788577	1.6473399799296584	.3622479965658839
2.6633675696930945	0	0	0	.5596611681618109
2.5773396179970325	-.23158025802392024	0	.5535742569405617	0
4.186314181364642	0	-.2693199936243483	.7070303885737441	0
4.273859128754983	0	.31338043187158054	0	0
4.332103607137648	-.21474191697110578	-1.859337680649474	.3090997230096765	0
2.0329050350391658	0	-1.4674555289416342	1.7150714510179093	0
2.829442380125149	-.6901120937647458	-2.411495364572171	3.6692596273037843	0
1.7655367555108217	-.4475647662924357	-2.5651779050985017	4.099929028140378	0
1.874653046383012	-.5406819302079697	-2.396616112193626	4.6685005603386	0
2.208356480373951	-.07684876732958099	-2.5953836233896	1.7109405242918068	0
2.614827798846883	0	-1.0028699290239844	1.0376071244370035	0
3.290415744841545	0	0	3.0133846930026484	0
3.1859674131523006	0	0	2.4938271608989764	0
4.807972469588682	0	0	0	1.2600152812459937
5.126019009841976	-.03348941398013716	0	.12605720635618434	0
5.43396043307319	0	0	0	0
4.775479295720511	.08468269520803673	.6347357625524106	0	0
2.6809489434192093	0	-.5173361563457477	2.8263226503966195	0
4.985672988077603	0	0	0	0
4.123950484420842	0	0	0	0
3.5831873694805925	.6061984253000214	.6485283680311168	.49299780322729775	-2.1609764235459106
2.6216569175091613	0	0	.05307207430408905	-.5954011372896796
4.293421500690265	.9174897239699639	1.0680283862485787	-.6972146333145559	-1.259097818841058
4.786185909850064	0	-.4579733851165345	0	0
4.439697100650853	-.13821432548033163	0	.8061887243031785	0
3.6218346514505653	.4332267673771128	1.8321328876500025	1.1257874158509287	0
2.5729011901527166	0	.9581680355170301	2.2514502039068884	0
3.4159914817500825	.9770825234436968	1.241141603103649	1.8058861807728135	1.3664585015861568
2.9505183828118513	.776833128188778	0	2.428898457392976	1.2181593795861654
4.631054992841771	-.032484363883435036	0	2.65463379208333	1.2867872578968311
3.5390674847086068	0	0	1.0526084032858942	2.3406295733732225
4.121654432283591	.7852111826918475	-.44206152613125826	1.3054781896120196	3.434794033068079
5.120672720884368	0	.3037387989979486	0	0
5.541223480911147	0	0	0	1.9937356155167083
5.319855367754251	0	0	-1.253894939349082	-.17346090277832704
5.12911753258537	0	0	0	0
4.453595740160454	-.6789088409408007	0	.7291395874834768	0
5.28258912952662	-.8856146449168464	-1.3948920636901652	0	.11071714176823955
5.109744483328794	0	-1.2394198547962336	0	0
4.574899272274002	.02933188739396736	.36418550821737705	0	0
5.883645125696532	0	0	0	0
3.6601399114607185	0	0	0	0
4.348236406765306	.6271257508491214	0	0	.6815867754372362
3.3274615392768405	.7003042622052681	-1.4868234772403355	0	-.11756439733142565
4.276655671243799	.020538963370211688	-.8221095846185174	.7134798485501592	0
3.6226216849463935	-.4848458034333177	-1.7457616322935796	0	0
5.4689210555080265	.5041215310746429	-1.5030527793592643	-.9280528103446946	-.14820509591110542
4.148147697721441	0	-.9480787230022139	-.10461224709488745	-2.5885540495020414
2.975428356130214	0	-.7704242068723696	1.0933786472935128	-2.9341485844927058
3.6538508547069473	0	-2.473611846291066	0	0
3.65523507988702	0	-4.490298797442865	0	0
2.988874607169443	0	-2.637019052705062	0	-.8905372999269255
2.1763758147784174	.2996824084562289	-2.228946321143422	1.2492385745633285	-.5466495105072056
2.4961951788978682	.6098898719973878	-2.6362952459304947	.3933323008876242	0
1.9220827307095485	1.6100895938687687	-1.631609082310339	2.4364747747976105	0
3.600437258562437	1.6139842396338144	-.47087584647447883	0	0
3.420517702473779	2.2677837558283542	-.08106906841626821	0	0
4.020070470321178	1.5247640589099667	0	-1.0638266131802487	-2.2985671778576564
3.0621208184462234	1.194831467400626	0	.3483032745084593	-.3025620010770437
3.8456957512797856	1.180179442610637	-.2697525471380271	-.373610658270879	0
1.6666583560786	1.5885645919206548	0	.5794096344334659	-1.159883967023177
2.4465268861249565	1.4452849126016631	.746382744751181	1.3764005341097956	-1.0427275199128085
1.8492769653877494	1.357545339867767	.6846446933011636	1.1864771077400822	0
2.016326133591249	.5264626780576823	0	2.0708230295023102	-.9524765983495597
3.7235400361433104	0	0	1.9898028334988291	-2.365746054100674
2.7407089543664576	.8712883667652038	.2817010576521226	2.230407604474464	0
3.7209663638179937	.6938966738916458	.8795330517960414	2.081507494297304	-2.268465646658667
2.8612167505379458	1.893680808002585	.7823134262757734	1.323674194459775	-.12049990913302472
2.0066835872112794	0	0	1.215143949715336	-.9421870081934363
1.2165510048871757	-.8622790674821117	-.0924765647277285	1.946300068316864	.7658818170870929
2.589177233796031	-.6194281383907739	0	0	0
2.881350342977169	.7362036453318604	.21457779936135574	1.5685705396635246	-1.0623981216813108
3.328261863279766	1.1017260100142412	0	0	-.6414160196703907
3.80288121132609	1.009354240841742	.363402645937995	0	-1.720986601988563
3.2869584440472868	2.3099861066624827	0	0	0
2.846975387141505	2.8664135704319467	0	0	0
2.544184089708863	3.245695432917715	.23706692093607112	0	-.6608780253544415
2.119442846295557	2.387901570206117	0	-.10639953886941589	-.900848128324438
1.5856093730852918	3.167692714275028	-1.3887498281184678	-.6104748402628897	0
3.0192030211347984	2.827983628351841	-.7733361193216322	-1.3687823407744986	0
2.6664616478131293	2.1813858270839805	0	1.9525358178799244	-2.5047812258513535
2.5930154914079644	2.8160800294497514	0	0	-1.7157070436948076
2.009411268847814	2.261800575402959	0	1.5768603245412254	-.9121764827858868
2.129552679740889	1.715277720418523	.03007284579284486	0	-.09337148086151481
1.4491916616548453	1.1238512933887201	-.6092839990308945	0	-.2966169814827023
.5230271010912331	1.55857399545133	0	0	-.5335354649465391
.962344661309295	0	-.22485857216531313	.10604302502844432	-.3743834039264245
0	.20203694989480245	0	.12685371831240883	.15751474783948338
0	0	0	0	0
0	0	0	.18941186241335062	0
1.8976836697202357	-.4090399116761327	0	-.684359362821633	0
-.06573567669127808	0	.23513925411756886	0	-.8768961940483195
0	-.15083786390619736	0	0	.14266077817291867
0	0	-.3974694354660476	1.056428199416768	0
.3275674465919036	0	-.7397802057960003	.6875760998358288	-1.2446274971525995
-.4455081779664015	0	1.167104689219177	.5715427927970844	0
0	1.0269737317208234	.39716423822630603	0	0
.9720418999530148	1.3669971752119612	-.7277466741475446	.5835155029314906	-.04124752224858598
-.2661455909915775	.32120697199235065	.4336900161410102	0	-1.1475608295374329
0	0	0	0	-.46595533588512456
0	0	0	0	0
0	0	0	0	0
0	0	0	-.7813218371982766	0
0	0	0	0	0
.3872932697873621	.447247934165973	-.5560850302770611	0	0
1.8109650400175286	0	-.5597947017011162	0	0
.4934410388659765	0	0	0	-.7234051437177254
0	0	0	0	0
-.4738788333771035	0	0	0	0
0	.9244622635875817	0	0	0
0	0	-.6561370653361318	.5599024390205554	-.03577747095222585
2.0259725904079526	-.6427422478360049	0	0	.5467136251372717
2.5177097152606627	.4074981427619718	0	0	.875768875833501
2.3385672597439333	-.1929834966958824	0	-.06457297423044059	-.23727848361755083
.7203776132485453	0	0	0	.3890149743235602
2.511545047044598	0	-1.7194162534911026	-.09485638571883082	-.34855880318748766
2.1631219467771743	.8472524010908107	0	0	0
1.8166202970746776	0	0	0	1.492959749995097
1.52688007561268	.31769896109039497	0	0	0
1.0251445884602284	-.5770156402537208	-.4434046740542487	-.3334434031153106	0
1.119289107712681	-1.217729371268944	-1.3104221183966438	0	0
-.9157878817419525	-1.0543164443454853	0	1.4626894195170363	0
0	0	2.0687571815101182	0	0
.5411599669476967	0	2.1721975661233413	0	.9535877142759055
-.18629350373694126	.9885188502757003	1.7464542146631996	.38744108045231423	.587107274954642
.12605778295502723	.09589989636645468	.24459143416017515	.19813874900294373	-.1637974959371111
0	-.3918568297323128	-.5881108129038308	-.21677982617868358	0
0	-.7068543195056287	0	0	0
0	0	0	-.7191686571084788	0
0	0	0	.09446065746792265	-.3526302776301842
.7027999142444512	-.7080238472616924	-.058633778932810715	0	0
1.2318678065213216	.7659259129721159	.5327208816637098	.31818169837417426	-.037351270746223894
1.0248327477066275	-.40601774545487657	-.4774874924207171	.9747063186349351	0
1.3561680044952	.16249377422381747	-.9111519284108119	-.2727896270345265	0
-.21447855133438684	.8878760277030806	0	0	0
1.0008855924379965	-.3488928863242873	0	.5405607322807701	-.8073766321550487
1.5895259259672543	.7795708043326224	0	1.793520975773774	0
1.1490985867095138	0	-.9522144040201883	2.0014309501737833	.9138425055851931
2.7472174319509737	0	0	1.0328561192690096	1.8243610683973595
2.4054727118082275	.06680829999722654	.17241857280441497	1.2499801191146087	.18095945410552472
1.7925267686190842	0	0	0	0
.05600874588933483	0	0	0	0
0	0	0	0	0
-.36672512089781356	-.09223685866289721	0	.0445008655416797	0
1.2305527204606943	0	-.2539145110562976	0	0
2.9144546423410786	0	0	0	0
-.31847406539690803	0	0	1.684664761816825	0
0	1.869031016740574	-.21042344787134956	1.6712425297443398	0
0	2.2111348960887973	0	0	-.9614828459041775
.2744038703466873	2.5030022843333346	.13695311380350678	.6989539819988972	-.2823348650865193
.4301254417822919	1.9123789825502593	-1.4026819359293055	0	2.1073914341576034
1.8958300024277532	0	-1.9592289726009424	0	0
0	0	-1.2568862163847014	0	0
0	.11567572917346212	0	.09862876883935895	-.2350914372328362
0	0	0	.6767200824479087	0
.18488825817968488	.25225800447540814	-.6549806033315684	0	0
-1.2844563997029352	.03383393257490239	0	0	-2.389812246536045
0	-.19837277659612051	-1.6062976591300924	2.217094539571293	-.8937608845671645
-.8813144094890689	-.6332386295758332	-1.3760468570403348	.43816237486704945	0
-1.6186634817849423	0	0	0	0
0	.824233234342635	0	.11783467327979312	0
0	1.0911995549101248	.644849625893399	-.9792346621140056	0
0	1.1835189052720885	0	0	-.5560097272569606
0	0	0	0	0
-.6839062367241213	0	.5121841793009827	0	0
.9103598293192492	0	-.26595132876016947	0	0
0	0	0	0	0
0	0	0	0	.940185350406551
0	.3275537864993466	-.5595278238257221	-.7301282128537954	.05864983887386438
.04292683406820323	.12034053205947429	-.841135804588877	-1.3761653471941124	0
.05602947607632486	-.8631530699286337	.052827387631334016	-1.7997662744694989	-.15037390076868362
.3976363136734057	.503355453691916	0	.14252765524924593	-.42090317141877415
.493408453839223	.0656727767736908	-.85543749289077	-.07867519103397952	1.2481802025247988
1.0274307246565735	.976606238312002	1.4112090461271267	.1936195414735905	0
0	1.0811141160741102	1.5728032710106585	0	1.2229111594553501
0	0	-.2263033678652016	.9016366999273537	.4723225419155139
1.2863663780656491	-.1909338779779181	-.0920105851215444	.7966379308875582	.35138421929181324
0	.12030719072836446	.8236467884073111	-.2465587261530373	.43381834416536613
0	-.022050023138044272	.6538010764637476	0	-.16351980881699327
.2303675454211263	.14180801455383185	.5614951009612302	-.14105300070472618	.609566065094279
1.2938255986733131	0	-.2886922785980334	.4217072339266995	1.3046380988305994
.7918743964538023	0	0	0	.1297982810530462
.7115407412582786	.8680245629058578	-.5526911360403366	1.9325524307874713	-.5509100507766201
0	.4495617359718708	-.10631049374121075	.8073050647543045	0
.2534610463601453	0	0	0	0
0	0	0	0	0
.03742929781369936	.910614816324849	-.5337316514548323	-.14279158840994044	-.9003569297765165
.7065850118699134	0	0	-.9729028851696586	.8587095965746661
0	.3775897154365868	0	-.5958288963898248	0
.013147576659648053	0	0	0	0
0	0	0	0	-1.4363205640695305
.705917848029417	0	-1.239291020533011	-.45055868680368794	.5407390353704692
-.14102163513610153	-.2780067798762516	-2.062242771485164	1.1244589050965739	0
0	0	-1.7472161965309008	0	0
1.3140487213648517	.43308747290881333	-.44509906358711704	0	0
2.773986089287295	.024649509116948076	.14800627696271884	.9264031062174284	-.018550030876380852
1.8351442934377133	1.031187336938094	0	-.2564574946865735	0
2.6832071373521167	-.35866352141015395	-.43516543811838193	0	-1.3127917689264177
4.024521123803744	.27490330536767427	0	0	0
3.0259371117613028	0	0	.9497979019878229	-.031822393416074624
3.198186817745234	.27033854176965877	-.6796979932909692	1.1539717962918532	-.4345171643775567
3.4415797310876535	.4129940496687056	-.07656162336045191	.5927909360145066	0
3.570994302621606	.7167997894308076	-.972623703807483	0	.6301280905691856
4.345261099732732	-.1491600401673704	-2.0210225339502963	-1.1412050919063574	.35448377925101865
3.371427940729311	.17560547597348586	-1.1313346149970946	.8037577211696258	-1.8521100213553263
3.2706997575594094	.575730201376672	-.5219688346189728	0	0
2.685773292573118	.6695310867635611	0	.2788944005221081	0
2.2684290654275387	.20446596539340134	0	.3914638933590262	-2.0459147524858627
1.853570558014805	0	0	2.3951296986673327	-.7655589947936359
3.1042205556377978	1.116247653773291	0	0	1.51641583942709
4.366612238151178	.05157408309673066	-.49797497362532156	.5298389073559578	0
4.999935361688942	0	.6028975542587762	-1.5827488334815805	0
4.817755167150266	0	0	0	0
3.0520989598465995	0	-.5836493188222079	1.2762405573569355	0
3.4178297489001137	0	0	0	.23941624449314672
5.762047113502043	0	0	0	0
6.028427674094844	-1.6963153792081862	0	0	0
5.871913683305823	-2.330861361443313	.6677079434054685	0	0
4.556125854489251	-1.4021173073134756	.8958311298160696	.2770754117039557	0
6.268375566480483	-.4839582197104517	1.2483946422022107	0	0
4.42622875331388	0	2.0956277004407617	2.303271829651813	0
3.8331083404708455	-.10823913169046528	2.14129118649289	4.160912080599561	0
4.271892125333507	0	1.9074404769282582	3.3979554766877955	0
4.454052203460379	0	2.263896362427513	1.9599079707664315	0
4.246494524070461	0	2.266392392154649	2.5803109179391432	0
4.898734215707191	-.9274920971230204	1.7098414425628583	0	0
5.962210503949273	0	1.7354890899191215	-2.344451236779934	.07110958554189473
6.835363731477751	0	2.332893295420527	-2.8625573922638248	0
7.986903049183576	1.0406393302219417	3.614634623761761	-4.919538075035039	0
6.376521221067421	1.6521891799054587	2.748918617715973	-3.0799100419671688	.1803452346676364
6.356981448050549	.5673643133486166	1.4625302041312374	-2.9377833554355797	-.42142796804797833
5.030300287686155	0	2.335700218826251	-1.8848268949732505	0
5.415928291901477	1.106267328025675	3.8752719761168226	-3.2999788043604217	-2.2195606027368724
5.39734756609962	2.845081976351936	5.004050409433513	0	0
5.347357812838908	2.4836614282262923	3.7317653471753047	0	1.8419803316386898
3.452095766669436	1.4373491064555153	1.9851913155969538	3.3321154299988187	.1302056820153436
2.6119629010216996	.4604770189476408	.6648283652186957	4.663841158127179	1.721171107853845
3.5152259424241556	0	-.06874656512713764	2.2816719562192906	-.8342099572496315
1.9179395466813778	0	-1.2951474629828301	6.000608382870073	0
2.916567478236119	0	-1.0666524146134369	2.3086761530686646	0
2.5396193285492465	0	-.6475137876264803	2.7633174688727027	-1.444160064143227
1.2767849061603431	-1.5487977928723953	-.8865260589315852	1.4095412918088621	-1.6069128930493757
.36084206460040624	-.5443660626846555	0	0	-.17088801538987367
0	-1.098314822257819	-.29821608231388885	0	-.31420703994652127
1.0497828448305595	-1.1938878974650293	0	.6096157864522822	0
-.03534909010541265	0	.1531734276323517	-.14584738051333507	0
-.16342019121432105	.28735028574489185	-.33988639790673836	0	0
.3702960932970132	.8433539222753661	0	0	0
0	.1339904937989908	0	-.4187451629162479	0
0	0	0	0	0
0	0	0	0	0
0	0	.45327839475937803	0	1.2769908402377161
0	0	.04249008783884334	1.0841432912271516	0
0	0	0	0	0
-.27063292223540164	0	0	0	-.18422052817878956
0	0	0	0	0
-.31988707108566444	0	0	0	0
.9323978099769259	0	-.918725231088796	0	-.6421448171541579
2.0174199447893146	.152357079536686	-1.1225618825606887	-.3612695264993033	.2199621048301795
1.2825617297022793	-1.1851403414412551	-1.8415582065188945	-.5305999054481003	-2.2334270654454658
2.6829618035457155	-.7303758754977293	0	-.37216187111406585	-2.245600555042205
5.712781518934673	-.6149467600243395	0	1.9519926940630912	-1.1686791729632444
4.355170112954814	-2.236153301646549	0	.538817991215979	-1.9977297782140497
5.166271652544712	-2.173637968015715	0	-.005893998741490547	-2.18164559781621
6.1951592418943875	-1.46796288631458	0	0	-.43529718764934977
4.944161220780163	-1.3406708356773047	-.012164238070797445	.611175104572232	.2876082834823439
4.730428314021582	-.8475117815700511	0	0	0
4.066104154993129	0	-1.3563181636018773	0	.5501274685802311
4.349601510412892	-.030629457340637142	-.7449225016066331	.09001264407231196	-.46925658704183953
6.173648406344591	0	-1.1367370127576986	.19304493853695703	0
4.78464610863941	-.5476142485422195	-1.9000956937177094	.2264791643353951	0
4.6281915150872965	0	-2.6120396315402497	0	1.0962939823328188
5.250999802298501	.35542567973845496	-2.965044402523903	-.9407579479911571	3.2740173294551873
4.330340601832187	-1.618899803585549	-2.6798756693383465	-1.3807326513148452	0
4.622239146166624	-.7271935076576328	-2.925430403420165	-.8327239982854886	0
5.21606494748439	0	-1.6098714683661655	-1.219799487681164	0
3.64193401729149	0	0	0	0
5.073803728409318	0	0	0	0
5.1342476315112195	0	-.4136887818017566	0	0
4.4622277325347035	1.0438955008035389	.5149139588679339	0	0
4.790375025823457	1.1274853045016018	0	0	0
4.630352346418746	.9602950683027685	0	0	.9190482834343111
4.645348208027405	0	-.7560434710475986	0	0
5.287853015423805	0	-1.0020188710259343	0	0
4.761553313603626	-.4334952685605876	-.4724914920069614	0	0
4.457618201258295	0	0	.1517916813146731	0
2.403774178095919	0	0	0	.10506476656154906
4.048133879650089	0	0	0	0
3.9882301658609665	0	0	0	-1.7898176821415648
3.0479239537599154	0	0	0	0
4.455903402662909	0	0	1.0108814830485833	0
4.182861453963122	0	0	2.0832580857581413	0
4.736745339745526	0	0	0	0
4.908288412958327	0	0	0	0
5.464401334101655	0	0	0	0
5.94706875774393	0	-.4175703090499354	-1.7749303754941945	0
5.386975679335503	.10498485954541302	-1.1303186667584462	0	.11424214097061883
6.368342305039629	0	-1.6589345027626772	-.4633004357016192	.17173044055273134
4.9584831372299325	1.337392184737134	-2.1949689404260897	0	-.0029863081525626223
5.626483651732994	0	-2.7531441769230094	0	1.8520542009333367
5.490822445292702	0	-2.406949713522757	0	2.563140456126589
5.168165099397516	1.4078459679882545	-1.3062492513981447	0	2.584615734662602
4.353288746533287	.28445604046663764	-.3552898331448253	-1.9598098488240971	1.4781592813526587
5.381339624267867	0	-1.2905316604181836	0	1.7588054884706246
4.56679775817335	1.2282049255249115	0	1.6216449977630272	.006455384603821723
4.627986839547513	.05703495726119885	0	-.04561657841386632	-.509527426307699
4.703413920093411	0	0	0	0
5.1593785576494255	.24162514927632175	0	-1.8778216480774228	.3342977495093299
5.253237003743371	.5239654275492373	.3499863921431026	-1.0438091274157786	-.30115102536120153
4.288247624902316	0	0	0	0
3.7216548579995696	0	0	.3697510613440551	0
5.807716561552619	-.27671377651142787	1.081207709336475	-.9412307700466117	0
5.937433729190911	0	0	-1.515791762396011	0
5.0030203925483265	0	.883591653612812	.825274573300878	0
3.9814539063177685	-.4551952269677559	.7786552052697717	1.9366944564840662	0
6.501936827946392	-.1261536758658645	-.006922216254541286	-.8526461966144903	2.2400402629185563
4.742392728494184	0	0	-.4858811436732171	2.757623846538457
3.8109776530368373	0	0	1.7028842736723653	1.4555521491508008
5.050116255983747	0	0	-.005797890777603398	.8748919779777341
6.083815790019787	0	0	.15121511724097225	.7721064232131956
4.5020624791744455	0	0	.740790600817167	0
4.7129949507311695	0	.6675193704295146	0	0
4.167386781441422	.9098827772281082	1.6259218144815157	-1.5286858473386227	.8602381756866938
4.320534610770364	.39272212675021284	2.4077557340295304	.10863879187948237	-3.091694532266965
4.282433074251446	0	2.1694869322933865	0	-3.446922365354987
2.8883605261387895	0	1.5281749549604733	0	-3.2361855430616813
3.2248232550393863	1.4462463727017392	0	0	.46995296608669623
3.9432642857748954	1.3651744143717843	0	0	0
3.190597896588516	.9294837021627449	0	0	0
3.4759888414203286	2.239926201515766	.18282711839417246	0	0
4.241107066515783	1.9053425216480069	0	0	0
2.7550445186198687	1.4355999415392375	0	.6621597954814696	-.216032040960357
3.8043396394970515	2.6979223917303	.9196372973475011	.4496981710932592	.29202897206021516
4.886645559913041	0	-.08022261182003526	0	1.3919495460630495
4.74073347725247	.22625601360558859	0	0	0
3.2077494348885827	0	0	1.6914478049662935	0
2.4564659993719666	-1.2930787001860746	0	1.6945164358126281	-.20021843639339446
1.7002260797643538	-1.2507146583179256	-.5658106790131439	2.6235476810499248	.6505924189189223
1.8644045033831371	-.13829243164289606	-1.7346007540002322	.8051165067125433	3.4333449342789546
3.0457987930661	-.30846227682797456	.5351788273770242	0	1.4970791316538081
2.329597437119681	-.5314320830115158	0	1.1488241609161702	0
1.0903154557492687	0	0	1.2130008645058714	0
0	0	0	0	1.064420323296763
-.028824745544614186	.8872067720046612	-.243811009689034	0	-.9213574884432219
0	0	0	0	0
0	0	0	-.6250850312090005	-.002408119245511431
0	-.5020507914349934	.8280007306626429	.11615111699341907	.4985853132711076
0	.07286267774365775	.5477819300424124	1.5365378500745677	0
0	0	0	0	0
0	0	-.053399925057928954	0	-.34723081696884345
0	.5219704348693373	1.4332292410639453	-.3166934174544359	0
.1425132743228916	.13146491394659743	0	0	0
1.959797952169814	0	0	-.0011400426709838873	0
.4540241936256944	-.9621195516126901	-.41057847850547907	0	0
0	-.985985019863593	-.4522374550384927	-.2074207909513599	-.14425459282542843
1.034624365004226	0	.10821039872465721	.031036209623858002	.5951384489895859
-.1026637958053429	.013958026257017933	0	-.8356157937196338	1.373865248194513
1.1969847932477222	-.9079674228827874	-.32051692926453834	-2.220456336343688	.5164316399464424
.762244724736038	-.925536815905176	.0433374748567702	.43742919207499376	.21324008891944635
2.3211572481758287	0	.5229163629329048	.6898687528323485	.8089696224601441
2.072291780342517	.38381783511648615	0	1.349378051364688	0
3.342257874123818	.09758553414408089	-2.302315398914436	3.028988737022142	0
4.430594315552515	0	-1.316964582877998	0	0
4.277076911156739	0	-1.4031410656784014	.43071414259506685	0
4.81339868446923	0	-.9496358775962912	0	0
3.965976645919305	0	-1.743790785767304	0	0
4.312901011159739	0	0	2.90552431134627	-.89065553053271
2.4387300416399365	0	-.17578524983152854	2.7198551476141435	0
2.6772052678653897	0	-.8998593543726888	2.48680864864125	.6223736285197246
4.126231229166575	0	.7671169100843682	-1.2443059488575592	-.891165264747515
3.8358646027350605	.9868119310842443	2.6614247610601054	1.6654201293956072	.062022533432693705
4.466094716504061	1.2250788354788698	1.2314226122937968	.6835034628369798	-.3561186526710551
4.036048021257971	.8140762670400226	.42823584695622596	.6573667796245029	2.053835447913454
2.8905073601267715	1.0520880861892636	.8853538020869469	3.5056063446197854	0
2.2020292689441128	0	-.035728334638384415	3.0456216889540224	.010252032188141247
1.7575815061149336	0	0	2.099443788934927	-1.34745220148518
1.5047020186730904	0	0	2.4028740461496483	-2.0206435237122933
2.467244157213478	.6956605328191108	-.2795149846196794	3.3118812156545703	0
1.7699505955659063	.23996065811162548	0	0	-.28744691424438384
1.3887784901541709	1.7671550854499216	.46061373095034897	1.9936748141042058	-.17279684503562265
3.0815046341615364	.7215401921342643	-.5866454057234466	.19486341378651895	-1.50401552811589
3.864117129262024	-.6535483667146117	-.31215323124103783	0	-1.1191651080326408
3.805458456131102	-.21709720844951066	-.07947645605952525	-.8792779386325822	-.5078044781941341
4.168672598246725	.8924279224299068	0	1.2314605419694056	.06434036931966154
1.9327122805662489	.534369061687776	.8064513700563006	.8437755198127563	0
1.2220432166865711	1.6283557318448931	.7149947662893863	0	-.6148189223132762
1.357086353803385	1.040711047044827	-.05438044793927918	.6735285125891469	-.5114632951403297
3.0010729168933357	-.1239681355551564	.034067583686224034	0	1.4939871102618745
3.56936310798561	.8592880955807498	-.04633598927493074	0	-.5429726016080926
2.7307466835527396	.8806149338639064	0	2.838305420274733	.24009015449619114
3.6712874935959627	2.2716067464024574	0	-.4895448524288257	1.9233197656112255
4.518802362745429	.7482924404720205	0	0	1.0088158154472082
3.1138982486718	0	0	2.6246913973879873	-.8208745590010507
4.0723751833510144	.3830952822761319	0	0	0
4.388270931667837	0	0	0	0
3.2352021345032362	0	0	1.2846201422139782	0
4.157231916968153	0	-.3010600327863287	-.19246788958486488	.022719965761694744
3.3901317196804457	1.285781834237701	0	-.2948327671669005	.44428126455967976
3.877262955996709	2.442617686002978	1.480971290554134	0	0
3.165362827265104	2.9043515072651624	1.1692204099003125	-.25237805835725813	2.7831449886038766
3.968649434661301	0	.766128724821357	-.5674363691162628	.5824536060922638
4.0184116528783616	0	1.4384816773402127	0	-.5802739707116871
3.485983215717855	0	0	0	0
2.980053564273242	0	-.5857305388037508	0	0
2.899421757455464	.5155606609553384	.1730059982327647	.5875422031372223	.7519927577721746
4.235386535535149	.5144401338129927	.08568427827577654	0	-1.6363620691322844
4.199583455841423	0	0	0	-1.9864827455411804
3.6518324405143052	0	0	0	-1.6843883455204987
4.112703931955806	0	0	.9734815265283319	-2.506711076764756
3.7267092443032297	0	0	0	0
2.88748089550826	1.086395182640007	.08804073546155772	1.1697302415273505	0
3.91118128125449	.6391651153942786	0	0	0
4.109521357477422	-.3012286448493259	0	0	0
3.569825428005694	-.15888080798264487	-.9541694460683304	1.4771413416899117	0
2.7351439725951945	.15911789686114425	0	5.258569452562772	-2.5647935002669113
1.5949754311330782	0	0	6.234253102957356	0
0	0	-.6233973982152674	7.037366114334891	0
1.349464140866538	0	0	5.240923811639642	-2.852211237956034
2.15311544358663	0	1.0782030965679974	5.357502926353009	-2.498793142481728
1.0272707764557334	0	1.7121825841316738	4.526335349329685	-3.5043381179124484
2.290292519502788	0	2.4530696242311647	2.3886716147947187	-4.1239897057365065
3.3399129940469847	0	3.0860441446629108	2.4936472497712625	-3.5259373932450186
4.338930653004434	0	2.840883073566638	0	-2.367346413798873
4.228935845392416	0	0	0	0
4.207914065301636	0	0	1.0754104731559941	-.7656460425135903
4.013273587986008	0	0	.48979473262241513	0
4.672580638744526	0	0	.1566978613781121	-1.1611390707751157
4.323380365378008	0	0	0	0
4.082943765404516	1.0948814505280087	0	1.7471169083257032	0
3.198984448165367	0	0	0	0
3.794437163700366	0	.5138408955399723	0	0
4.399449385228923	.0886114539976369	.2393545968542508	-.9131247643687848	0
4.788322994552635	0	0	0	0
4.067974713117262	.16847513124486357	0	0	0
3.6309036221331925	0	0	1.4969309126694028	0
3.820375350241192	0	0	3.5491973981227076	0
5.095583035277413	0	0	0	0
4.898313788812066	0	0	0	0
4.398990662311553	-.2404797628356128	0	.023024257991800745	-1.4591205257515611
4.094366167204463	0	0	0	0
3.215588681317942	0	0	-.06927651392258535	0
3.4037721573863378	0	0	0	0
4.4013302950384485	0	0	0	0
4.111237061125872	0	0	0	.002501360421742649
4.067147610180689	0	0	0	0
3.7361708437656507	-.3747125516932633	0	1.267093593183689	.09934826342632497
4.3221461527349865	0	0	2.4487031713574168	1.6101800776243456
2.0376389201489093	0	0	3.596491417651439	-1.8910699783650853
1.953027116550659	-.6346582480542114	0	4.459322151399587	0
1.1030383205216283	0	0	7.291811266195915	0
1.4110247288036746	.3550118002293583	0	6.876217684430442	0
2.187161021895251	-.021273514914605454	-.5562825297101919	4.511379719438109	0
2.149008489196835	0	0	5.376648818389092	0
1.1344380521589184	0	0	7.908497949807452	.38829511792686033
1.7226495477903816	0	0	5.678684287919112	.19979337266317332
2.009383071479312	-.660957065027472	-3.349459754947992	3.955759517729143	-.5498852196539312
1.757478393766283	-.8159942300460694	-1.6550715147532544	3.8972647278107364	-2.0849548461422374
2.468468972372019	.5544955630375354	-2.4083324506602066	2.201586571907635	0
1.0260840536859221	-.4980714229618629	-2.3027883072580084	2.31332561551901	-.730959120846228
2.61585964522962	0	0	3.1528221031311894	-.9527973231136951
3.443302119408624	0	0	0	-1.5088921059064622
3.071881979944969	0	-2.0054007579575877	.5920463475544132	2.020404183964275
2.0709539769107477	.5351655073932653	-1.2184072595930089	3.138162975992456	-1.70651058735182
3.1206185630401615	0	-.028141949160668145	.040167484282201016	-.25091793032081
2.9194051232030453	-1.0032700650451958	-.8899997883712133	1.2093203941042494	-1.5675719632416152
3.159786292037751	0	.12724247079482204	1.4953394646900395	0
1.809456076988099	-1.4650181371836122	0	3.224905947986074	-.24939467217997174
2.4885468005324407	0	-1.1984644090913898	2.4412903660504077	0
2.279783643604715	-.509176071814002	-1.9658240155766287	3.2800985197320873	-.7346128315824857
3.1061192924588465	-1.7990371966354175	-2.364261964615507	2.182779068295156	-2.2121179320294306
3.912288648454255	-1.8745994571904028	-1.8850918371454488	3.7606871333391716	-1.9002993252982674
2.5591939326391766	-1.6592135825962573	-3.39623415436548	4.252135586080982	0
3.4731401662666053	-2.8907894408647214	-2.9339276253342335	3.177536651670914	.247283470251562
3.4027241923160356	-2.3416308371280934	-2.2361409265850916	3.1991150899403786	0
3.6152471507020576	-2.0709820542232222	-2.18013964100062	4.029690926160606	-2.5336021745408845
3.8651264360792044	0	1.5234935155774116	-.7540905822887489	-.07251758029370792
4.431382784653697	.7131156643258503	1.5863766355130644	-.7296598432201095	.2388266080081175
3.864701180161015	-.5493407901975159	0	.49393201987039015	0
3.2059020925578734	0	0	2.0800995147508434	0
3.0727600534640684	.6081423204068105	0	1.4831192365891173	-.2404730534399348
4.120789657831612	.4733301029446686	0	0	-.20597760370019302
4.6601258531725005	-.15322707245014033	.4871259908793575	1.3671327025472728	-1.0655752811197656
3.3499708132616	0	0	0	-1.125134685138201
2.297891439435413	-.23414960188789452	.606572899153115	0	0
3.377749306375512	.5189819535742171	1.3954900956660394	.8064003975316341	-.6963078960277487
3.6693505119384526	2.0243153078818485	1.360722009976856	.34350478987471855	1.1778838621620884
2.9303184991231777	1.5412377688134034	.7010318242637467	1.8652829044535908	2.4262290562183693
2.7144520558090957	1.3368377477222724	1.5183204494434035	0	.8470742671794737
1.5878642384993722	1.54168458544492	.289280077518823	-.5964554250668909	.12582404659975144
1.025807518480693	.9299930953740974	0	0	-.8828741886648217
1.1604939737241295	1.8622938617842464	.41666264917417273	-.6824381792943623	-.4293293152992661
0	1.9796316917781769	0	0	0
0	1.9948559501278191	0	0	0
0	1.1573196378124702	.14500163605016905	.9434703879958938	-.784831632409609
.32176534634771653	.9519934357414446	.22778144069145234	.8323811468601079	-.8382076122987862
