x1	x2	x3	x4	x5
1.1566791011465272	1.3633311127595265	-1.469358032498378	-.12884482780453255	0
2.665341619778718	1.354714743136031	0	.7645591597614878	-2.0831449007026768
2.9841113189427593	.9342863314855339	0	-.7874039580803787	-1.5618662588502699
3.7784828956003564	0	0	-1.0261150322036525	-1.2414739095899716
3.56709629164486	0	1.704306954677048	1.2599343227062842	-1.4607882272975115
2.6214891761218886	0	1.945210755767913	0	0
4.379311717469369	0	1.7559080689874085	0	0
4.2303611593915456	0	.7220662688937101	1.0970907258476887	0
3.5509112991524394	0	-.11324187342616021	1.0026356912531549	0
4.150734345911922	0	0	0	0
4.746169052383312	0	-.39104390972872355	.2914610962931051	1.4042535547150008
5.279797278615043	0	.135497571628534	.6884672585152196	2.191765948979536
3.3124383116237945	0	0	.7318263817114646	0
4.375851339549257	0	0	0	1.50211821053955
3.6851631911893126	0	0	1.6937416578934574	0
4.768160547890105	1.0553306962660618	0	0	0
2.3759716443265217	0	0	2.8918669312092518	-1.1424734289275182
3.7622427198640525	0	0	0	0
3.9259200399720604	0	0	0	0
3.870580317212166	0	0	.26086526051451986	0
4.5236818737185285	0	-1.6517220279540885	.10553809134294903	1.6795157659311681
5.45251639097121	0	-1.4799243256537866	0	0
4.7134575597199255	0	-.6008701319127497	0	0
3.970718551455438	0	0	0	.2608961818328751
4.758745500399947	0	0	0	-.41516810356511447
4.509901217594883	0	0	0	0
4.075549085389081	0	0	2.552628658658117	0
4.85602678880441	0	0	2.102497474158368	0
3.5562665891434815	-.6456535456591594	0	2.404430523882775	-1.1569774302048461
3.305703357508078	-.3467049778232182	0	1.4556468082369851	0
2.3955110561009194	.557802951425149	2.7869998234606776	1.8124837972272863	-1.7310560770796708
3.176034327519921	.8884520436939212	2.289822799089707	3.2730948944743923	0
2.9756902675407897	.46235088660393253	2.2535491634279743	2.7360952676982526	0
2.771517635036394	0	3.4440836172560485	4.136849876251296	-.9674755535154625
1.1611700061330936	0	4.964492632903687	3.3831969285903094	-.363273662451849
2.0075422923313164	.8141308243612606	4.5230348120129955	4.344352021002911	0
2.8604384046672826	0	1.6301847022396123	4.4722260567899035	0
2.320135377115527	0	-.0121457712755626	6.4531392735714395	0
2.700836423016166	-.9484057507859877	0	3.53203067746906	0
2.786339658707262	.31637334120399213	0	4.60577265638089	0
2.111200917496777	-.12057178740764762	0	4.243348968863101	0
2.74375267367871	0	0	2.7608248159440225	0
3.9701099819598773	0	-.04315066033240034	0	-.7945054278762096
3.7134825463708	0	0	0	0
2.4186834985431584	.37356112125329033	0	.5287612195254342	.5149328728146347
2.357479304325451	.0026370589264064215	-1.5671796990303906	.7123911229152105	.6512730950703665
3.6515807211482945	0	-1.4014917846175596	0	0
4.688303786670999	0	-1.541293052950291	0	0
2.911494646054871	0	.17300659458698012	0	-1.7784614896647355
0	0	-.1663135226933991	2.041237645812747	-4.100483839268581
3.5079049768652655	0	0	-.2374411804010385	-1.3030442465982988
2.633311949389966	0	-.6236289925425085	-.23706691218438275	-.36421704708714064
1.5660024544238906	-.10812333154885528	-.3176816626320944	1.6549293501188165	-.6503829459092993
2.9940762547434203	-.2642777053600991	-.2823141290475043	2.1319854354137866	-.3607872100492586
3.051698016233293	-1.3140100487423165	.4452998062273605	3.481949708450255	-2.5692008501921135
2.2429477219117775	-2.266184572295964	0	2.3613834702556873	-3.483616576377058
3.088781097554548	-2.1732910016547673	0	2.282761021296217	-2.25514294094224
2.714459359763528	-1.6431458704530812	0	2.774062155272418	-1.6688254005968717
2.0677469055287085	-.497341965716423	.7677688992994753	4.102028876943945	-1.8140700790989857
4.000047520565231	0	-1.01720852426525	2.436302010494279	0
2.8936366146005477	0	0	-.6120295167570603	0
2.6954586211566083	-.6274967636056928	0	0	0
3.870249617948249	-.11461841110150645	0	0	0
3.9644974672120346	-1.0584711082025813	0	0	0
0	-.2664085626882439	0	.852543120108368	0
1.1965341365323487	0	1.4159073209912982	0	0
.12656348911400664	0	.22973059434717252	-.2235703377206001	-.24032013650890735
0	0	0	.03339430027732604	0
0	0	-.6441367576966601	0	0
0	0	0	0	-.7946094570030028
0	-.6320313980499103	0	0	0
1.1792774317073547	-.9325405198221236	0	0	0
0	0	0	0	0
1.606489995875846	0	.9395657691421733	0	-.3432208730467376
1.6584349856357945	-.17900985096125357	0	-.5248363493629932	-1.062777296088326
.08688518075957721	-1.0214914639914872	-.0975066701656283	-.7031108902992513	-2.7607340493143697
0	-.6976889566702669	0	2.6116881627270088	0
-1.6169213350139626	0	-2.5084429321924326	3.507089880385888	2.7713734258847276
-.8471502332301676	.514446381968685	-.7983750875639596	2.327504010971606	3.578406409227229
0	0	0	0	0
.7704377784163925	-.21144404935169858	.1797521763534393	-.24855036331891908	.08869122256233047
.6274360374416664	.086014260481246	.006053003338242935	0	.05266017774716596
.08343247324393482	.3736793012419584	0	.9350184608968121	0
0	-.7116890518499582	0	0	.13836748170258606
0	-.6359536591635231	0	0	0
.9475874402199794	0	-.5382403268526716	-.4501811227990471	0
.3582823087579494	-.11277686376913167	.2537868074316669	.8112358582890389	1.0353764044025402
1.7756870804989777	.8955396015695718	.06319811292264255	.18263567783343193	0
.7600057378628626	1.5883976395671293	-.8150621412935426	.11278355904411623	.7138691585827547
2.0700509365675104	1.3306666753279708	-.7279377392422139	2.6323343000058337	-2.206908108261939
2.509382207234056	1.6096063140099641	.9659946502013476	-.9635852412165986	-1.1319720928292138
3.2791439676135434	1.7112201192075043	.9303781794019272	0	.22936149914083281
3.289900547853491	.7937927482977067	-1.236515429221714	-.5250598093677781	.3813577937110813
3.2876555054464087	0	0	.8435569389684604	-2.8090465535443405
2.107050755501185	.8795764105143713	0	1.861379422211558	0
.7193707605013195	2.1785778002716376	.6973287322861491	.09335987517883293	1.9870528532059937
1.0117050182753695	.09277740604016216	.09951144867520986	0	-.03864739708162715
1.4333116598822488	0	0	.1548194140848908	0
3.0331024500609427	1.1827506288987863	.43802514500118755	.281986327426325	-1.2206551627081474
2.79620606183167	1.0450890384543354	-.08997650896383691	2.026979144079351	-1.4191332103958336
3.36005871942422	0	-.9497635387559017	1.84068393109717	-.6469273267578383
2.5630043372193043	0	-1.8236366843894385	0	-.2762806501411118
2.6327554399588107	.2889673203449492	-1.346207899011831	0	-.7841411006583324
1.7221972832475494	0	0	0	0
1.359625263751882	0	-.31813740574704275	0	-.6442170440315214
1.4103497295785852	0	-1.708850608088628	2.181075566193187	.9465074902756965
2.0340661886481644	0	-.8889063856957602	2.031449819633338	-.9887446765756654
3.1492603120993605	0	0	-.3225415893673485	-.029242663362900267
2.281037539826505	0	0	-.6460285192596384	0
1.3414107706203073	0	0	-.4722750009319095	-1.0910050360200239
.9167096417868885	.5285321635439559	0	1.3615659709788894	0
2.6548814996055907	.6456513362525886	2.171708274337776	.47370388880838066	-2.0786591017455063
1.7589192918102494	.9827017302176216	.5926996222694705	-.13315945464579615	-1.1840807863052272
2.4984271730793606	0	0	0	0
4.608472341185534	-1.1499344379725749	-.26773978689116984	0	0
3.964873028853728	0	0	0	0
4.391669107557077	.18822886289058832	-.38027086394669046	0	0
4.158904632381075	0	0	0	0
2.7604664426144403	0	0	1.5735542792034496	-2.1201981790469127
3.613598133593801	0	0	0	-2.8086134137839642
3.941781530738786	1.0914444806950994	1.189081140571514	-.3269282230270688	-.7294067460403718
3.8726661900625845	1.4557547201241643	1.2049547093425739	-1.0885409962291708	.6489576833993675
3.0611564125462087	1.3314215769496731	0	1.1416646656023648	0
2.6845358641888133	.9517640516059542	-.7846694651390891	0	-.1547958540143358
2.452198931049308	2.065789939192906	.30137757991985537	0	-1.3498242921524863
2.062955709054924	2.3549471380759113	0	1.9187209336617603	0
.45546081394824733	1.8283933355150817	0	3.0410261916774584	-1.9204138499733627
3.3694983741426925	3.2200583265766634	0	.4828548988161764	-1.358507007219356
1.9460958895724636	.9431487240312839	-.9724629561277645	.9075320211792254	-2.5031276093615453
1.4298194271614635	0	0	-.15723219304386182	.21892575340993592
0	0	0	0	0
0	.2639084733131838	1.019665179989478	0	-.5920216122555365
0	-.4744684938732784	.7711669730659738	-.3605288379131631	-.3187242493781263
.15027256618748885	.637412912309007	-1.1272349478442716	.6157643210837028	0
0	-.2624900485232973	0	.5303584724565757	.3855271832635956
0	0	0	0	0
.4939343320416415	.6290863628083194	.23832022345852494	-1.320353853561861	.46081555187052814
-1.1515595762486597	-.010469338840744469	.6970610141055332	-.17496100489904326	0
-.7913475156133674	0	0	-.04005564840243875	0
0	0	0	0	0
.5167763585123161	0	.28154232522689315	.40784425253804196	-1.741547176850368
2.27533121050584	.525339923064222	-1.7598067419644718	-.07827889109968228	.5762986183856836
3.9925134121261956	0	0	-1.0177751291515873	-3.405983195438228
4.066094863528123	.571754850092544	0	0	-2.5906315667033795
4.175241356544785	1.2081212009707292	0	0	-2.312453346070681
4.343617170141376	-.012860087184023344	0	-1.6508109690147335	-2.4271407742258995
3.1340895447327237	0	-1.33996100696737	0	-3.607337196241386
2.8035964319587796	0	-.8284257918194118	0	-2.578982797978404
2.56690182865078	1.7056029868439375	0	-.23680228757721988	0
3.0227749157841806	1.9568660206482897	-.6932388068622595	0	-1.00645665128031
2.0492106992040484	0	0	0	0
1.7386089836031178	0	-.6458401621104315	-.15194480115978498	0
0	.7012838621460171	-.04979022048645447	.4488875994084014	0
-.1988702195567234	0	0	-.7521016418937535	-.010024400628017238
0	0	0	-.7773031636662393	1.0479654846192692
.6593910668480889	-1.6659851652619477	.0629739286145975	-.009589126572600304	-.4533653476205627
.5006396914071685	-.3650012256013666	.753977134224643	-2.8859895293236724	.7128758421444652
.03764165298055158	0	0	0	0
-.741236601207715	0	1.041854450247843	-.21202269257074624	-.23816313412254986
1.767432210331438	0	0	0	0
3.3955386187421355	2.1758968751196166	0	-.09784886070717513	0
2.856462513569503	1.287758032308154	-1.276869477090909	-.21743648535942373	.7754180996646909
2.4557522298786183	0	-1.4200146917716987	0	.48692996033288927
3.0497780551895888	0	-1.1790190645603529	0	0
1.8474324119475491	0	0	-.8411683018127853	0
.9601292413242427	0	0	-.7492886505460216	-.6627347052552113
1.381787396513952	0	0	0	-.6425944673678439
0	0	0	1.2751080709346567	0
0	-.09591726798107059	-1.1735740816548077	0	0
.0638818484672855	0	-1.2437065567992636	.6685237373042935	-.08798034364808671
0	-.7892195988010824	-.8207363804592304	0	0
1.1690191517329556	0	-.34087586795664687	-1.6766362032815632	.11132712264397698
0	.6950199240548056	0	-.3763455911048912	0
0	0	-.014807816542749846	0	0
0	-.17033431559503567	-.44232927526471083	0	1.43367220931593
0	0	0	0	0
0	.25906018126187186	0	0	.28325524493629173
0	0	0	-.1758909333460578	0
0	0	0	0	0
0	0	0	-.3233142785388421	-1.1159601680616316
-.20659595645008721	.7545828453774952	-.2700790704191527	-1.310796687889305	.8534912437696373
.3432093887176655	.9525109428309486	-1.708042866919517	-.6446638800035508	.45613208375774617
0	1.0320662249860821	-.6731060271278155	0	0
0	0	.09261761113872213	0	0
.18955813194173682	.10715124538697102	.5607725137475438	-1.3624248424863201	.4698493141733052
.02833027986334477	-1.3903833551699147	0	0	0
-.30672400847606396	0	0	0	.30894628532371105
.34218302194842554	0	0	0	0
0	0	0	0	0
-1.3593391390026488	-1.1163462270809454	-.2861318855495153	.22199084023825688	1.1632588658193752
0	-2.348205901354016	-.5086763450976295	0	.12039433298264192
0	-.6114110550314077	.38168953200935657	-2.2407155406481802	0
0	-.9396653938902404	0	0	0
0	0	1.1029386241164902	.3848840720806105	-.6858443264938934
-.4744626810077913	1.7909331631092071	.18887344844827203	-.4935710221907863	-.4600882641220506
1.41102331917078	-.7062957871144766	-2.0959679545891765	.7464896403945882	.02209886103647793
.8959626436266749	-.44447196267279115	-.6363679139439489	0	-.9051523075417274
0	0	0	-.25756052251056044	0
.9591268369783206	0	0	.5839169378249741	0
-.02378232131055584	-1.1513485750629675	.31011362976963835	.24569297656533207	-1.266684472153826
-.12507238252663688	-.971953067629987	.27987228155983124	-.196140901734396	0
1.2217001080853305	0	0	-.026734496611940134	.3762000682124763
.791110010772808	0	1.8024222125224845	1.2915068882891856	-.28888631122626174
1.1233054538496792	-.042349591999708225	.284094426785638	1.1538482981344647	-.42844709070071585
0	0	.9958493992236361	0	0
0	0	.40998763489015816	2.587897310796776	.8533422685599076
.9248235310268834	-.8441756167877467	0	.5986237600686206	0
0	0	0	0	0
-.42251276810078403	0	.5743952359623341	.03986276905469699	0
0	0	0	0	.7797862988501653
0	0	0	0	0
-.4317214539420212	-.22550522975166792	0	-.5656333043235462	0
0	.4012783337150594	0	0	0
0	0	0	-.23894804986688964	0
0	0	-.05793800069472027	0	0
0	0	0	0	0
2.2537531998264257	1.054171146767454	.45387920030912693	0	.38614474908464785
.5264392046868667	0	.769207112865366	-.35627364853146004	-.6536431760518152
-.04356828153672515	.8338206155123303	0	-.17283876039225415	0
0	.44992834152124767	0	0	.19661755322332125
.09083039521980396	.7104029784336046	0	0	-.3414136042149
1.1406801532067519	.9320256941119839	-.61584219392598	-.09613221006027717	.09962876100390367
.8268138560284864	0	-.8889162071008462	.1118626237545947	-.023959224169007833
2.1492533796222597	0	.0017793066803097335	.8517871186910566	-.1434441772043834
1.2681008832084006	0	0	0	-.3954240904753122
.7398979282709307	0	-1.315290332935247	0	0
-.0003582594845326914	0	-1.548428488099093	0	0
.03181851069758648	1.2220973691753567	.29991187544889475	0	-.41713964689929767
0	1.4884576043310283	0	0	0
0	1.3444162019505037	-.15718494989518622	0	-.40365248093667505
-.5785236213780256	0	0	-.016806847523447174	0
-1.1655195369664266	0	0	0	0
.4826987274758705	.7323703720056216	0	.9822085708538275	-.8104383433754132
.03115897725729183	.7284111139135945	-.027322043404794716	-.8477230357357437	0
-.23903393612314147	2.360206731783585	.20598148232076394	0	0
-1.3353665270165649	.5638869082194196	-1.326519427675392	.6681973848824744	-.9118443734469086
-.9447610931893221	1.254552549059121	-.568378301742595	1.7272413440275134	0
-.5366621626337222	.9997948220723367	0	0	-.6675636691925613
-.32942695679028866	.6537733749473322	-.3684389037243378	0	.20486401749180627
0	0	0	0	-.6517940687597288
1.8520623571924124	.47987472080089744	0	0	.04558494330813338
1.1105280608550196	2.346289883487046	.3598813254347065	1.3394779281165003	0
.43990564701858803	.8043099026448028	.18860657895000693	3.0559202719118215	-2.377224751428006
.0027688141816437153	.738066775483595	-1.1633423623459327	4.877909337602985	-.9463521604094545
1.3506368205528052	1.652467126634331	-.41521140821941244	3.824177172939536	-.29208692531140334
.19273865452258976	.19030713994697057	-3.263007288673136	5.0487881672132815	0
0	0	-3.7137642230943917	7.320551021154541	-1.6849987271035964
0	0	-2.9879545371149407	6.535791610194505	0
0	.12418209795738436	-5.167140539712552	6.76508097687878	0
0	0	-4.6776063324465245	5.4262959337239725	0
0	0	-5.253821826370076	4.4758659019195415	-.008806192102272143
0	0	-5.434993416127544	6.4460851084155895	0
0	-1.030163710532098	-7.18690534747678	5.570974503800087	0
0	0	-7.763998690755748	5.803912015376224	.1674920788159375
0	-1.0905287080640664	-8.889719666792706	4.315872163984318	-.9062925300665028
0	0	-8.817868253611374	3.307911024785585	.41252072823408736
0	-.4633199367442126	-8.099972857073382	4.917864107802341	0
0	0	-8.371420317040627	2.563626706457082	0
0	0	-9.1146149639126	6.94565255071563	-.48607872975549216
0	0	-8.121074628361418	4.638119969160449	-1.6445343348439108
0	0	-7.580621740673119	3.9823447662253817	-.5501694987944847
0	.45243470043994477	-6.1697461368254345	6.350759172143289	0
0	1.2984898919076626	-5.521234760833247	6.738415125060066	-1.5291543570357702
.38898349474890703	1.7372828602309838	-5.498900647949277	4.91075101474942	0
.6009080754299888	1.2130267928698035	-4.141415999381439	4.609833543067339	0
0	1.4756967354059858	-4.060384881282803	4.775385261540127	0
0	1.3457827355464658	-3.7114185319598523	4.353544783099918	0
.8350940086048815	1.562128064323002	-1.8885221325710535	1.6656507047736857	0
.9101096476680977	1.9797202746622202	-1.6342178320960212	1.98120507628796	-1.5879772883330343
.1487964335366826	1.6395804461827896	-.21637925729610505	2.6632866012501566	-.5988901515402638
0	1.8058673111044017	0	1.089549792479348	0
0	2.0688397971253565	-.7430222293103936	2.3466221209350704	0
0	2.4547435156067987	-.05797842446654344	1.2582607552021656	0
.5680103825883538	1.9963811662678146	0	0	0
.5621256569038766	1.4399571678817291	-.3629935188515892	.5396170951696562	-.45095248730845183
0	0	0	-.9423501168414185	0
.41485965087748056	0	-.2502386042043874	0	0
0	.6360192756309693	0	0	0
.0762106459553128	0	0	0	0
.5197146255204331	.4374928019088459	0	0	0
.9071403838410569	0	-.1182959273975206	0	-.44491424894679465
-.6076623789376072	-.07426592404845139	0	-.21844239489477757	-.5673581811065406
-.921042106131352	-1.0298541105590409	-.25446887210639557	-1.140363092838025	0
.40571275907323623	0	-.8931820749373928	.5005527366160716	-.919775451777503
0	0	.5289320193886342	0	-.20553076683129656
0	0	0	0	0
0	0	.07000689732276638	0	0
0	0	0	0	0
0	0	0	0	0
0	.6762321493924103	.36742042330697167	-1.4942850633072928	-.21148381753044
0	.6138376713513275	0	0	0
.9805761263469901	0	-.0763097478058507	.5621459588956381	-.5301433751909177
.6414892998652029	.4184807253913953	1.1776345950515907	-.5034697703972085	0
1.2652699122324176	0	0	.7576290737728315	0
0	0	.1829286708640568	.7889557955799358	0
.42678964926155716	0	-.21205017799443132	.6488797194457527	.09296508826978594
0	.16683880328339085	-.590115206330535	-.24886913679752165	0
0	-.36383700557001236	.1348888441916481	1.284085854920225	0
0	0	0	0	.45820129637335416
.28893083681141607	0	.19999437420296912	.07102675050923424	0
0	1.1813050797800708	0	0	0
0	0	0	0	-1.7167225732159812
.33484716424961297	0	0	-.4482619601766694	-.8852033451468018
0	0	0	0	0
0	0	0	0	0
0	0	0	2.319753456684183	-1.0553206303839116
1.746813671328281	0	0	-.07816916938172963	-1.9624879690388288
2.2439297006993995	-.4119277903663564	-.6709495146273595	0	-2.767394789458815
1.2939500216884026	0	-.976416729400468	1.156290242101153	-2.4094385306345125
1.7671507180344812	-.14883515498123884	-.32733068377449204	3.9268396690208998	-2.2542198604960637
0	0	0	4.116066619808233	-2.4376983206208833
.6387757457736101	0	0	3.7182237750584264	-2.10143159696463
1.7500882425532258	0	-.20121987653539297	3.7269522177218524	-1.048888923545583
1.3231908487483373	.8627023872712882	.6273891395219018	2.3999585358988234	0
1.7351232999955493	1.441678738823779	1.3184540639194566	.825174097156472	-.6374505633564739
2.7450443333105428	.7252853886683422	0	2.6944588758459007	.48411721395964924
2.3954424879935043	0	0	0	-1.257362398761745
-.5825758515430677	0	0	2.874552931583335	-.34625058926628294
2.618265816991946	1.1427700738981446	-.3719390434399166	-.34728326578107616	0
2.0008018924187514	1.4572334750310112	-2.083404165135331	0	-1.245806486577164
3.5957570628523623	0	-3.2931383557253064	-1.1570704112163492	0
2.539156016700496	.6574657102414782	-.9825351024368262	0	-1.3252350020425623
2.035339398611517	2.4722679568365185	0	.5205296508615602	.24963856464229572
2.6971014307802603	.453708066215454	0	.7151694451870779	-1.8328641862376134
3.725324863213271	0	0	0	-2.7629527953108672
3.1782599955647406	.9648036873327898	0	1.1440476567105524	-2.0205452826505774
3.152644695472743	0	-.5249789635632678	.6045018675383607	-2.4435527237431836
3.398071643085434	0	-.4933354072024276	.6195527242643066	-.8550894173611995
3.421349162590899	0	0	.8695437403785565	-2.190421528437855
2.539703509401493	0	-.22484911066552604	3.2135019806534215	-2.593392106590912
1.865524401674644	0	-.5440876063772568	4.435266316748159	-1.7846604062844738
1.8272827963284966	.2575191314561541	.5322674934866436	2.4307698829445084	-3.768055838780243
2.9385488000691846	-.3956341581965769	0	2.0378244338422453	-3.5881524467930777
2.559388944402211	-.3465777510368765	0	2.901405794254523	-2.883066218965589
1.6972010353878975	.730202846735343	0	3.7454004246624395	-3.5983122745379803
1.131949315222807	.4522008424876494	0	3.688467623514978	-1.8123747518378228
.8221416473670188	.9368162217306271	-2.326145380178267	3.455733098980497	-2.882289090989751
0	0	-4.633129662188995	4.925537501463418	0
1.1078905739379439	0	-3.3672784255732333	0	-2.4081634463195862
1.0868240374582976	.28176340120019905	-3.192924487656791	0	0
1.9529007030815662	0	-1.810747967642791	-.1268345637026409	0
2.34212784957613	0	-2.7539870202621	.3439181752105098	0
2.4767057394786693	1.0393974002252762	-1.458421393416349	-.8545424897222518	-.6406582428659897
2.6671034991104934	1.1302905606191642	0	0	0
3.1001656144101815	2.4992958765727313	0	-1.3748197471576085	0
2.91068765634309	1.769876437608377	0	0	-1.9482065972001532
3.2539091261553117	3.891383162071244	0	1.1966758218269042	0
2.8524992417112105	3.700023263218458	0	0	0
2.3263852971339842	3.2129799008123423	0	0	-.7194570336865123
2.2884709914992847	3.2958567756484833	-.9242444584876489	.15142198206598567	0
3.0476403072112	3.8184686190232546	0	0	0
2.220999800770914	4.651894085378521	0	0	1.7473896691600357
1.908454344748425	4.77877562795658	0	0	.6008356893124731
.6942529915645372	3.2925399041543577	0	1.424285719253323	-1.490184660322642
2.209497361607711	4.459773068192175	0	0	.1627626671230181
0	5.465254264519742	1.8590166334924125	4.280806269964344	0
.10352059996281116	3.873445100445185	.7050906388200515	2.5851967761728183	0
1.1654229141600223	3.3456029694339744	-.693483300653375	2.2360809238820565	0
2.042677787377012	2.980300667590125	-2.1540699165791057	.5311732465784035	.4891508373238021
2.1131872438280226	2.1393513350253834	-2.3174506452148846	0	0
1.608450613320127	1.4996841294437566	-2.180030092952812	.712536671309874	-1.7718441851838738
2.8520891001027753	1.4987920264881587	0	0	-2.145945172459261
4.040142273707384	1.6670697994509736	-.13521642770953768	-.661909291802989	-.3259345488584007
3.8244139963950916	2.481331988755113	0	-1.8761646994800598	0
2.6477048596792545	3.362616230409567	.4113593499848405	0	0
2.62555077138929	3.629217954906308	-.21124564484796315	0	-1.2964978238155704
1.618863561521369	2.192482697301987	-.14016713140785092	0	-3.4439897123296728
2.157223000238997	1.6802279180514057	-2.826728743277682	.0202668762581093	-2.2456835656933842
1.854448492249485	.6255110680987731	-3.1714648357380506	.7433609211405328	-3.885468500593149
1.0268612514757267	1.2873215355775147	-2.0489965742891845	.611840571342537	-2.5970400211552818
1.8998064429972836	1.1782026774180279	-.8456947983081776	0	-3.0491961826528646
1.8568606190624237	.8311798745887855	-.6851547793263495	1.0796885728750991	-4.040907159747756
1.8120053628302308	1.1028589752865403	-2.096109621740963	1.62556142915411	-1.41376521820635
0	.8692794144152538	-.449374440817605	0	0
2.4783436126059097	.4695068993628059	-1.4110569536193962	2.0225423634728803	-2.5592630113914296
.5709544505344827	1.5200802716891473	-.909649083169894	3.6172700567890095	-2.3755826995813654
.8229117968606906	.7858792603233383	-.8749812172335385	4.538629388955619	-2.1557647207033974
0	.6066037289031644	-2.59612372640191	5.833932631797444	-2.153539422859841
.7098388109841876	.6973680076434503	-1.8332934403152876	4.541263525790138	-1.8062171395116622
0	-.31128351602962845	-3.1792566341342905	5.762509790513038	-2.3462798121841457
-.9127400114461927	0	-2.4573794869382604	8.03095179451894	-3.126089086831537
0	0	-3.174671406930559	7.696472365818801	-1.8937401013727824
.13181495075292454	-2.4336488104749083	-2.6689933934308208	8.951592491187643	-3.130306951953112
-.1702267255492127	.020697620527908134	-.14766857081024298	5.490410453616602	-2.0018504393349374
1.0643136298982525	1.0376821002036785	-.9953619644876031	5.132528542136007	-1.645820985893161
1.3022142019972298	0	-1.2597195270374957	4.716383727681903	0
1.7802356386730693	0	0	3.402192301048326	1.2258421231239995
2.075761349096528	1.156300189904729	1.8958250580426577	4.9279296425464985	-.503546716299746
1.7822566889232652	.3900737461609529	-1.0375279587135844	6.266980973782033	.6765627030475572
2.1141227429029716	-.6914217648816359	-2.2179095059961638	3.903954369613759	.6082134153378349
3.1012748842071067	-.21975315421363112	-.5486880402516949	1.5490182105551427	1.9430492490031996
4.368437404892843	0	-.6897564436398465	0	3.1149021342886614
4.937579276859595	0	-1.5777063490435053	-.24584308501826732	3.1460590322953053
4.220603351861159	0	-1.762508470483708	-.40305488342880075	2.852172949732984
3.760050676773299	1.4670390816547825	-.67237808392784	-.10013447307522308	2.0652671808342578
4.438584414817592	0	0	0	-.23494104176260147
4.503921918501825	.6490121421613386	.10421400356026611	0	2.1976803406034877
4.78476154025511	1.4690356779475482	0	-.392715268193184	0
4.98381468531579	.2317939364600408	-.10666373015924197	-.05210638213729332	-.7314571601167942
3.5506485319161887	0	-.31707996659761417	0	-.5552110943191061
3.802281453973403	0	-.45501301641386793	0	-.09260196001277712
3.0740341489962573	-.6615988097533693	-1.003959327829212	.7831005701098083	-.9402286542623393
2.9640121682945324	-.09676558429965149	.38487334705045995	1.3051279610032271	-.3914868682439099
1.8796709681977313	.7165115357385967	1.1270081330289234	0	.8739934731527033
2.8674745761332585	1.1965031003934699	1.2322112409687018	.9618911657404785	.28259903860107977
3.0109336856960516	2.1163048391411525	1.933269743712541	0	0
3.349322252752419	1.7802606469952624	.73273149685132	0	0
3.5100492961393064	2.3224802296463194	1.0917362000041055	0	.005491176645306656
2.568761337632385	1.6494416004426773	-.2617511431798354	0	0
3.003079441528836	1.3301010281005872	0	-.08212020910042017	0
4.996490390942804	1.8835793527439806	2.281629415304588	-1.512883738482253	-.06317628166614786
5.003203264011044	2.1051509506640813	1.5802334298399814	-3.443059963729758	-1.1883976246698522
4.086580975826229	2.3494201819325995	1.3208948097430575	-3.14274932968161	-.7302234098540948
4.693009941483917	2.19098574960905	1.2132617011426985	-2.1084921649317754	-2.7238498896089203
4.448400883740073	3.1745478885443523	1.9153175874088968	-1.4924370094900312	0
4.523406182047193	1.7420974030822352	1.2909586719023487	0	.045018935088133316
3.528257338652384	1.4630395289184437	0	0	.24512975177644414
3.42858000322384	1.6285553377205442	0	0	0
2.073025199214905	3.7544525874937946	1.7186896480346587	0	2.2268746322464987
3.79683724500077	3.1882919628390147	1.3335089973850813	0	1.7516969233449204
3.4813532542365095	3.499275648280136	3.071556545884207	0	0
3.1033652504216196	3.8592466691608602	3.8908217329506045	0	0
3.524033313746224	4.042194270239941	3.516287253922732	1.8720391561680456	0
4.792925129286862	2.339886373659246	2.0742170053862603	2.099314290550253	0
2.388511979878091	1.8781456610654066	-.15749104207335962	3.1558787463220224	-1.8256789838490497
1.5453084951187697	2.0963383181406874	0	.9021644514689454	0
2.8091979630647543	1.2905416587444665	0	0	.47198382022991286
2.2101471393282766	3.0076323447630235	.8505145162214945	2.9663902465725784	0
3.550028456956012	1.9018276778985361	-.1436921844823657	2.8758999289612666	-1.383768266876218
2.205690661409943	1.7927533893405077	-.3682030331108225	1.0220637908197756	.20257361257918582
.7280404978246025	0	-.049285586890416844	1.4793888436472518	-2.1511821521226446
3.2194830536723056	0	0	0	-.7291484993947117
2.6926076914110197	1.6108558414046314	-.07582969630637938	.9328213218751324	.20008766598985317
3.1580359165224823	1.1712481489084534	-1.4685564191927225	1.273383463316117	.8446578388394805
3.5758947406903525	1.813881154608908	-.1459510144865038	.6430389809649333	-.21708513779258903
3.2652878653096606	1.8247733296530004	.5503872267976735	.9900214780783712	0
2.812172567524855	0	0	0	0
2.6356237748514526	0	0	0	0
3.615942590461537	3.73560539236043	1.610324401067827	-.1412535209367462	1.5967434885059504
2.644759753196622	2.618766845255388	1.9742867472129	1.2580056582107184	0
2.848243802800614	1.5094540905312406	0	0	0
2.333835145781891	2.3352848014055	0	1.7851699284873253	-.6189403936606472
1.5771350458694133	3.5064814388109813	0	.3606189994026949	0
.36514661293276074	2.7153345288026283	0	0	0
1.630361425737916	3.155089761474324	0	1.5840440344975733	0
1.6752941905995344	3.193337370381596	.0007969851196362732	1.8472444102189018	0
.7560880310810909	2.7065978396969195	-2.7132623967510487	2.984123330965281	0
0	3.538484050343394	-2.39699916474183	3.4780988017947956	.10702589835460141
0	4.354019216522986	-1.8082938268119473	2.121281243034808	0
2.032099506566028	3.5773635182497796	-1.6418474474650535	0	0
1.5951588549578601	3.4659679468864164	-.7144106300789546	0	-.4378560189189959
1.5154119673801412	1.8949698741883387	0	.2085485706353527	0
0	.5696824207975324	1.162735048752564	-.1585046005680756	0
-1.6499057273433784	0	1.8227186599782208	0	0
.4850296368573305	.1690663322338793	.6228132405840087	.21200091773068946	0
-.660166579588908	0	0	0	0
0	0	0	0	0
0	0	0	0	0
-.2402250469262802	0	.11512119340939389	0	-.1814686502684199
0	0	0	2.1566811422437633	0
.9897086211701844	0	0	-.5526102450123918	.15169981229502927
0	0	0	0	.6212057409876707
0	.43043569368493684	-1.1243812489010558	.18849820394975098	0
-.8591139364695253	.9493554785109415	.029679691378319162	-.34955336958008987	.07844475528479808
-.2810915278842011	.4973763588041383	0	0	0
0	.930307349613606	.11995442346720973	-.5090484435996444	0
-1.1441205516316049	0	0	-1.2145868156653599	0
0	.992238682075765	0	0	0
0	0	0	.41484374614706143	1.3322366326652548
0	0	0	2.294482518895894	-3.2973451684427646
0	-.20658995713695805	.5896626444598404	0	-5.968466454771548
-.5142736167721785	0	1.8025761348570288	-.15354543930082498	-6.487962565144635
0	-.2236110314203641	2.1597571341403174	-.8055746360715657	-5.502660871608987
0	-.4341821067915121	.3540520701143425	-.31876558182889964	0
0	0	-.8009605053175011	0	-.43070776898183055
0	.6149958255302758	0	0	.6080184670676829
.6277837092560625	.9513465925868316	0	0	0
0	.946975284067265	0	1.4538141050861053	.07103024671208946
1.4690444635988156	1.2368930464664833	-.6182892476033315	-.9189150808839929	.005681230556881162
0	.4093048299472816	.23884824497658858	.02502757841812553	0
0	1.289787891501662	-1.419086549337498	.9758480085721694	-.4863035458844884
0	0	-.5118950829863094	-.43214579684736165	-1.3831171093779957
.4347070216109168	0	0	.7540689625005572	0
2.2521381045541835	.5462117092022533	0	0	1.9219187555673682
1.4544637236641988	0	.7840904252736985	0	-.6311533877341874
0	0	0	0	0
0	0	0	1.1742275169389553	0
0	-1.6209882272090317	0	0	0
0	-.8956227403339938	.724020791927251	.8482798520093181	0
-.3137968135621003	0	1.066405255387666	0	0
1.800012063642052	0	1.6353804630114266	0	-1.247414695986831
1.3907927828211484	-.6288446558221891	.8381337203887603	.8119164519302786	-.5065457652704887
0	0	0	0	-.4080495284788813
-.2745352910609522	0	0	0	0
-.18318384258513382	0	0	-.6302075112797603	0
-.4949021055794852	.3494202362340326	0	.11505436429493095	0
0	.756225086635935	.17279011715270956	0	.6345382340195032
0	.717008048721239	.7041905630074928	0	-.029375515215335102
.6827042271468531	-.5464182460732452	0	0	0
0	.05728032632229518	-1.0845841028922036	-.7995226718040928	-.3733709058026943
.7555350853726552	0	-2.3117285172000903	-.7239340125840046	-1.6604763585937177
1.2899652101606085	0	-2.093964121142991	-2.3995415695943008	-2.72877240089158
.059484348745547644	0	0	-.5894375551327962	-3.828534181050471
0	0	0	0	-1.1128943746565234
0	.5979607190776566	0	0	-1.187966058884786
0	.6171978891131273	-.13898154126861134	.32311174612460675	0
.19757723884810402	0	-1.2535400157178527	0	0
-.2867435050373933	0	0	0	0
1.8151166523346485	.9798019797554665	0	.7541023843611926	-1.0111009821781454
1.3181526518030071	2.5430158593866676	-.5197206812638819	1.629067986613234	0
1.9910131042510126	3.8594089730327927	0	1.4578264720546088	.24655811189237847
1.0758338066785655	2.6079091485072894	1.1202705833113331	1.47372065763211	-.2549794052816416
1.8819589106084422	2.505449833558997	0	1.8871035444090785	-.8825030983768419
1.8293148106729513	1.4581518134411244	0	1.4736521572100478	-1.3718689958026773
1.952588707642009	2.720546175999165	-.3757536577923037	.9039556218923525	.6472158398067897
-.881853568900446	1.6349695998986533	-.38118104230056904	1.60190472417644	-1.3666109503410782
0	0	-.7372338650808943	-.29603285608604685	1.0681341865813525
0	0	0	0	0
-.0996684321995825	.3107781103902263	0	.31228217786814405	0
0	-.18421617929550685	0	-1.1943710828150311	-1.023315691275575
-.9622478090625788	0	-.09467719951631581	.08862240197196852	0
-.8703580353570295	.37764972882160364	.7142831676110584	0	0
0	0	0	0	0
.6290226148191538	0	0	-1.3481293938410472	.1883692794507405
0	-.2965196098728011	0	2.903301551261114	-1.123090527170179
0	0	-.8046741593774246	0	0
-1.6206035794116542	0	0	-.0044728206543669935	-1.6555900482646644
0	0	0	0	.13142129181513745
0	0	0	1.2995235146350892	0
0	0	0	0	0
.41185697900704177	0	.6301195367894001	0	0
0	.18987551830862398	0	-.05320676915411848	0
0	0	.5894611939883291	-.3479132157770099	0
.1788895700758557	0	0	.8509538800146683	0
-.8643853598550799	-.3167675399910425	0	0	0
0	0	.4711254285343392	0	0
0	0	0	0	0
0	.21880713788227496	-.00960839949247827	-1.777934147776148	0
1.4116399828532196	-.6035954024273258	0	-.955038815858113	-.003658620450130101
0	-.6678328798415241	0	0	.3641117939861661
1.150436301206062	-.38100336438648097	-.7145447657576316	0	.3237735242345826
.4900064333060331	-.8690093663617147	-.9604697443023906	1.0722814928977704	-.7845441475137128
0	0	0	.2704779584123721	0
0	-.3706956847946301	0	.8840781920868833	-1.4959824568679854
.6341907954940875	0	0	0	0
.05303178833384449	1.0880594966015091	-.3188892722910268	-.3801614178390091	0
.4217839188114831	.7190109010655577	0	0	.9785902795347359
-.26498005438539557	.6651494005755852	1.2068678902217962	.35826020889722826	-.06738363730057856
0	.2003952729820238	.2919575699712994	0	0
0	0	0	0	0
-.824551160234034	0	0	0	-.5286008587595099
0	0	0	0	0
0	.9539666005662464	0	.11647915789679267	0
0	0	0	0	0
0	1.3125177536913342	0	0	1.0828793914130235
-.6502414450099172	1.136966907667089	1.1616194173948815	0	.030759720972859506
0	0	-1.4733704992019578	0	0
-.5309365426892425	.2637058052395014	-1.2736043227189622	0	0
0	-.08343466314027181	0	0	-1.5096926233917733
1.1688099518522808	0	0	0	-3.355065139500464
3.2471298863208125	1.984262460725606	1.9626730759032185	.9765771248854166	.17306332415075823
2.7139663545317543	2.211445583228793	1.7463954329750646	2.8512925021427047	-.20100667899317057
2.464712309295106	2.0974814414437066	0	1.3298781787457208	0
2.2216237376722665	1.7866772304644545	0	2.3486366325612535	0
3.0022848002251146	1.2981349786063416	-.06572677941205897	2.3141029152728785	0
2.9820425483168287	1.2272080618942565	0	3.21312237778849	0
1.9854342325120804	2.02137108617601	-.2734093243574335	3.222237815997226	1.6339122631816911
1.5357257665968302	1.7263223873190032	0	2.6505069372404058	.4109484062529224
2.3917664812501305	1.6728430659054754	0	1.6264544956766658	-.13158236894019315
1.1843601013229466	1.8341709684562535	-.6662509160528051	1.6258864550986183	-.21759061836619936
.6462485096982561	2.174736081376269	0	4.27919988842908	-.8294684539876604
1.4849826093593115	2.6780007760118996	0	1.2723101221710367	0
3.076493803187462	1.9438180807965015	0	1.4046965999177035	0
2.501654958979035	1.5025093643531322	-.4131362648870567	2.7863797258257574	-1.4341452161115333
2.1207815691592122	.8093323185496745	.21045718125999038	.6382427652727857	-.6576732891503592
1.9970484687166092	1.234684605884668	1.0459719144058	-.7784579452545148	1.013057541073135
0	0	0	0	0
0	0	0	.5862966477165891	0
-.35296825078955774	.2105406374803067	0	0	0
0	-.6428570334536098	0	1.448198292126276	.585216758803993
0	0	0	0	0
-.9292555446348028	.3802051016417287	0	.2900845444893808	0
0	0	0	-.9775466631632356	0
0	.5187637613954623	0	0	-1.0480723392565656
0	-.03039699427300764	0	0	0
0	0	0	0	0
0	0	-.9111834575222154	0	.18281381263270974
1.5326432557949858	1.2099742521676724	-.24275857641001952	.09003859935806233	-.7740600794844656
.16809344987260924	.19845594752562795	.7479044877456585	.47425672242413713	.024863162011656836
0	2.2521103891906664	.18707563023040252	0	0
-.4472243022954391	2.2209363601352186	-1.1662626271891594	0	.46847086493927503
-.5993162637197407	.33054848367611145	-.15873762123293453	0	-.7606121708207106
-.8233104121583619	.3750902987490776	0	.046914207820437204	-.6676865795003549
.6308706868074685	.01926384236865164	-.030235534214432203	.5633305974493324	0
.9310234791589878	0	.0968055634050288	-1.0333645861621354	-1.154960628516692
0	0	1.0116879154472413	0	-.06379655999463102
0	0	0	-1.5692876209068318	0
-1.1741953776784089	0	0	0	0
-.810484076655958	0	0	0	-1.0557119247691322
0	.7108705781946192	0	0	0
.34262356537271244	.2571974478809427	0	0	0
0	0	0	0	0
.15654211658306755	.00985808373852648	.6645646385093252	0	0
.3724472483966105	0	0	0	0
0	0	0	0	.2250709714209268
.04185889357932711	-.8406736325421532	-.8899252811840626	0	-.02228199049249785
-.13151458023091922	-.6434854282740226	0	1.14669718279682	0
-.013519662130706323	0	0	0	-.9207290781105811
-.17676524184017406	0	0	0	.34778932156006714
-.33421194298713586	-.38909174258966145	-.08265639935930263	0	0
0	0	0	0	0
0	0	0	0	.4323897653700636
0	0	0	-.5616252419086467	-.256598147655864
0	-.8699192231478794	-.2638272270133447	.23376916254816554	.9888080081041593
0	-.08569965883507896	0	0	0
0	.6103710392905611	1.0025372024138695	0	1.139039843734768
0	.8184138820700401	.8326587467511309	0	0
0	-.011844560846387853	0	0	0
0	-.07097397279697967	-1.2770881460816534	-.8667978508363514	.032600022713414833
0	0	0	.25995169440837373	0
0	0	0	0	0
.027724950911885315	.24022293909152287	.1682608669852158	0	0
1.2588667109963847	1.9426757958174947	0	-.034288521396031696	0
2.1888273869398494	0	-1.1987240138338078	0	-.8384969850815195
.8182994133441907	-.5854714951151412	-.7115963027408324	.3562569270989171	0
.7179845194287546	-.5729755163014514	-1.2462887888296197	.7043706692045922	.09653061249680728
1.279072215303369	-.6985708755942259	.010875809861289443	.2936674188057709	-.8852713518935467
.9207067021026415	.7812180338013457	.7600693308752666	-1.2189039702087952	0
0	0	.46189558236145606	-.15891526172200166	0
0	0	0	0	-.754774825507298
1.1484844325869452	0	.2599064916330872	.9646834147509081	0
2.656400007511356	.6747285855346358	.8013861252280619	.15924026971490626	0
2.053491588468058	.15931357700304696	-.045078896269165614	-.3203581687130734	.10990262744631359
2.917611530022721	.8282763083494099	-.03446980151355816	.1727862421845877	.09841958555132986
1.7205972730187438	0	0	0	0
1.6283821620517231	0	0	0	0
1.6217021988038756	0	0	1.7336983128227919	0
0	0	0	0	0
0	-.4392006946252465	0	0	0
0	0	0	0	0
0	0	0	.39240329559103254	.49901108004081784
.4476209084931948	.33116705881391584	0	.7941904983078582	0
.29473706366216507	0	0	0	0
-.16564388691609308	0	0	0	-.31575967040711955
0	.316500671325439	0	0	0
-.45740494657108105	0	-.40057955880607465	1.2816782204860249	-.8424505027188868
-.9090888420841605	-.02236353472561542	-.6002434259017551	.9648807730936888	-.3330596021638207
.6765600000564227	-.5517918446200507	.31895966105377555	0	-.11955429850762156
1.4440130862479084	0	0	-.1833481611205019	0
2.8058186877753206	-.4326296166709451	-.3366563039557264	.22826652669350012	0
2.087017725713183	2.0246892052180403	-.13200824246636383	.12850157881183777	-1.5267836143421922
2.0287437071012135	.3502843620010212	-1.0473607190018226	0	0
4.202062402447348	2.130521065747027	-.8820703062697098	.833940928747474	0
3.470347593543773	.7748448882455999	-1.6655858048944305	0	0
2.3949685964577414	0	0	0	0
1.494701590553595	1.0565503369369758	0	.19266664817758683	-.7717682704099962
1.703067693537375	1.68877398770148	0	.5344591655179575	0
2.6836155777871222	2.421817086921844	1.1201294747883443	.4130592272764833	.43535373994877
2.7405549271169125	2.051821361948736	0	.23558519920648108	-.26697788448889054
2.410146112309606	2.5892744380591872	-.3874024814377417	1.3576388755064719	0
3.054631124438836	0	0	.12704345004410889	0
0	0	0	1.6031599708960587	-1.4328303584958653
1.679472417854452	0	-.14205871242612908	0	-.7325432402626553
-.3386271142798116	.315079639415592	0	.07802545549892159	0
0	0	0	.10487605307062559	-.021031651340976926
1.545577187667266	0	0	.4645796143990428	0
1.8862291131310984	.4280461578163416	1.9255470260445446	-.4707834474111806	-.21810826438408262
2.387864001816738	1.484623160095358	.9952854217829747	1.8164279555798462	-1.411023135073096
2.637725941331641	1.7457014262971526	.7451171767413166	1.4669028441808973	0
2.8908156750293754	1.428482669808501	.09480383532104689	0	-1.7132855636949584
2.6918927821787957	.14800902253809034	-.18431855099276478	-.948846744974093	-.533482238033368
2.8553355470848456	1.1324998859183404	-.15375341082664068	.7041253019384432	-1.572653504923325
1.5724917936511478	.8272512607750798	-.8761044161106939	2.146294925310939	-1.429574890994631
1.4069945529550831	2.373760373190393	0	1.1850800904156897	0
1.365664340595667	1.5711191527644295	-.580458299940998	1.1621446831451518	-1.5692298017418302
1.4902567176323265	1.5459508987884285	.5831638850650213	1.9396669478084896	-1.6499180480905844
1.5947031897054473	1.5012117415623365	-.5700988785316865	.5664964450354435	-.02389215091907742
2.7676033898166614	2.108294424326366	-.17492190860677848	.6603934059182214	-.3659838934467158
2.9339255398549566	2.0752712439264456	.2309579969955468	-.39860768077663666	-2.0024636785132177
2.4692899848149374	2.6406165503134456	1.2966724903476425	.8296005462750122	-1.5273973667697298
2.3037290677712807	3.1774263527318967	2.949598366052762	.704074493250487	-3.2973350166016515
3.7835673195924193	3.667141665046588	3.4410517279389485	0	.37857036838651037
2.368064774058155	3.5807829996329072	3.4733810961597875	0	-.44149774444990886
2.732866808890061	3.519603516078858	3.1256750165577625	0	-2.2854218178276153
2.283922188342529	4.38557287962434	2.4170215187092348	0	0
3.3487952823145113	4.105672419133356	-.27465210183862865	-.3059892921497198	0
1.466728880317184	2.0997350689900114	-1.798304734215384	0	0
.33892191351375733	1.6294047133101208	-.36541848704278895	1.2626976436899517	-1.7958260084437334
2.1030765553090753	1.9410249141766571	0	.2724281710908164	-1.5480272865960414
2.5868316284006747	2.492660195298479	-1.4092861999415216	.574087486108918	.2655413311858273
1.8589308490365897	3.0149551778119457	-.7969307101941844	1.427934593148007	.11497871172564467
.9740766899127907	3.5899114174401023	-1.3824306497898577	0	-.38377759167850545
.9538565883159182	3.6245954384958847	-2.4482650866982163	1.918168197595104	0
-.6870139784125857	3.358681804202819	-1.4955027755950725	3.736316751806221	0
0	2.812029256614227	-1.4415568139078399	4.3155604385953055	-1.8904126430634458
0	1.9832835368603559	-1.4164216591435073	3.2350375136604748	-3.2908815362031087
0	2.71593421964336	-.9538959966941737	4.1725345304612595	-3.4990097533857925
0	2.640023931488936	-2.827680462344091	2.7688379575885	-.49081041710233353
0	2.3487902167991708	-1.308091036361755	0	.14775515168221878
0	1.2605775995719344	-1.5644523046584937	.8941209076702724	0
-.20616900736701205	.4777186578494873	-1.2025125812563942	-.6621934352359398	0
-1.162125949646665	-.25188278902688604	-.9484001933007685	0	0
0	0	0	0	0
0	0	0	0	0
-.7226757206503074	.7917105533381597	.4356522804515303	0	0
-1.096798311267213	0	.3418247812112628	0	-.3287282796629249
.5894185957380453	-.7067136727368881	0	0	0
0	-.06431330987743439	-.7592410616985135	.6404430884228006	0
.3192588145169725	0	0	0	0
0	0	0	0	0
0	0	0	-.06180861126386855	-.3703187878900834
0	0	0	0	0
-.06593418808456022	.004289577778287812	0	0	-.19091121244117143
0	0	0	-.18546984151186233	0
1.080797924503334	-.4042071117797531	0	-.31275238473063177	.8463872457452799
.8029760050770398	-.6934903407976817	0	1.5706882089843153	-.2557664257325678
-.016773222286396224	1.507221056050696	.052496254956078736	.28301884595904114	-1.0461184846776712
-.7937409813008522	.29637000192316265	0	.5434396919663339	-.11568007348008058
0	0	.5387913549797128	0	0
.3828160639059983	-.9618820949226192	.4198024603019068	-1.0134432712245303	0
-.4823510072450415	0	0	0	0
0	.307625860547295	.1119645176829031	0	.024433605078742093
0	.1436987666832012	.5333065216852498	.13772077382288267	0
0	-.17200538048657485	-.8663322287797484	.4827763014109241	.36930383862524874
-.1840753627573667	0	-1.609736916193093	0	.29662675389015936
-.4999841245696888	-.453303925562638	-.2682275692159203	.09139171119996208	-2.599157464679082
0	0	.6172329360023612	-1.230383454408646	-.6107007585555295
0	0	0	0	0
0	0	0	0	0
0	0	0	-.2461468135980991	0
0	-1.0377153045832679	-.6000337603112301	.1270851531317322	-.5311905801392172
-.4960015009476446	0	-.5770707930122746	0	0
-1.8194518805136761	-1.215134587173987	-.6082525141851178	-.3273886318219023	1.1990833781720613
-.6149058755433275	0	.017517412340399996	0	0
-.658419421781082	.5618154973574476	.6486181707842757	-.2302877449618358	.1277702969717491
-.959668777168317	0	0	1.0907149933362965	.7300404794671169
-1.3628392906906726	-.3299388560340832	0	.09847801825609598	-.19358404723662068
.1412211046922896	0	.33249017855628493	0	-.9670965078761534
-.5306642334802205	0	.3145494891992297	-1.3401319275726018	.08393782833635205
0	0	0	-.890262886352372	-.05572274437740914
.8463914987217186	0	0	-.5672057465729828	.31235326310560896
1.1288184296207748	0	-1.029364840451855	-.3586624756398686	.24815138562900887
0	0	0	0	0
-.6581593123531564	.618136091646988	-1.7285388877201002	2.6218206434096523	1.2821551570633147
0	.8173793321814474	-1.5613917424165276	0	0
0	1.5235467687342266	-2.7407921730616303	-.13142649472275308	-.4401546261957335
0	1.6121774988836017	-.5980939152371184	2.2259496396729697	-3.438792946495122
0	1.4915913731718853	-.2817223646333612	3.689926800734649	-2.5753972385450155
.5533006981144375	-.5633599754298949	-.9166040670781432	4.004131875360309	-3.2046596274788763
0	0	0	4.260353719744012	-2.6434151546004054
0	0	0	4.397503849787256	-3.5547496384714226
-1.345291437525487	1.227883307495968	-.3154617424647319	4.2751957549501265	-2.1689492156104233
0	2.803614755010815	-.20875108303547193	3.17193772915282	-2.4549161298349897
.35759399934944996	2.2125008785669187	0	1.1199364978823285	.6448695807891461
-.18081072439688303	1.0884189827473836	.9562213045721497	1.4664762985725757	-2.7804516548063054
-.421109875116196	1.0621021270998434	.10489020033112598	1.8213577647772476	-1.362387602230136
0	1.1066786975818903	-1.1597443276566022	0	0
1.5151190778949561	.3380604393414452	0	2.347546690860599	-1.3105498104339994
0	.3920029678092074	0	1.0934843873543372	-1.2055298514036177
0	0	.32472556836116856	.44329876384139666	-1.5380727477458085
1.0153382439637966	0	0	-.521352948642436	0
-.1489994210365595	.6474645092606126	.5863005175202622	.6790533561859226	0
0	0	1.6045650156236144	0	-.35243875209205644
0	-.5664393644450454	0	0	1.462630784327931
-.3711772681729956	0	0	.25521736588889576	0
0	0	0	0	-.2579607103177073
0	1.076189387660663	.6784821177763497	0	0
.33006522303288965	1.5387659830718163	-.47984959613712663	.8116456925125738	-1.514966873500147
-.3858844066572641	0	-.17816879757212367	2.220481391731548	-3.0799428874830883
-1.6678572477123688	0	-1.2192011676107646	0	0
-.3120834724174715	0	0	0	-1.3034599872288128
-.6634567817453052	0	0	0	.30067293995702
0	.5519244941115092	.8933600682766175	0	0
-.12550461091489953	0	0	.5350074170805936	-.4341757684763443
.1107166523353581	0	-.7768993614688713	0	-.769815423742465
0	1.5313340453775726	0	0	.07229232580448723
.8608952795037786	2.0799404092811895	0	0	1.0601800563264625
1.1311124257038823	1.5405412828919298	-.13538475404743738	-.20812354637423075	0
0	.25086146483015304	-.6959690197976454	0	-1.962132631000585
1.3709082191148299	.18543329055266888	-1.1947129949743613	-.5080107183375059	0
2.363383114634293	1.192729306924714	0	2.3981025018596083	0
2.4377009399314105	0	-2.640484213482541	2.546176362646044	0
2.994168998422528	1.790091155323183	-.8189562613841201	1.5979832245183818	0
2.7795798698350707	1.4782095635573695	-1.620150005187156	0	2.4412291355711866
2.153283410764594	0	-1.4886396003751063	0	-.5202509863063084
1.214171901746565	0	-.17040152140236953	0	0
.0028860781966244253	1.118478588778018	0	-.3049481653032668	-.700415495873554
0	-.18628461547389766	0	0	.7394434842083952
0	0	0	-1.0117475289437825	1.1441838488177276
0	0	0	0	0
0	0	0	0	0
0	0	0	0	0
1.0996632055364182	0	0	-.7200491402474614	-.6296706406685982
0	0	0	0	-.6332409268630612
0	.6321626994108634	0	.024199295339880605	-.6796395293841168
0	0	0	0	0
.7158038306221343	0	0	0	0
0	0	-.23874034413020961	-.5782206473544409	1.00572015954079
0	-.31299661022670816	0	0	0
0	.8450276343145091	1.2584164171182337	-2.132149708113026	0
0	0	0	0	0
-1.2064925700771476	0	0	-.681946190116225	0
-1.604417886772129	0	0	.9830139650741552	0
-1.2692300062510309	.6979080418369014	-.06989923817146906	-.14163345854676176	-.11456936957572843
-.8668417790915172	1.4653761750114067	1.5514255005813842	0	.6456943333367657
-.8161336306229584	2.759726209604788	-1.6341611583772604	1.8375740141017745	.6940564720835062
0	3.0124407056830447	-2.0777482189085115	.6395910593891619	-1.250823805203003
1.2469133572693987	3.8983842273264484	-.6622910903167154	.6059257207603986	-1.7666834284627746
.49559556878232175	3.1938876534743716	-1.1742162572367898	1.8488827098357814	0
.3199237312672768	1.9659467648405249	-1.8935687831802939	.6549762260609708	1.0912276698623957
0	1.4359224887990265	-1.70041729496895	0	0
1.045283750977441	-.38595438984191505	-.8987152884811775	-1.521546308424249	-.5950726207454005
-.43605721669765374	.11384229553593493	.4396222313930243	-1.1988680087780752	-2.3418718398039826
0	0	0	0	-1.7351064775332832
.1128937975359591	-.4548129418812226	0	0	.7003504994434235
-.921134087781266	0	-1.3021767293050064	0	.5792558092427706
0	.48788615423449994	-.27762432855017005	0	0
0	.7932214823337342	-.9315447151847626	0	-.13223206376840393
0	0	.1589546818493717	0	-1.7875558077193914
0	0	0	0	-.2794203906368744
0	.5280825787343313	0	0	.19116445480524813
0	.810175129294595	-.24765179363518114	0	-1.0803637385739064
.17375283975006794	0	-.8791260175144975	0	-1.0379656327024527
.2910567352690894	.22158605402480996	-.6554893282145983	0	-1.0617672022779259
.11655853847481816	0	-.797609039182118	0	0
.23730250947590847	1.9690050086384003	0	.30880382304361914	-.12042206000800901
0	1.0566620351433904	.9142622193068831	-.6175721585310223	0
0	.6302544401329492	-.3304759223490345	0	0
.42576039582348624	.3444428204926256	.25332832438399766	.1520826479686906	-.38209341668914804
-1.440239485977383	1.2600874088775236	1.564501478914533	1.8413312717644186	0
0	0	0	.26368641349011146	0
0	.5321799962458589	0	.1581544379137204	-.5238857923733419
.32252904172738533	.9115487801099192	-.0076525447135613045	-.42302021427755354	-.6058319592177932
0	0	0	0	-1.163259140386606
.6972376059762065	0	.1846907511223578	.6296281611932399	-1.597183053184253
-.8730978290169805	0	0	0	-1.3668228099100475
0	-.5790107551465962	-1.9626327105967574	0	0
1.2627052885673475	0	-1.5172731553852394	0	0
.7854520143956845	-.20691947286179607	-1.1393138108970693	.17103911706897237	-.38263594810042045
0	0	-1.534281540595905	0	-2.310575765651218
2.1604565536513634	0	0	-1.9399009283656283	0
.9907608350464622	0	0	-1.5994087589155055	0
.636553789934411	-.2625129692609466	0	-.768377901985516	.6756344066204889
0	0	.6238820700293646	0	0
0	0	1.1266259964134477	0	0
0	0	1.1971155398791096	0	-.6990701947121236
-.7471517545066095	.4277796663306911	-.4618622556949905	.3328049579492794	-1.4674973059317986
.8182658884385097	1.0359675211716244	0	.7430661063586002	0
1.9857016700577352	0	0	-1.2128774273699054	.41612184030398375
0	1.0404992107850064	0	0	0
1.5755065540234687	2.37216538841704	-1.2930906465099077	-1.855879823697723	0
1.1587911183626698	1.541333452499889	0	0	0
.1251514720881196	1.4942441889090765	0	.36348627107374004	-.7400302904894267
0	.658697116150328	0	1.758471986333114	0
0	0	0	2.0345331031716904	.01346169080353371
-.590488787167197	-1.7941444577641819	0	.2444814165760294	0
-.254885721761246	-.5503651711494939	.3936613031430424	1.4220481976979482	.7034853063642066
0	.012237791363134909	-.5930540688400284	-1.3908512692877002	-.6688796643320442
0	0	0	0	0
.464971853059643	-.3230911636586475	1.0149226224047312	.036336540600955425	-.06850298117550246
.4548085532776209	0	1.0536033421224336	2.0165418554662766	-.45382789572326027
0	0	.5036092525174608	1.0300253777672106	0
.8462943707185105	.6036540727569422	1.312315872933683	-.03284116295585167	0
-.22034499558953263	1.4586481298638627	0	.6378112350141372	0
0	0	0	0	0
0	-.2793303241302497	0	.1274121107743729	-.5193714725161709
-1.6914567218362517	0	1.3724804984192294	0	0
-.5862742042912236	0	.7686937935376253	.8803714031043539	-.796047012144892
.15438167434750838	1.3396940280613985	.1681092178766392	-1.1638276575620659	-2.1485744577690045
0	-.5806489202491478	.09824150814129273	-.7100810169917251	0
.5666540256096902	-.015946454924179107	0	-.5701331039686846	1.1448741641535154
0	0	0	0	0
-.3101104192862081	.764087777000308	.8305859914760451	.855836319261625	.8281626717816069
0	.46414546743911067	0	0	.8423457617073202
.4391657367472774	0	-.2512754312976471	-.41667149684255633	-.3418233564707506
.6244303755031709	0	0	0	0
0	0	.6344835092006067	-.5769353308329799	.829254954144387
.15922905470383283	-.7342940362305269	0	0	0
.7252711516815312	.13739315615317582	.41784442002885835	0	-.8515745406770349
0	1.1115604783922006	.6449414758013772	1.0946447163895618	0
-.19624072748170224	.27320570999856475	.27200548612132763	.7150658546666259	0
1.0556507849734222	0	-1.697674885364144	-.25178257653270847	.7829260137749713
0	-.7688219135683553	0	0	0
0	0	0	0	0
0	0	0	0	0
.617415613900361	.14858032611875643	0	0	0
.2640797519052449	.4332305372407814	0	0	0
0	0	0	0	0
-.3325450731218902	0	0	0	-2.202483090186556
-1.193253201003664	-.08800423085141487	.6678733363827422	2.2156502251303007	-1.6412307092623744
-.7144893666555161	-.5258823946037887	0	2.0539296660206734	-1.4658046705642058
0	.05927752748226421	0	1.0143455530842882	-.4399692632225705
0	0	0	0	0
.11566093949440712	0	0	-.2693569032317174	0
0	.22471245602306378	0	.2259626755789034	-.5113180859929524
0	0	0	0	0
0	0	0	0	1.2975473889807971
0	0	0	0	0
.24167762688620348	-.060258367081304554	-.5669818676229454	-.001023430616846295	0
.18868757782429948	0	.12248695342342286	0	0
-.5537436149621414	-.05733211895682902	-.7672588087869807	0	0
0	0	-.8688305840795807	-.13480809320605353	.8572250870551845
0	0	-1.4983421662955292	.34820548081237207	-.4060664372116972
.0037554958200560207	-.4740576851042172	.41548842438042527	-1.3681169416794214	-.35262726966851765
-.3603049147603503	.245240600715866	.912087127947163	-.2939106240530913	-.2147712550642903
0	1.3065312451373283	1.5170012832250472	-2.413168422536425	0
0	0	0	0	-.27406517623992377
0	-.22764660405037554	0	.07946056866612893	0
0	0	.38879380166718946	0	0
0	0	-.09791038767197097	0	0
0	0	.9918312714638572	0	.3908825295004985
.47569772561267665	0	0	0	0
0	0	0	1.0000883555229214	0
0	1.0154914595552096	.11531010935894764	0	.20564730650563146
.2127496756311582	0	-.43320062070685367	0	-.8420000899076459
-.6779129198118772	0	0	0	0
-.8705563266044558	-.21079730586965947	-.25636099174196425	-.018144499792003027	0
-2.1214798952324605	2.150801960650176	-.8700659219939526	.7572852171441491	.331633868371307
-.4433829612881105	1.545797302401391	.12962314226805602	0	0
0	0	-.6395355645596819	.36119726341357566	-.383783714628539
.14187975617370274	0	-.9338120190015501	0	-.3232241797633104
0	0	-.020200254696052466	0	0
0	0	0	-1.4098427267190417	0
.19901799393472414	.004166829541283085	.08223273491503336	0	0
-1.061165950086865	0	0	0	0
0	0	0	0	0
-.16598922806448518	1.301631329543596	-.5897197808124551	-2.000979397606018	0
0	1.6336425969283161	-.5807417136761608	.7637814886448969	0
-1.3983702910635414	1.9436891038641282	.46803925186663486	-2.4144692459639012	0
0	0	0	0	-2.361306821707223
.47568780485570866	.4835169044043632	-.44669342477044194	.3641156373600572	-.10197869140317262
0	.5768265101953088	0	0	0
-.3037818583497716	.1237224934910644	.25975243750638455	.5197532671928262	1.0247990384722887
0	0	0	0	.2724889452073877
0	0	0	.0983241161064915	0
0	0	0	0	0
0	0	-1.352400201265616	0	1.0303574288866464
-.6996648939519615	0	-.22935529755675266	-.10634812943089311	0
0	0	0	0	0
0	.4730314983936045	-.4634068256713654	0	0
0	.3413002531264595	0	.33914497898249063	.24380432626679593
-1.501018421465567	.3965768938618786	-2.203287051832649	.558937740921643	0
0	0	-3.145801003814929	0	0
0	0	-1.9153854991274395	0	1.695803924618891
0	0	0	0	0
0	.7273151981144869	0	0	0
-.07670479924180648	1.0664958790244385	.23665010646266915	-.20973948747040638	-.693193010601479
-.8470135234133567	0	0	0	-1.2265878693710355
0	1.3687090807240696	-1.0141731929208357	1.6962293816528546	-.3770778301131998
.18449716806679314	0	-1.114157584152817	-1.5750303471138998	.09577869906337352
0	.22623098242461778	0	-.3315023502192067	0
0	.8340845177609787	0	.6967546327460887	0
0	0	0	0	0
0	0	0	0	0
0	0	0	0	0
0	0	0	0	0
1.2209437900661644	.051575935964920855	-.6580454015920234	-.2411707938384453	-1.4641558842030888
-.2745157142207353	0	.1268134219691179	0	-.26168867013525804
.6030939495803171	-.4845573300986096	.08596516369681712	0	0
.8746995971868168	0	.993780524727027	-.7475303998265448	0
.7199426431142857	0	0	-.6974734949310155	0
0	0	0	0	0
1.9562458596795684	0	.6487864826617278	0	0
1.1605526282525396	-.03733015864128397	-.4341330805502921	0	0
0	0	0	.0643110634203228	0
0	0	0	0	0
0	0	0	.3267331819262212	0
0	0	0	-.49416668879715775	-.5227818290269187
.6047903648185062	0	-.06354881608606017	-1.4791943618241354	0
-.13557747718054355	0	0	0	0
0	0	-.03556637432649959	0	0
0	0	0	0	0
0	0	0	0	0
0	0	0	0	0
.5775275186719693	0	0	-1.340390566536201	0
0	0	0	-.36853895806418124	-1.219224700172351
-.7754164920968518	-.924712368811877	.43700312598312435	0	0
.1306289381180922	.6242429041423789	-.07749517013117116	1.0860324973125568	.14435437190546913
0	.3138049666558681	0	-1.2154015603848696	-.4496595497592922
.19496641568311424	.3187973446081439	0	.7587309290909915	-.25448472990924853
0	1.0369846692179352	1.7260619672317	0	.22540800872918432
0	2.384257756586295	2.409479412854718	-.7972930645541804	0
-.4007097892073905	2.3929355155862155	.5841236397447097	-.2115595298107701	4.82350678655337
-.4791823844412288	2.5371541666010664	0	2.5627351431317105	1.2699682754671577
0	2.692801846765427	0	3.1332856657543555	0
-.5029072691241223	2.664948295222507	0	3.598847206096905	-1.1611774794011362
0	1.3410389124833948	0	2.272336797989617	0
.9473589888643956	3.720039628782812	0	-.6291847796104493	0
4.475168120904355	1.3540541997658138	0	-1.2573707679064712	.1369460044987023
3.9758549175772115	1.3041354095399995	0	-1.4378658189173568	0
1.6347551013242536	.5706972892831331	-.24594750651513114	0	-.8829720483080495
-.40415315026546245	3.302213629284553	0	2.403499464014511	-.8009732163545692
-.6092342767971258	3.450307943710209	0	.9679062965466578	-.3354030990778729
0	3.430930654802542	-.17080542208982222	.4034509830307772	-.387001531278897
0	2.57035853147183	-.1914408060913492	0	0
0	2.1676689345008677	-2.064245632430018	0	0
.0858670950370467	2.076034011531155	-1.7798925041848828	.6121033190295512	-1.2231912353153342
-.45921440543225356	1.5406002696002656	-3.201862754845918	0	0
0	2.7273325087584768	-3.1360460280746034	0	2.3826368963164746
0	3.0559095191838455	-4.349905804594676	0	-.6137157971835931
