x1	x2	x3	x4	x5
1.821028094108294	0	-.07693365122289894	0	.13218200135006425
3.0608506470916046	0	0	-.16796697734587696	.22942751859341923
2.9600472250450447	.465963475837362	0	-.6698241657967743	.3955800947033151
1.871195280361606	.9070093786985056	.8237651081063984	2.1136134703155713	-.3995446918907797
1.7870743681037362	.8320003962279799	2.5240798573726035	1.3460247370923886	.17235215137501353
.9587809022475634	0	2.4945297974658556	.8538121974053559	-.46309019782234007
1.2060711117900447	0	2.0402311136386477	.29468114809491064	1.483954599168416
-.1920848870659449	-.9323417307488975	1.1080375975986962	0	.5129251087595255
-.25290195385548025	-1.796495902691969	0	0	0
0	0	0	0	0
.5495227352478353	.5592764038834447	-.15707032568876705	.8541232834704248	.46329278351343084
1.1537614280886124	.3099219144394456	.05436393333319235	-.47921598572779867	-.3192932241347316
.10414698295683109	.8569765395721058	1.017446093266155	.6962284696318346	-.7344284085510978
0	0	0	0	0
0	0	0	1.877300127463193	.6283824199502048
.5180989696449305	0	-.34419514168556453	-.21440641173972752	0
.23618846563167042	-.06144643772406588	-.810059590625644	-.6146116221144154	-.9947777858800299
-.4043058579702388	.4748338354071492	0	1.9932708091147266	-.9532494175953435
0	.20222074478930607	0	-.13221178541644443	-.3349733547419961
0	0	0	0	0
0	0	0	.4222762611540218	.5139011481835688
0	0	0	0	0
0	.6454495122579208	0	-1.1098840900253928	.22913319552497963
0	-.6564037917486787	.7684467570761435	0	0
0	0	0	.5519826068743069	.7746215357556026
0	0	-.08839298255430295	0	.9678017673956365
.5523962302312194	0	0	0	-.2522311241667361
-.046576866650761495	-.0895275303234181	0	0	-.10967045690581403
0	-.0751945036585302	0	0	0
0	.7672340282889495	0	0	-.71811691671881
0	0	0	1.394394328778838	0
0	.3219058133968082	0	0	-.15408687279060618
-.5516971020507668	1.4980388845515895	-.2473220100305788	0	.6922272487449412
0	0	0	0	-.7473635645216585
0	0	0	0	0
0	0	-.9890372429085781	0	0
.027832583579503023	0	0	0	.08718099575971003
-.21570401292377084	1.295575493182914	-.8886003173722935	.7588282055789237	0
0	0	-1.1630104307599918	-.24106070824807468	0
0	.24891068846801712	0	-2.4529163013625896	0
1.0149804744337187	.5658292830298016	.5134670611196278	-.5080409335885456	-.471494045730783
.6101265222871567	0	0	-.9593573816125105	-.06927933244146692
0	1.1056196296843668	.8594376377265975	0	.8449825536733312
.05390982923655552	0	0	0	0
0	0	0	0	0
0	0	0	0	-.7215103008060608
0	0	0	.3052591217741908	0
.14758045014996385	0	0	-.018512012800361355	.02493046929061616
0	.936461829147709	0	0	0
0	0	0	0	0
0	0	0	0	0
0	.12424354927087436	0	.14281060311197336	-.035213217591889445
0	0	1.0949544132384237	0	-.7439439102052121
0	0	1.0337339844210567	0	0
.0751733965948711	0	0	0	0
.3306697109491455	0	0	0	0
.2023519126039997	0	0	0	.6787289181658727
2.057805328153093	0	0	0	2.5743022602901657
1.4046660017252999	0	0	.6061760657501923	2.732805947512492
1.0117886027548442	0	.5485930374520478	.771552904252216	.04766289803996726
-.7605910315257364	-.8248617163568988	0	1.0067097439282244	0
-1.394337916102453	-2.3485279705463418	0	.32078106531655937	-3.51275667269969
-.9016062594790671	-.36418982260598187	1.0252458026168447	.7280502057285605	-.9639876048647255
0	-.4524422424478751	.006590900309409509	0	0
0	0	0	.9502866926577411	-.39330353559503617
0	0	0	0	.4619780646910828
.566637299461467	.22499108457806297	.7816361587308704	.1930996736805225	0
0	1.137920796432313	0	0	0
0	0	-2.3367777060958774	0	.47322907207218445
0	0	-1.0302515867276494	-.16786152729332424	.08965211168003517
-.388512671728504	.7850336398225095	0	1.5814996650883486	.4026431180407387
0	0	0	0	0
0	0	.6484859794352618	.4162134713363122	0
0	0	1.0305095065431145	0	.5379374008168958
0	0	1.1826381092811236	.1596991776074848	-.12333409542895579
-.31619179691438565	-.21983529935909032	.9400560015733066	1.69834299130188	.22557296518995734
0	0	-1.3224579871442534	0	0
.7726844485181348	.16004737428220084	.8136746273831925	-1.8654949629856092	-.2656107736968372
0	.2934758725789187	.16268329994564712	0	-1.700871366327329
0	1.4032478434632483	.11932784048234288	0	.7024344734663348
0	1.7540444863672793	-.12389222999563201	0	.3926331955943156
0	1.7569780933881751	0	0	.35644666179722406
0	3.0476033727802836	0	0	0
0	2.2062741068541274	0	0	0
0	1.6751764704459342	0	0	0
0	2.9916800009995344	0	0	0
-.26066429148780457	2.0424018923023337	.01941045176993078	-.04005781896182864	.38070523676948964
0	0	0	0	0
.07618774109524817	-1.0195210688121963	-.05412172859404023	.21701429304819828	0
-.3038915155241665	0	-.3114678016175628	1.295619674938443	0
0	0	0	.7039075196101594	.4816045251477637
0	0	0	0	.045896937405456084
.37851617743697585	-.02694649601179072	-.17595745331475204	-1.1336787397817794	.9211896183767482
-.38982469112045115	0	0	0	0
0	0	0	0	0
0	0	0	0	0
0	0	0	0	0
0	1.0118597475066302	0	.1422235770848588	0
0	1.4492765262747083	0	.8656592248957247	0
0	0	0	0	0
-.5198533622349704	0	0	0	-.7948615654649932
1.89107923387027	0	0	.6321464350969374	0
0	0	0	0	-.8888837598381019
0	0	-.3064128558523249	0	-.710984233582247
-.1858497579527349	.5652964938741654	.1219391041005477	-.7398483969112947	-.5855111895839182
0	-.09029183452636802	-.8887209649769356	-1.5135687028036087	.343682386212141
0	-1.1061658419857663	-.8721572742721946	0	-.42982658738630536
.5149451135926427	-1.1516826940573093	0	0	-.545111308351083
.7430841661140869	.5281411357669075	.06763782913121	0	-.055793111330625075
.5384187663111888	1.3487257008361073	-.1280529069498409	0	1.2491655621842723
0	1.0538081690107903	-.6171319324186967	2.2142653683121543	-1.1353139004875077
.31957870266660005	2.925246051104472	0	2.951415316364442	0
.6714104640929551	1.9795378366580585	-.19009374800341555	0	0
1.3449826570365957	1.0004876750411633	-1.7457582074193776	0	.13205740057229975
2.34191143459511	1.19508554073507	-1.3585997771405374	0	.3619524996734085
2.103340655804835	2.1128031460912617	-1.1254036589665235	.7470014399796414	0
2.832895798659301	2.1048768325428933	-1.6181821630744395	-.9368056876907539	0
1.5316093112081992	2.913504949150826	-2.93565446649218	.8802968975996646	.3649692676303288
1.52186017463605	2.0803553318347645	-.9225645211229698	0	-1.0200346172121335
-.4446182066420166	.34840728035973606	-.15308504769642517	.1486452379683924	-1.6420211611282225
.1060770218865929	2.475504819542617	1.5011483628115085	.12945343386049568	0
-.3873057428110984	2.1140809254698576	0	.8407753544934213	.5559313516017234
1.4792690033218145	2.513287803155358	.7792817632736602	-1.0381916677848673	0
.38168279394377946	2.8216995452424634	.18585063987576564	0	0
.7700650764219814	2.2897516181752238	0	0	-1.1089030472137558
-.1219987954563034	1.8058602803934116	.16112697569410217	1.0816220931059939	-1.1812438778035714
1.6138645933185147	2.3425067180610744	-1.014553040066371	0	-.3813171950892583
.6167275044394186	2.015572144310551	-2.783318830343892	1.86765183464511	0
0	0	-5.137015051745795	0	0
0	0	-4.379286050763652	0	2.3197977722741046
.2187913893533628	0	-3.924969912293349	0	-.6310695069140699
1.612028076919134	0	-3.3545301386102	0	-.4562697281696888
2.5322969982757497	-.849323657623454	-4.944735935351779	0	-1.1855486636029537
.24789878387645056	.6179501999874547	-4.588109670460683	2.9197165710136144	-1.9013170555830623
-.9059299433250076	0	-7.165878458048705	5.403713113043738	.9942040255712685
0	0	-6.915224989638243	2.201900771356549	1.4121374872663397
1.4636922629839222	0	-4.087068606617527	0	0
0	.003562424525733854	-3.1024812499517602	-1.3355815068038324	0
-.4320412185730962	-.5358654349356812	-1.7013179775745546	-.3604438490326096	0
0	0	-1.0309659250227994	-.43380886463361296	-.11268701026113759
.3088216615785082	0	0	0	.19013702847669478
.4149484310321149	-1.1023698757199814	.5486763399293318	-.8059625742343057	.43702438730167065
.607018250270233	-.04313912753386073	0	-1.321589363973162	.23809895546418888
.06266805765169176	0	0	0	0
0	0	0	0	.8438488884773306
0	.0338246856214387	0	0	.0027923388806049276
0	1.0527962699079272	.2523130837178271	0	1.6535377827285171
.22745290911254812	0	0	0	0
0	0	0	1.5428169378940737	0
.8824996800859113	.5982606997580322	.4758953698957671	-1.4377571078954159	1.555983793658501
0	0	0	0	0
0	.2899307401975524	-.568434583446294	0	0
0	-.0020335018604271567	0	0	-.6369024443383701
0	0	-.5186382740342529	-.23819830298264683	-1.044142444166928
.8640925276178456	.7502817854588737	.7761382725933685	-2.202141534099934	-.5111546250855894
-.8952466934068576	1.8704117248894763	.32125147669664844	0	.7990720722357989
0	1.6689639623864214	0	0	0
0	1.682375829872473	0	0	-.5154164724850345
0	0	-1.3545742911616259	0	0
0	0	-.8243896194863646	0	0
-.4495687085132515	.4279594165082271	-.920067682771873	0	2.04935671947162
.14562506730803987	.09162368602277426	-3.258728281184648	3.154048007141228	-1.7627734579655896
2.5600802353580985	.7576843465513857	-1.6252213116460803	1.3632320004414176	-1.898816534577199
.8901791268064028	1.6538452421230705	0	.35450981327583175	-1.3807529418241602
1.5421173169885014	.9592252810317228	0	0	0
1.9430146201156862	1.4455164319765985	0	1.39852492164569	0
2.1274175571435983	0	0	-.6009345397112205	0
0	0	-1.0840341835093683	.8105312794339281	0
0	0	0	0	0
0	0	0	0	0
0	0	0	0	0
.5312512652217786	.8889316743559785	.941366302350249	.6129048059003593	-.640806023801826
0	.9543554133417222	-.2890994593650298	2.686767926444462	1.150840588569408
0	0	0	0	0
0	0	0	-1.3302637917802698	-.21156392568805765
.27276954204157056	.09987326960556114	-.3355250346486268	0	-.6906406090849315
.8459269719584335	.4984782653397313	.1921668522383474	1.0150772828125316	.13911415004524694
.5708330222323259	-.14316334496095137	-.08878672376184044	.9006002195182835	-.5480180092993052
.5371058511928994	.1346055274154923	0	.7021854585884649	.5078679784165184
0	-.06710686299361382	.11382147549704759	0	0
0	.28109527830496345	.3992573149605353	-.5603180377820918	0
0	0	.8162996243011058	-.3197027468796803	-.02620307926210641
0	0	0	0	0
0	0	0	0	0
0	0	0	0	1.6945661260034814
-.8224252287717345	0	0	-.2643953003082445	0
0	1.2067275553922847	-.09402082129447958	-.5637156112940787	-.4055759400533752
0	.5076250586031829	-.4552560812322782	1.011108800598708	-.2190015789913593
0	-.1412828072642835	0	0	.2238821531359586
1.578624676143842	-.8912187605705783	-.29742093787364066	0	-.13198570855380004
.6347611288184668	.21167721035812603	0	-.32339807215797817	0
1.7074865050446513	1.059662649056975	.8788854304637929	-1.0199176423659602	-.8836830399668774
.3720185680679392	-.1200066523387944	0	0	.6915963727266832
-.46574450214828106	.7422285197726153	0	0	0
0	0	-.19923037712828273	0	-.5551544652948598
0	1.136197434223152	-1.7909757764748115	0	.31009397285503093
1.398086814256073	0	-.8747360434380711	.026333192480255507	-1.3504564086900588
-.6192971871644051	.3084487345244088	-2.268322722646925	2.1967988637380316	0
-.8941214307314111	.185401561872591	-3.1995414140005587	3.4537560971773344	0
0	0	-2.0803218407869566	1.2582307370916697	-1.9932187413190658
.017492209631949085	.9641287645206078	-.6238455412181712	-.2770142304705468	0
0	0	0	-2.09711637690049	-2.1398081514336713
0	0	0	-.6525604896834789	0
0	.8128462523626049	-.4128703947530322	0	.36077738347901517
0	0	.8739108998987566	0	0
.4996113231916156	.3300484099297796	0	-.002497813732660892	0
0	0	0	0	0
.7266755136535054	0	0	0	0
0	-.07283289889200102	0	0	0
0	.03975418061443903	-.5446137187810418	.80527806510802	-.5611715207432239
.5803967841124291	-.3317800968378585	0	1.3837812210671785	-.17974412698245623
0	0	0	-.3042866078638994	0
0	0	0	0	0
0	0	0	-.22239035191802414	0
.6202607700092596	0	-.46985045583586527	.46227845097608056	-.44930351467729346
.11585644936776518	0	0	0	0
0	0	0	.7815570857217278	-.631531098626336
0	0	0	1.4755295676605724	0
0	0	0	.723341618315325	.4314781038910205
.33735904739792477	-.6916328723139149	.376713851184865	.2037411444695973	-.14024876065837497
-.34271929879286656	-1.845588415062597	.5989074139365248	1.8860553825637956	.9501370583332487
0	-2.176800622700908	0	0	0
0	0	0	.42801317037445397	0
0	0	0	0	0
0	-.32894975567922335	-.16914480319560804	-.3454274257417242	.7771468384888243
1.0870290288666054	.0726043902042091	0	-.8646789630770532	0
0	.21585783229557307	-1.87436662363521	.4644378405660404	-1.3242753186125715
0	.9024824003334851	-.7763288579028956	0	0
0	1.9357152007579572	0	1.2693680147696558	0
-.5116314392659251	.5649572223220781	0	0	0
-.6692459657206556	.8178787911612602	0	0	.7403157256561255
-.8638393914274618	-.04531013631238792	0	0	-1.592903087121659
.03964917156698944	.4677564065335121	.379044234026949	-.1251942987210597	-.2931076749361543
.9455562630109762	.9862324837306058	0	0	-.055475699958173724
.20866809015459784	.8044589945682941	.24154856449055462	.9902763044705913	0
0	1.0250074717919713	.259727998472119	.2825789053840306	.18614428236449487
0	1.3530519383838204	-.38832175795987783	0	0
0	1.0339406991381956	0	0	0
0	0	0	.33721734833828604	0
.33267785077398765	.8410767485162035	.45514369114756104	-1.279785437620101	0
.12210276719909557	0	1.5335070147798762	0	0
-.7867835092186701	.2676551864872486	1.6827922717516948	1.3175359035923844	.5165186544847522
1.8324581017080823	1.0630634244161787	0	-.6130609981991509	.9913669738669377
1.2482686044926652	.8278100842650234	.5116547047759112	0	-.6738385091686913
.9716428049607205	2.011849533364391	1.1589138575379851	0	-.03312625546721648
0	1.3872343308821573	-.14289491379105176	-.0541998671023913	-.8179566208596168
0	1.5665660980044753	0	0	.8667199627663791
0	1.1231690700779162	0	-1.3496527262868947	-.003110457627192531
0	.40655366024563455	0	-.9339938920688643	0
0	1.3438426793968845	0	.4191735156120821	0
.9265286393145293	1.1586802499966442	-.45064217360268954	0	-.5518955487194583
.8161075035085968	.5496205812355833	-.8370388980857437	1.5039453926574335	-1.085108244398108
-.29371525588780023	0	0	0	0
.12197188836092666	-1.2293177221678557	-.8458293553824583	1.0443148760130843	0
-.250699995415199	0	0	0	0
0	.44660165860887957	0	-.6902932824691609	-.9656807041482778
0	0	0	0	0
-.45656629539375393	-.32965426118702695	0	-.008429843411794702	0
-.5656040127848324	0	0	0	-.9511677681589289
-1.413906821385093	0	0	0	-1.1311226236137002
-.16647602328728872	-.21154198804915358	-.43518267140714784	0	0
0	0	0	.3708634358271889	0
0	0	0	0	0
0	-1.6374055127606595	0	.6089845119548069	-.5011692125952767
0	-1.329063279781427	0	0	0
.11811381579454976	-.14537318957264223	.3485681200863357	-.6044110119069049	0
0	0	.7343403608339808	0	0
-.106887295907647	0	0	0	.029849169529704123
0	-.2304638523354106	0	0	0
0	0	.4015321190931789	1.9070338354629768	-.06263337602628155
1.0387415762876082	0	0	2.4732594661029284	-1.6216999559922258
.8971300198861009	-.08063620882390993	.1298778325372787	-.30913255591887107	-1.1413528151875412
1.1353332437681878	-.31558559999469626	-2.4763275032705856	1.1054535160870427	-.08012203187529623
1.2309679154523858	0	-1.7510259853528494	0	1.4715120324081943
2.475840464812773	-.13117657505901875	-2.595184723739565	0	0
2.6676812786938116	.8338326644434748	-2.854874983666694	2.168975540301462	.9006000828319097
3.9048830918622968	0	-2.913654677181616	2.1831700143949124	0
3.401575157642928	-.15271213844886514	-2.402115758048864	0	.599853424468183
3.385812147426764	-.33425756901690973	-1.6581629627016046	-1.1783460839363469	0
3.164435672721218	-.9561116146205245	-.6893730828375176	.2449013199001724	0
4.03674570229312	-.15048779312961907	-1.5398045617802543	.1663585178677235	1.7179808735260187
3.8087702286516625	0	-2.2059525905650097	.9915158805858115	-.7151100347998884
2.6685762433173537	0	-1.643359865890177	1.1527583330476083	.17709181711433536
.7084370307512163	1.3116490122300184	-.12005391338484213	.13685256968771986	.972033744259618
0	-.2269975888386964	-.6796265866228507	0	-.33210073308669275
1.3470271901845543	2.221304927371683	0	2.121773112452334	0
2.060506840377993	.7154749527125436	-.8561786717253161	.4817370379320308	1.360533635377275
.6701364234221405	.4667012673398223	.685257279517705	0	-.9104063112359171
.9159922476251867	-.06077895974985187	.08304219855414646	-.7075895598887041	.08789865705766128
1.5530672970884096	.9182290728105628	0	.7184656804725099	0
0	0	0	0	.25699019251692395
0	0	0	0	0
-.5593209950799043	-.08017105799297151	-.6324093080958436	0	0
.4386843061683178	0	0	0	-.06643347070022254
0	.5281548916274965	0	-.45713141696240633	-.987119073823849
0	0	0	.0725700513242104	0
0	0	-.6776052867217058	0	.16459619937148445
-.4790812835078682	0	0	-.2491415878169989	0
1.840000228329997	-.18310375151297378	0	.35247838532720566	.8209811244427097
0	0	-.3946465214697311	0	0
0	.30170895580697943	0	0	0
0	-.6270213596343406	0	.5527235531065925	-.28642244608111067
0	0	.5761285667643494	.5368101310906624	1.1720513372790606
.6918989421516388	1.6015495378884683	1.3661760768711135	1.3794273015627958	0
-.25513694622097427	1.3523000454564833	0	1.468533491950196	.01576667841266274
1.3829173074573107	.8833135390868867	-1.7204320697150082	0	.3835422366486286
-.06671579504640979	1.4913588224940018	-1.201658469123365	0	0
0	0	-1.0475554180280005	.019178086563836877	-1.9344221565419835
0	0	-.9828955288942471	0	-.555932487647431
0	0	-.9852787600115256	.9981999744580488	.6455241239671917
0	0	0	0	0
0	0	0	0	0
0	0	.4618432022380351	0	0
2.03235633182326	0	0	0	0
3.6195918324798253	0	0	0	0
3.670110051214626	0	0	0	0
2.6074364770675627	0	0	-.19398117897435774	0
1.9720505532453898	0	-.5977623497117214	1.4122974774543773	0
2.801847463635101	0	0	-.15564871673615635	-.7817775814364691
2.1701476524338825	.26234538264617735	-.4966169450999765	.4916659599983211	-.6702185327664159
1.9586378252394094	.3049660082374668	-.544999573222566	.4545449635020845	-2.6525959620267443
4.111100259742444	.477752790060841	0	0	-1.7003457084050495
3.4775752030620364	0	0	.7180701244227212	-1.2379233850489373
2.2461832331753437	-.0987736617644126	0	1.581545889288721	-1.813694057459022
3.22572933693414	0	0	0	-2.650421618052919
1.283063044928743	0	0	2.173738483454652	-4.376064277224818
2.03031695595321	.8653330429558677	.12295995590484066	2.359456895887779	-5.774981997346744
0	1.0960052344948694	.563768449854767	4.331449982381724	-3.1291894179731172
0	1.5340163303847287	0	2.393923267772054	-2.336147417623649
.5971592040874748	.20156229967345587	0	1.0627652882598648	-2.2815516416850543
1.1382510474438279	1.466559688521527	0	2.6166698689995362	-2.675663973659892
1.0786484149562472	0	0	1.0271949859583422	-2.970883081045006
1.6108203480703098	-.5458846580796928	-1.5677113872135329	1.1626513553919642	-4.366830255767388
1.9724127501166402	1.1240850277763452	-.9482315010711664	2.1928487614871868	-.9862963222145802
2.4282523758100614	1.2287803709662262	0	.3475382841961877	.0833376056346542
2.815730894815245	2.5560426841822146	0	.7107938399004653	-.6720123583911717
1.9576328842938775	2.70271490980725	0	0	0
2.279426692630715	2.119959145742782	1.0883345154433852	1.4059873983318514	-1.9505996199065965
1.7404469755471355	1.5936074204424548	-1.8990275823439866	-.5742888674841115	-.20282681213346349
1.580819935607696	2.84879769479498	-1.6328974026059946	2.769285475883079	0
2.1992806225897263	1.5642730406406686	-.8570841655511019	1.9380264268289524	0
.9704969457669946	1.0681322968729088	-.09769918833788355	3.9119929889582887	0
1.9238010675431125	2.651235562548395	0	1.35490595277424	-.09719835109301485
1.4810590118443998	1.9060293176164977	-.1497192842759827	3.120079002673436	0
3.1272609935766504	0	-.4004926685449576	.38924945331189736	.4460380115508822
0	-.27462615784484556	-.08990939574131615	.630981763503009	-.047726294969072935
0	0	-1.8968269782850649	-.005415725756706569	0
2.663074324219427	.23025753559098905	-2.4517355146211925	0	0
3.2248449129922077	0	-2.8766469282137344	0	-.11347004276528228
3.5104956158705747	.9682231557170764	-1.996283225085465	0	0
3.0732066176185775	1.2975017486754354	-1.954880992477132	0	0
3.652394018059617	.8167103642750875	-1.6745344800024025	0	-1.2653856413779703
4.394916879809023	.7182904772259637	-.489778316929385	.01253081790598587	1.0663390870150247
5.592564722893548	1.4843617750908455	0	.615141387245842	0
6.053206066997144	2.045145051833878	0	-2.311093931310674	1.615082182843477
4.9434797451832715	2.3697062075631354	0	0	2.3209601684305725
3.33990181481377	1.961230731519531	0	.6241906980603428	0
3.6145855846078607	1.1562845798145496	0	0	0
2.6962628761822502	.9886254122425011	0	0	0
2.309392164051701	0	0	0	0
2.3054085137753355	-.12104092590859225	0	0	0
1.1734482658386074	0	.6770438971393637	-.7708935657729464	0
0	-.18723817714002244	.21681255888290224	0	0
0	0	0	1.927025477760088	0
0	0	0	0	.5589611538853203
0	-.40936755371168637	.026260014948394465	.9281202584588217	0
0	.16086153205979065	1.5833220783525435	1.207390015228882	-.2830768286594372
0	-.008449190635397674	0	0	0
.13322148473208822	0	0	0	0
0	0	-1.148030829873032	-1.9615676069770378	0
0	0	-2.455044734603117	0	0
-.16322534870566435	1.3745141511554764	-2.561867502466626	.8625059329259757	0
0	.3909790821046279	-3.1065987055304687	0	0
0	1.0934593310693093	-3.0303142766152957	-.39609543536669056	0
-.10183919426204543	.48656872479405755	-3.185914334922674	1.7493516115797074	-.39211120568759417
-.1139646853752398	.8679975821723351	-3.6720761855951918	2.2954749405287758	0
0	1.864209286264881	-2.979502142379248	2.7745299713118587	0
1.0715419621715596	.4023433747320217	-.7766854910713987	-.1811345248438131	-1.2835353438611303
1.3786681675391546	1.301531344801153	-.6427997976012187	.6147900400081181	-1.114018760037403
2.3270087793359293	.40971588348204735	-.5740953505670752	-1.2594432308691936	0
.9181866942082442	-1.201411541257869	-.946709993571415	.8340342089190805	-.20323911059446742
-.23786971867443932	.3483953785121221	-.7010171854196185	0	.6894468704195101
1.0342916761040188	0	0	0	0
0	0	1.1156319209558578	0	-.6779482640532257
0	-.969892605521124	0	0	0
.350390019444517	0	0	-.2510363436427193	0
0	0	0	0	.152403424805448
.9919140790907561	.7783545952095008	0	0	-.4668393006916859
.10121487807600524	0	-.7165007091006774	2.599057802442513	0
0	.05351399050712924	-.7123147549788468	-.6737655940424305	0
-1.9785556903532764	1.0927679227621858	.3911084604936398	0	-.16641046380516672
0	.4689093271684758	-.25013783096076225	-3.7760132661176504	-.940495150441668
.5641692636995737	0	0	0	0
1.163785586244479	2.411822372169333	-.17339299893017845	.7759297136867982	0
2.1485449466017132	1.357903098240966	0	.6777218881969285	.6099468376218911
2.592729927942	2.0257495150567473	0	.774468456940124	-1.5780977323870602
2.229187506270941	.7212544842088175	-.5644340735625049	.5286135779808654	-1.0799527842150318
3.1036411752538666	2.0417827791650605	1.1357348840677763	0	-.4184256478835009
3.419565551698893	2.0412301304062064	0	.61937389092515	0
2.0317319960401585	1.6813938569982827	0	0	0
2.924697310473676	2.739275662712998	-.7666454019674133	-.3730101221957478	-1.6805243810417858
3.187325360250554	2.0773764650751736	-1.3880845195733316	-.5755154909279444	.02973236261695336
2.3587298977521747	2.5728909254669157	-.24397412509065441	-.0966365525219662	.5692819636382215
1.7928060963978902	2.620739498803055	1.0662488619450952	.4438258708920919	1.9433832831482931
3.6458787818908878	2.985964789804315	.7437699026723141	-1.3254875143803817	1.1240894976980194
3.61673644526513	2.672237126585453	.5214470031066741	0	.21233130008850865
3.3789736917353164	1.7572227179935538	.4719586428363028	-.20405452899010706	1.9684814195927731
2.514473352846847	1.3861789854273707	0	2.4695499149902527	0
2.6256566391363894	1.1816600587492478	-.4390356336473319	2.07590851546292	.9037099703324909
3.082873138613449	2.2317371208346017	-.7586759488103987	.41441799628902765	1.9400014470937967
3.4919938562377872	1.6376312631717274	-.5395976265209272	0	0
3.181518686476863	2.049613276476532	-.8001067822637189	-.4895445888237172	0
3.776857923400557	1.8549731672096432	0	0	-.010155359745075532
3.0047436972363117	1.37347084946001	-.012505556376808169	-1.3970308776439562	.5875002269287626
3.4415064664494066	.7529745182686851	-1.1874248524577846	0	-.43973361187892623
3.198265312595781	1.2936182581098883	-.7483815521865932	0	0
2.0436878510189844	1.929955818598369	-1.4765189409780575	0	1.1965156211003516
3.960707910741372	0	-1.5659847736564882	0	-1.387768815832733
3.1071535573789264	1.4466199450352264	-1.1892501301171234	-.3862977123412745	0
4.079520560064927	2.2273863525509077	-.36396300853084995	-.33399553553961664	.11373787079351223
2.3659900808649033	3.486696305476662	0	0	-1.040844991599568
1.7768425389378644	2.572848216738079	0	1.6788057504944354	-.9437548358140457
3.991615618418879	2.084580527594497	-.7644560942525929	-.6502797007485299	0
4.134395357115628	2.997993618962128	0	-.5114540699083768	.7158112923586547
3.44128044915974	2.8587816867599867	0	0	-1.688424524464235
2.350288084385508	2.442504375522963	0	.9542717421757659	-1.8905739403307409
3.2598295360540037	2.9548358796157057	0	0	0
2.543302887716661	2.4507250665996483	-1.410305659431586	0	.7049057007400994
2.4362691239995757	1.782785876964898	-2.3278497590029303	-1.3413608714348035	1.7117431861888392
2.394704270377686	1.4590070036111569	-1.3389303587969759	0	0
3.439833609938553	2.0372052555024034	-.29935838836076273	0	-1.1522487612473165
3.459497692557386	.7620676556637327	-1.269799936628634	0	-1.3505489139832378
3.3301312595768615	0	-2.6143897957654723	0	-1.6477148697915442
2.5233919995967398	0	-2.5829373135809575	.2943807760636673	-1.5631488710624586
1.9251173564985735	0	-1.121402581845224	.03146304691801921	-.7715863512261574
2.1955266115083476	0	-.6137596938242827	0	.03938018757710824
2.443190533520106	0	-.8005975970380403	-.23701773500981516	.927294825808904
3.396849185777222	0	0	1.903183158938184	-2.4419813526058545
3.344690723797191	0	0	1.4419250867191042	-1.1058870317641647
1.4568732551856818	0	.8615660379493979	2.6358900012460245	0
3.6436262884030715	.13121149860255038	-.05395513234725524	1.9565469713995531	.1674296068243186
4.520745274754464	0	0	0	.19852080625298152
4.963762700633134	0	0	0	0
5.83926004543132	0	0	0	0
6.233952214000042	0	0	0	0
5.613638491919476	0	0	0	0
4.32189050270112	0	0	0	0
3.4625419229556615	0	0	2.5602386035867393	0
3.967689816950263	.37838233725541365	0	0	.6443068074589529
5.811264471130246	0	0	0	.1565867902025627
4.109929881014103	0	0	0	1.7280114940074207
3.838641411570545	0	1.068035521959516	0	-.16897258593240705
4.395832562024873	0	.5063132883051112	1.2615210303074995	0
3.9928117540106838	0	2.0573938410875985	0	-2.206619223468027
5.209880497983885	-.2785968546461992	2.0051798193215515	0	-3.5598790695426974
4.024310829914618	0	0	0	0
1.8731721060641386	-1.1002440455798588	0	3.50178251865361	-2.9054525091674166
2.4182400176351546	.507255013291262	0	1.0752874051707075	-1.4859845395802638
2.117846945334151	0	0	2.033536129459404	0
.30402017132487086	0	-.8543272510459535	1.7558549123569818	-.2682761819665206
0	0	-.6786302298594519	.38786944500643705	.6844204974930268
0	.9910840121886979	0	0	0
-1.9249474373043278	.9861868743143632	-.4167934163360005	.11879729554149199	-1.3649957794760024
.4209968684200919	.9408392604937315	0	-1.257738362297086	-1.0146115844338157
.9354768153891129	1.079680949197595	-.3090121579612487	.4917241268963186	-.2729285758812702
1.1022149306106537	.8104366614379821	-.6494250506628675	0	-.7532148897673643
.2802208212917997	.2806796855573902	-.7122461568807306	.7830562377377102	-.08017474420660214
0	0	0	-.09681922796889862	-.23985002642674713
-1.1147742604817128	.3953054419184423	.6113953305443622	-.09298444535933911	-.40188925668039016
.7152083089084593	.6319572243573521	.12461675473257204	0	1.1687402395650233
0	.2073417234484572	0	1.249705711415498	0
-.39275447546091713	-.32813291053426186	.17879108720269465	.27853902549914167	.29843203179120853
-1.0187383386293896	-1.021481984016524	0	.625560018587879	-.21492567108353544
0	.5114795433294859	0	-.6674253921615844	-.09911556920897832
0	-.4130408728564695	-.22491077141917143	-.4642011793920556	0
0	0	-.41418330906892825	.7676500505967623	0
0	-.6642060564421715	-.21231463600021622	0	0
.28399803794220535	0	0	1.2024989443381058	0
0	0	0	1.9189447890483784	0
0	0	0	-1.0773082055412528	0
0	.7840634980563791	-.8469157200081251	0	-.45634307323941725
0	2.044474478160801	-.9370826942398527	0	0
0	1.6348558877774433	-1.271247723416351	.03221252328319324	-.5686367665661118
.661687862491068	1.4126092349461272	-.770761994530549	.8955671361288269	.4433939487032697
-1.2775980211745437	1.934733425042801	.3335166282869503	3.438010549333333	0
0	.5305103198453054	.09421584551576767	1.8796272636139038	0
0	1.9291851426767204	-.12230800611743134	-.5178734378308004	0
0	.721747954047611	-.042088942358418036	0	-1.8469230755309067
-.6289901412566404	0	.17954770776177442	0	-1.922961241289915
0	0	0	0	-1.8742504262398174
-.8203679530476746	0	-.8204850393662705	0	1.1713284307744918
0	0	0	-.08759473928976846	0
.9462645405442923	1.1855485949639073	0	0	0
.6924766904568642	.6718077599715069	0	-.6470915927424896	0
.9900878810822933	1.0432635044975445	0	-.10990159054946476	-.5676094271357913
-.9165559981669301	1.5004835472902542	0	.6100497418651147	0
0	.1467139733188112	-1.2655606379165616	-1.02341574256587	2.3868651102577934
.595944555109005	-.3090276627773362	-.45577256562114177	0	-1.68087653497511
0	0	0	.6430510833338533	0
0	0	0	0	0
.6302727092012985	-.37295231755252045	-.21804130246954062	-.03459014338508601	0
.6268487156899467	0	0	-2.0534693670549835	0
0	.17674165986968196	0	-.6986733751951237	-.8006415071676061
-.7660283866797862	0	0	.4517831546266457	.194321561112904
0	0	0	0	0
.12079226894440262	1.0796936601918592	0	0	0
1.6417705918207819	0	0	0	-.6799929087579479
0	-.1569414452046694	0	0	0
0	-.6367593941622498	0	0	0
0	0	.07733018218823837	0	-1.581693068438221
0	.07419954669700494	0	-.030222682465229432	0
0	1.7081412862202774	0	0	0
0	0	0	1.6545946748113538	0
0	0	0	0	-.8727512122807464
-.17284019436141979	.06918659373843633	0	-.7364668049780099	-.7119313497694517
0	0	0	0	0
-.28023450017115503	1.3045309910234146	0	-.288174997671661	.2796075979771754
.006454148147403527	0	0	0	0
.9629463088881757	1.0405539744145376	0	.9133901494925207	0
1.8017267013759266	.7825186680399505	1.058041039239155	1.7663215650751134	-.42617658918240936
3.1372619594163442	1.8463425386297478	1.4004706799224331	0	-.7994047899967222
2.677422253777145	3.387632735923382	.552996657917121	.8651558763229261	-.08750359943185199
3.466914185236066	2.0531799227386878	0	.3635340340639758	-1.6091875653993162
.834424258333762	.40068396973448883	-.00775850093000191	0	-.24686247368068068
-.7201997686851815	.12644287780977484	-.7701785988149542	0	-.3357253450894537
-.41116648814669376	-1.1314908986025036	.0848923221807994	0	-.035551890781561846
0	0	0	-.7461436249695346	0
1.1092420974098018	0	0	0	0
0	-.40581656548441297	-.08199540195767369	-.2834888205703751	0
1.2426052970270707	0	0	1.003317079420817	-.09936583924878678
1.2621191620894485	.6415027223814385	-1.4489214689552719	.637571216425552	0
1.7900510853124663	1.8266780007184438	0	1.0517428652356153	0
3.3838763348854313	1.3989899130301748	-.17086151860125265	1.2717575417728963	.03589362743131885
3.1741949934651936	.9985575810132998	.9941214311238069	1.426902025362292	0
3.7173919650096954	1.0102933582636304	-1.1214330366170284	2.756562519336303	1.429893888477139
3.36744941373605	1.3944396758630664	-1.405738226035724	.9609745946867609	-.6874844402899547
2.6030134530033755	0	-.8625317531720821	1.885035687083074	-1.5444014859964654
2.5926302655405844	.09636664369344378	0	2.2875256717131185	-1.6640334380821145
5.101706090243306	0	0	0	-2.83416520598095
4.716028124930856	2.773647995458408	0	0	-.92362565863296
2.966895318125798	1.7703602340916071	0	2.180936174496232	-.8429422139380681
1.3766560895678475	2.295260912843975	-.42351227252281065	3.1141268324207347	.28768446121628777
1.8230857120576152	1.8716480759516971	.0975177658228053	2.596480571934183	.05823804968337684
3.1975686002327546	1.9624835042938211	1.0268260663944473	0	-.2339722939852375
3.702444705753644	1.4546758744853694	.34425659505697215	1.3378667021454755	-1.697609085095956
2.8017334568053895	1.7828662128449353	-.6618189573014092	1.6127211768800298	-1.6276257086144774
2.0521540524887865	.7103978211493566	-1.2040578456631845	0	-.6833944410023306
2.7284020550629577	.12478290408572887	-.6156009139544882	0	-1.0199348296447839
3.232429738889404	2.8198608982415383	0	-.2860987418731141	-2.4195460051824855
3.6004116752490973	1.7991826035591536	.005699247838326288	-1.4290262198124275	-4.392702468078172
2.0224138137403256	1.1367019095547957	0	0	-3.9023826838074043
2.1338191478852484	1.8592073955462274	1.2449633966650817	-.0989382601016883	-4.8862180220662
1.175458132608631	2.035133043076723	.26637011813570627	2.4770931661201367	-1.2004360951657267
.9756470962767928	.5129223581325574	-1.1291650769999948	1.0884027320808254	-1.557371598130675
.9209211463059732	.6051268199963465	-1.3209311135156243	-.02020828753029799	-1.3428647857022415
2.281975425521484	1.371568741750823	.21733626541978338	-.1385971554444917	.011393054491284554
1.7969909764424037	.8709995208224544	-.3250199907921467	.21511120219228108	-.11934987207580416
0	2.4559725040851865	0	1.4589454912843964	0
0	2.60758474743947	0	0	0
0	1.1337688876519905	0	0	-1.3623025762779686
-.9630432353198619	0	-.7546415348127117	-.035415111926447584	0
0	1.158313919521818	0	0	-.6330387771258392
0	.8734324446140886	-.13887020631632013	-.325976324511111	-.016126866702511622
-.013889537483227521	2.083286810040736	-1.7909680722768038	.32894916168452115	.3920167229894571
0	0	-1.5504018529181125	.46874743724541057	0
0	0	-1.072711692679292	0	0
0	-.2901286641995778	0	.03692637493197427	0
0	-.024788708565950057	0	0	0
0	0	0	0	0
.7689321947805657	0	.6532548295567652	-.0025897056025945622	0
0	0	0	0	0
-.05277713561642816	.2480835004399914	0	0	.5877776418643293
0	0	-1.1671643795913038	0	0
.8898051188347339	-.05828925466922061	.675094201916412	0	-.6495040652931199
2.1126228621396126	0	0	0	0
1.1835680499561188	.376432901825729	0	0	0
.5661305396048343	.16008227482471987	.8066859659264509	.07089643701344292	-.41881410153038245
-.691043455289057	0	-.31807188208405907	0	-.545975914613189
.8278654781031007	0	-2.025890927731009	-.5584558714199285	0
0	0	-1.0799743717100536	1.3343745943927205	0
.7741570951933813	.2718949674906147	-1.2138488725228262	0	-.0351792974486109
0	0	-1.4052711185746887	0	0
-.6116824412916706	-.10927015076727742	0	.29239465550452387	0
0	.13604860651616704	.5790152555079535	.20778518630364345	.2510153666032694
0	0	-.7089927552300048	0	.23073402930059525
-.10108071395525586	.81289336334435	-.7319550164543321	-.8846404518431474	0
0	.6024486054417816	0	0	0
0	1.4127434387983597	0	0	0
0	-.02339044884496086	-.49144795095192806	0	-.40208325744732276
0	-.30128538972593594	0	0	0
-.08610464732360248	0	-.3264685099387394	0	0
.6317015277529024	.32767320490387986	-.140316247331487	0	0
.8045129609410392	.10722339618728907	-1.1163017865418734	-.8632638421425272	0
2.1623633917499707	-1.2291799066680082	-2.940160548134333	.743316781187929	0
0	-1.6359026499192897	-3.582810369071098	-1.81079639843946	1.173558789707579
0	-2.9152327903982513	-5.058176098019654	-2.817654151004526	0
0	-2.569695739957246	-4.470902674178452	-.7480520433570119	-1.219342377455691
-.1939599161215617	-1.8149886491101193	-4.032316738006801	.28074197286760433	-.9784259351894015
1.945756987708362	-.24363809173356166	-2.806516674559435	2.487171323193359	0
2.3610365634651913	.8431012756273217	-3.5087945403247858	2.1989940727264994	0
2.2027902972523266	1.3137861125278216	-2.130305004161956	.9587140935553915	-1.665660298038115
3.135422741926317	1.8043166478121808	-.15779472225034705	-.8277825165115633	0
2.8838229866893426	2.2125909489744844	-1.2378433445912456	-.7142543836874953	1.1578314621297072
2.0005766478644054	2.8399690606496315	0	0	0
2.5390372883390695	1.8992043851581246	0	.7585257095106868	-4.2932373817449525
0	1.2583843420340959	0	0	-3.169229556077995
0	-.421948063778619	0	.5339321436755848	-.08249850879772225
.2527213779985831	0	0	0	-.4159325804618994
.06857074018523229	1.3636186417716758	0	-.12596787427726175	0
-.1769383468411621	0	-.769044334868276	0	0
0	0	0	0	0
-.707366823668143	0	-1.9712197409139325	.4947707678104072	0
-.40338456802645756	0	0	.3172461086189235	-2.3520365447414653
0	0	0	0	.08249639843825757
0	0	0	0	.8057167440305117
-.4757237728278454	0	-.26904354185178736	.8892024582178732	.35207633833192675
0	0	0	0	0
-.6732525716393701	0	0	.4019876329810832	0
1.643574164082656	0	.14577085604756895	.5309125849923148	-1.0353313060925118
1.797886384760302	0	0	0	1.0870289949832876
.818395454335547	0	0	.8378841582624885	0
.2982070595114692	0	0	-.2776255579773703	0
.35267985592104384	0	0	-.5312087681230168	.6097203553344986
0	0	0	0	0
0	0	.007229228276140087	0	0
0	0	0	0	0
-.5322629859422787	0	0	.8383428808402138	0
1.4451598768501392	.42179375160497523	.41575652683810554	.21381882018856252	.13652969398736542
0	0	0	.5682129994315546	.37386523379576775
0	0	0	.12282969542611633	0
0	0	0	0	0
-.4145529543249436	0	-.2245358345720365	0	0
0	0	.16423123969225925	.9363476491606393	-.6276893798594898
0	0	-.14396339492982385	-.7305368631936031	-.23104540645964677
-.41622563605702056	.24790528981121618	-.2023841567494492	.21418827394144194	.12632782692503564
-.627887836151401	0	-.10423091331840909	-.14205840258065577	-2.278678128299191
0	0	.3527099213447854	2.493853845955504	-3.345026849117327
0	0	-.16570117931424994	2.7346567347919333	-1.0791177413403492
0	.4436460674377624	0	-.13525093402000316	-.3802185301920131
0	.9418770690189486	0	0	0
0	-.7725973966063945	-.3265223796850316	-.4686352569900366	.7926056021908363
.8494592675285455	0	-.6533952496304118	.5545052555829609	.5326556420597091
1.9306381462591935	.14542493868396478	-1.6720713674496959	-1.1550532830439564	1.3722308628741686
1.4863415106199258	-.29219822593818146	-.7446877838594901	-1.5283736527087006	-.6362329857085253
0	0	0	0	0
0	0	0	0	0
1.2281661119740206	0	0	-2.775925331164508	-.7621389189026445
0	0	-1.6220745262457879	.9027251178578821	0
0	0	0	0	0
0	.3157497155257013	0	-.5163053278185197	0
0	0	0	0	0
-.5195399054757291	0	0	-.19071251472356948	0
0	0	.38945431579101697	0	1.6739156075050177
.45063270661763444	0	.009805510648807136	0	.9115084842855032
1.2424916189884954	0	0	0	0
.4514776759548134	.5269195911224998	0	-.12017469901364156	-.2785321337932492
0	0	0	0	0
0	0	0	0	0
0	0	.28332672131260944	0	0
-.9335176813655769	-.4458164499546148	.6935826863866161	0	-1.297979196390619
.8412516652954325	-.32157971080433734	-.404726823319869	0	.5110041799557247
0	-.6568562358028738	-.7844417697100493	0	.16723452807479428
.2886566889095105	.02916814576489747	0	2.6571390638951278	0
0	0	-.08098469181100457	1.834406077018218	-.3597619408663551
0	.50831673157156	0	0	-.49017437403868536
0	.18510575827526066	0	1.3877460578169725	-1.1227856970754355
0	0	0	-.29293424336428264	0
.6178673417017079	0	0	0	0
0	-.8409744119584619	0	0	0
0	-.2833050626134728	-.15406659390290506	0	0
-.013377086519215875	0	0	.2846872353780773	.35307053304113284
0	.23478040199183975	0	1.3146404228663624	-.9158356169761483
0	0	.5034398501753458	1.8807019003912675	-2.7654891889642212
0	0	0	1.732121877782027	0
0	0	2.375594441956355	0	0
0	0	1.4885109561645846	0	0
0	0	0	0	0
0	.595397474544734	.6775923826793573	-1.5681572720775345	0
0	0	0	0	.6346602230876695
0	0	-1.7366150404221878	0	-1.2107266166749062
0	1.2303790356974564	.6540939090638449	0	-1.009015898145116
-.03805138308793931	2.4844559886966944	.432392569227009	1.0397781281271212	.5024725783409956
0	1.9530626802421307	-1.696752580127134	.9486124073023667	0
.5741249141619233	0	-1.007369860170075	0	-2.555800357439848
-.3743669328623303	.518185416697664	-1.6444169892133682	0	.2599973058739783
-.19575333029133463	1.1191157606964695	-2.0407038697729725	-.27592929746260836	.9327965792331655
.1013659215946342	0	-.669702197024461	-.8747043799566468	0
-.1997452615028934	0	0	0	-1.5603426351606369
0	0	0	0	-3.59529912886099
0	0	0	0	-.8475283156314036
0	.08063823042680929	0	1.3668172922043158	-.3989164410810833
.4776406508305552	.12636463029021905	0	-.2756232774822684	-.10931444891080627
1.4760740544523945	-.1367950434897702	-.13199249286042214	0	0
0	.48461266858221197	.58141315008729	.5197901447093655	.34110880455293535
0	.13494593260941928	-.8612051241970153	0	0
-.17083034806721786	0	-.9609167451046733	0	-1.262168125159195
-.5463162930813547	0	-2.093903398134014	0	0
-.3514649969836359	1.4387054674440858	-1.5439405082812698	.6920608597206018	0
.12904421542802186	1.5668460361353556	-.18943721046043568	-.059748616512731875	0
0	-.9893844043508908	-.13845376283415067	0	-1.43791403657622
0	-1.2079040017935498	0	1.2213717955016714	-2.3076999259592164
-1.0237452549700594	.45211496552684094	1.4244286927204217	0	0
.3914799121608285	.12448989176246639	.09926135609889268	0	0
0	0	0	0	0
0	0	0	0	-.6120983767446062
0	0	0	.712746830859532	0
0	0	-.7786793094230999	2.8713139584381864	1.1858970866814764
.9225670104213866	-1.1247696576500035	-2.5483341220861258	3.1468968930571357	-1.9081001891588354
.879935488087904	0	0	1.7617774457275204	0
0	0	0	0	0
0	0	0	1.4494240516405428	0
0	0	0	1.6460778971105714	0
0	0	.6946739348511679	1.561987525582689	0
.665953807221023	0	0	1.4338025646664074	0
0	-.8633005534345745	.6591010227903635	2.2733807097887917	0
1.2458642690844113	0	-.20301129172186927	.18544850609216454	-.7151831821258179
.286103439287253	0	.5433608911744127	-.20853838464080354	-.7654502511475224
.9020666889645748	.976433492687675	0	0	1.2351773408798106
0	1.7693211897102008	0	2.03953083918422	0
2.1871243777555325	0	-.8993373043319889	.910587036248074	-.7949368324397371
1.5038226336693823	.8785370941723605	-.42350200596435633	-.4379979199151014	-.24045594540936688
0	0	0	.22643555175150154	.5374845155721744
0	0	0	.40306681511585457	0
0	0	0	-.7882391980879386	0
0	0	0	0	-.43832399613405304
0	0	0	0	0
0	0	-.8340518553561168	0	.5485483520694342
0	0	0	0	0
0	.2590062964432537	0	0	0
0	.38398981618730543	0	.7282098596255678	-1.185825516683145
0	0	0	0	0
1.5153404577710146	.46006273345743515	-.0932284249272848	.9325842103143493	-.5360330751527844
0	0	-.9247468138884183	0	0
0	0	0	-.002592181700968893	0
-.7911152732526368	.04433181051025162	0	-.25234896674039176	-.3447121637531968
0	0	0	.07740182552737282	.6562973746046816
.2928786166740577	0	0	0	-.5696517238350302
0	-.3923898178562479	0	-.2787946081420981	.7806213962452433
.22864141286158582	.8061118340548682	-1.0020616866403	.10871038507112174	-.3529599085608269
.8570751973753203	0	-.8647996180458264	0	-.6938897781593345
.6679255274317657	2.21058094519525	-1.029140050826189	-.07439978245646495	0
2.594728498748534	3.6183814459367474	1.1607878173257518	0	.7113153698526116
2.4776436449384898	4.216547542981906	1.8871145697121958	0	.5654547058429306
1.832563775623956	3.70737920455445	.7014451795235586	0	0
2.7842836690690715	3.362853930035794	-.8628219739852646	-.2293000807547781	0
2.733493214813441	2.9332921983465194	-.032686221640922664	.1958250052162796	0
3.0093949686404757	3.447870843687412	0	0	1.2716609991697472
2.4341723936070707	2.1772538637946863	0	.19670698838505773	-.39771480507114315
2.3317380927199602	1.7937007766644866	0	0	0
2.0787376637379684	1.8298478392678736	0	1.2567068453870325	0
2.7816910138219217	.9256048346526695	1.6288983493833165	-.2965401282633165	0
3.6671971564408263	1.0013639858898944	1.0827395395480366	0	-.42534391662038984
2.390133629698888	0	-.08441768426198692	.08329138022160765	0
1.3289718568417936	1.383003703790504	-.2543963367318631	.36468559111129917	1.1768920379992727
1.8780312310424765	1.6025571418935864	-.32658197582981724	3.995177776672348	-.2422493677840747
2.5632501649650608	.9371638462693095	0	3.5880299989935334	-1.4276331388418444
2.185468181011082	.27970971476723516	0	2.3113239047982277	-.4397501978465852
1.1143930620917666	0	0	.6773357904537141	0
.46842539883592427	0	-.26562281219194506	0	-1.0685085893460484
0	0	0	.8037758279235299	0
-.5363630557370703	-.29909709005199736	0	.5826013778410001	.7914977170734405
.0945853564524266	0	0	0	0
.3965009409063802	.3193324059063078	0	1.4619017372762884	0
2.2315226483801975	1.1825892320157885	-.2294336263383573	3.3585048979952186	0
2.440566179952344	1.860051075360064	0	2.629301289320083	.5611341494302895
2.7095363126965726	1.650156871736427	0	2.2274237029618216	.7776382115707237
2.4699313156395437	1.2651408950843026	0	1.8604874591057001	0
2.284836303568195	1.304738088118357	0	2.9089158588412323	-.6568759472635104
1.6820155317778642	.3752281414436691	0	2.936047343086137	-1.1817159906111339
1.8356814999735422	.5120068535947352	0	3.0300006585120562	-1.8753497612168344
3.109401031460607	0	0	0	-2.359431274360187
2.1329112343648133	-.8999343958966206	0	2.7677396256427773	-.6903558592720332
4.406014954837183	0	.48467588406938755	1.9310903555173804	-.40834469900739856
4.697832581679793	0	0	.5454244518804345	0
4.464811635289611	0	0	.19595179162217435	0
3.9804581430224695	0	0	1.57509844245596	0
5.270515131549778	0	0	0	0
3.2569080286603374	0	.26121885913166804	3.556662328258699	-.8282780272642831
3.095309506616809	0	0	.16338033618625292	1.2419837245543366
2.0821754634974408	-.5200447502037481	0	1.4820105999004032	0
2.2809759704054815	0	0	1.866107070940961	-1.1587063620316858
.8563285077034262	0	-.23830933226974818	-.29892001781182614	0
0	0	0	0	0
-.40427082684292454	0	0	.8319542349011065	0
0	0	0	0	0
0	0	0	0	0
0	0	0	0	0
.015844564574438988	-.23379184709321166	-.14742888802278548	0	-.49466228878213736
0	0	0	0	0
0	0	0	0	0
0	.5417666149664176	0	.1604117508573683	0
0	0	0	0	0
0	0	0	0	0
0	0	0	0	0
0	-.20591057056336748	-.3490625015357349	-.3195886637972614	.4718191948765473
.14161602234141135	0	0	1.279570372551269	-.5665897913416296
-1.4329823859118562	0	0	2.368732693329254	-.16909902677808947
0	0	0	0	0
.052872248608837796	0	-.3675491921585594	0	0
0	0	0	0	0
-.1507539853856052	0	-.7746018377416719	-.2239996298594542	0
-.8074027932484512	0	-1.2000077414647181	.17062404819773255	0
-.5380107058761076	-.08059672847461774	-1.3854564110459298	-.14148454468512894	-.44012647607623656
0	2.0189071567421317	0	.5363539746420221	-.7802381421359517
-.48855050883637274	1.1421080828566605	0	-1.3149939830239983	-.7914039143195919
2.3185937500067624	2.1606687142393666	-.16404404219498922	-.9686405466560504	0
0	3.038998035776356	-.4096182169467778	0	-1.187540470147126
0	4.117533814164769	.6199407458920052	0	0
0	2.0314866774211757	0	0	-1.6330229660370352
-.3123704115420174	.674113864550311	-.4702799450375782	0	-1.4422852940164348
-.1460696527241997	.31493270086412267	-.860135764176298	1.5226599370040328	.08438355227804817
1.111614798169416	1.248730376480241	-.4161096796672126	2.1003631145373336	-2.63954156252961
2.4315084381710577	1.5427505666531949	0	1.12308297934302	-1.2566831933547733
1.6716829799420934	1.735756169197064	.6212078467102105	.9283955032551262	-1.3986379318041684
1.961287554286864	2.0012771034700148	-.07085866447919756	.8590088905769669	-.8976569710211836
3.4686943450897236	2.470224149369456	0	.0360379181652869	1.1501524530618314
3.5640624548925817	2.3873746063662495	0	0	.634456434765104
3.158719285818866	2.982270802827153	0	0	.6274580844237062
2.189158239513923	2.076645132554764	.23186865406691365	1.6149393095413613	0
1.7071302243150777	1.8636700681256788	-.07517362374709272	1.3331834826734652	-.7293101690781347
1.7740496664452572	2.3394989751906023	.35561418103851766	1.7464080214352535	-1.3874448622064794
1.20144666867829	1.0634016615894175	-1.175812773422768	1.6644292610988032	-1.0634818290756076
-.7770886132899898	0	-1.0603290334252606	1.8263024553780318	0
.8694591722260209	1.3762689048519994	-1.5636199013119916	1.2871746724117712	-1.5876613911319124
.6699752362776092	1.2864445953493107	-1.7878752332455394	.5257888132658353	-.2878286824396641
0	1.1105464254785005	-1.21054421462539	.9104425321125802	0
3.104582668825571	1.4969855421018932	.589458883239284	0	0
3.10185674174674	1.4993782740037633	.3333937746213164	0	0
2.4103972739990662	2.5901286411967384	.7995378726360779	0	.7627650485466272
3.6530679666000405	1.4555847478615893	0	.6314733038263394	0
3.6531594444809827	2.0022744150334	0	.47304362452921755	0
.9832143010946588	.9032486441682339	0	-.7532886741607813	.252063826846243
2.946408077172112	2.1767512022969977	0	0	.8281131218700962
4.16692526300229	3.105741509878723	0	.2849064476584456	1.9481688225851685
3.8316348570344565	2.76698625323848	0	-1.6623393381118199	1.2250160767908431
3.1292511724655507	2.110923655432672	.012650166573584965	-.8946170302550387	.06091569210924708
1.5474097762925982	1.6984637817223338	-.1619163637083576	.18266360241121393	.1607042073535325
0	1.4572035430630637	.49957902258543097	-.5845331032010883	-1.0565991870628852
2.4495961515840454	0	-.7492866970719981	2.345956657509698	-4.174952540115378
2.948495848323241	0	0	0	-4.2481658208103665
2.1331385729823373	-.7049992745311088	0	.37938822184678855	-4.024270733166805
2.6777410868013853	.4512021756826493	0	0	0
2.433027991778712	1.1281756446997129	0	3.372746879022615	-.5642442779246123
2.161343525731456	0	0	1.7916168094575293	-3.4972734824796894
2.208825318390832	.8709031478278515	0	.5538052973088621	0
4.39373496783003	1.4151821668727693	0	.38975297225183136	0
3.743429086242104	2.268116199066385	0	.6208892186247983	0
5.294776215006873	1.6324729815738257	.20595695170292805	-2.0266434796826145	0
4.180741975615061	1.8856819874502357	1.02609402342517	-3.180452317604158	0
3.6250603398065113	1.487437944897862	-.1783157325682816	0	0
1.6963983994474945	0	-.7723160300570231	0	-.17647747071949071
2.0168318241163545	.977648754498225	-.9096899635797943	.4972941491005618	0
.770520247579755	.8038455931878448	0	0	0
0	.4345666855320097	0	-.1965063940382221	-.060685452932923156
.07423198236374887	0	.31580808167039387	-.12429621164464294	0
0	0	0	-1.0981015024804104	-.3473150565965218
-.4404073161455724	-.25817134425398913	.10502291719659512	0	-.13573037262518134
0	0	0	.1036755649639054	0
0	0	0	.08900056822282301	0
-.5074795861277285	0	.5412188697784869	.40167459390721083	0
0	0	0	-.3318839857576503	.763521862748602
0	-.29042991949591457	-.24144461668948053	0	0
0	0	0	0	0
0	.028182368616441023	0	0	-1.0551960756557515
.5448818045022853	.4390526250756458	0	-.2238808514589382	.6830158450739089
0	0	0	0	0
-.27900658185534916	0	0	0	0
0	.33441898337595655	.2530411892964033	-1.8350179018784498	0
-.6725812025199767	1.128042415762064	.6966699556072014	.27913856907202883	0
1.4753034268543632	0	.2923575448850628	0	0
0	0	0	0	0
0	0	0	0	0
-.1842099814797836	0	-.5232425663871908	-.585060772562918	.050535248052601574
0	1.2383606985859077	0	0	0
-.695620489734385	.5100341086980262	-.10639554289717879	-.5133511446876753	-1.0310375041875715
0	0	.7983701945107708	-1.346098601918734	0
0	-.3026586983138614	0	-.12766193778825327	.03469846838038569
.1509788523481223	0	.05221948667943124	-.0796820881473711	-.6408912191475644
0	0	0	0	0
0	0	0	0	0
.19394095278666154	-.10929872922697317	-.24233638260513335	.13185182597184567	-.5436639737996706
.04174707185094553	-.13730876526525532	.34760510355946195	.10231118198876732	-1.0182230201512321
-1.536999195796413	-.34292001784076936	1.7595442396923104	.5091809463766344	.2473703674422279
-.565207333049171	.41896746814886276	.9260042538347102	.15211594146051274	0
.592338773251222	-.10950885035227621	.8640239927659104	0	0
.3046805628088775	-.36818476002391937	-.4677119917791246	0	.5141034776222689
0	-.4960439946467755	0	0	-1.5285490468963054
0	0	0	0	0
-.46365267200674554	0	0	0	0
0	0	0	0	0
0	-.1528570226633616	0	0	.20472052483317957
-.015175654908470743	0	-.3361177774480442	.17971891285531078	0
.7971491210604229	-.5481042742656788	-.9519146115057687	-.8943183632463723	-1.1367759602562906
.25459557370744523	0	.75086445952213	-.7041163268692806	-.5657930780754408
0	.13617652973113578	0	1.1203012840977666	.42226017748787986
0	0	-.7944662264132849	0	0
.19206956715899437	-.6164973546389462	-.44372662846545335	.022556232863855663	-.22958118838103886
0	0	-.26743769730548145	0	0
0	0	0	0	0
0	0	0	.514999125715625	0
0	0	0	0	0
0	.38419017970293273	0	0	-.24502482747917664
-.6082350138712238	0	0	.34007100475833363	-.11430846107178028
0	0	.12012492625084202	0	0
.029333093469299465	-1.5173556904454002	.5642068622751613	.250975052958851	-.7139087622456197
.11597592648919952	-.7182169085514835	.11726230556744796	.2541001103682531	-1.062766875537686
-.4062808617771231	0	0	0	-.06573642376688424
0	0	-.1394489194074734	0	1.3200473651741491
-.012801492542957427	.408164415701377	0	.5501244730331709	-.4753061858684974
0	0	-.9805931556840315	.271285853634118	0
0	0	0	0	.3178433672539989
0	0	0	0	0
0	-.27039094655457974	0	0	0
0	0	0	0	-.3563617146498628
0	.4076727413543182	-.8358617988829995	0	-.6691578022193322
2.2634575723262627	0	.006007576659052938	-1.7545664812517534	-1.3772086971395854
1.4169431622505124	0	0	0	0
0	0	-.15570007746804904	1.7121562226262204	0
1.3013405345134526	.623286517806022	0	0	0
0	.12331624636413607	-.40040409419482836	0	.3309224792084606
.8285856586865792	0	0	0	-.8971525235068724
.23763448944056714	0	0	.351084303653663	.12169421621147668
1.6890951349126078	0	-.24712761500673627	.8310158916702133	-.9067434537380282
1.678084377312439	.24492472023430933	0	.7713586836054122	0
1.2760155678309837	.31955729185077886	0	2.623141605441757	1.1650964995531696
2.5349118145053215	.5643238096710465	0	0	0
3.042966037122784	1.5272487921608247	0	1.5578954537789125	1.081267494269103
1.7834256000557505	1.4565558995546823	-.7269434938119269	2.4882360763332416	2.1853383541011624
2.8147954847824406	1.785110234248981	.27850850259129895	3.2464359958807867	1.5136084529913765
3.146083887899178	2.0484322326629223	0	2.896538187986469	1.2538756239904065
2.761134786798191	1.6514210748297224	0	2.4653511029665296	.47892899825635804
4.274040369999932	.9141327223129257	0	1.4028317285492253	1.8485094581550932
3.7315063834815847	.8154154696146383	1.7961562203220756	0	-.37822520614261296
4.783299928882802	0	2.1031840103740516	1.1179079205242932	-.2908780946580486
3.0279947389312407	0	0	4.194783113942101	0
2.1915340663589866	0	0	0	0
0	0	0	-.6864462343213846	0
1.4463089664822297	0	.5431341764017303	0	-1.2885990730133074
0	.9725706191807558	1.9550749989355414	-.48899572321676615	0
-.979718406790905	1.5793808722252805	.6033160372261317	0	.30879455101868514
-.5995835220422642	0	-1.1988311149985946	0	0
1.1123969224275463	1.3459086652154983	-.6707003640001439	0	0
1.4974189562617355	0	0	0	0
1.857859335156896	0	-2.01514227434864	2.443172698540419	-1.655159591785657
1.1835518114476165	0	-.22535053869208363	2.1965337380820316	-1.6815702124822685
2.2760515657337232	.6867523512700583	-.07218697499968055	2.7088000933970706	0
3.032239046969194	.6719728441046018	0	1.2863331651239747	0
2.5913191224129797	1.3145505605309524	.667704110582461	.15369465766020296	0
3.63433837471492	1.5993367875297881	3.0662531448753585	.20927569862952236	-.9174705808087359
4.804473261904851	2.155825326753086	1.7903100970450347	-.979147816148441	.7824673233023138
4.267105498860918	1.010581858698746	.47210055262628947	0	-.24627102750706015
3.58059630735737	2.5041428609616663	0	2.167923151208735	0
3.3332445314080092	1.243840828484204	-.8851271291430678	2.047477781245432	2.0038555119101398
2.200344842792849	.30755226429027993	.3382478307186801	1.4062397007076473	-1.1891573483413094
2.9939533888700414	.7170900598092773	0	0	0
2.540247282531182	-.18219894968087255	.3945706308128774	.559255012203674	0
3.659238936472649	0	-.2335622215131673	0	-.4904822088383852
4.14428338391495	.07311134201523373	0	0	0
3.175285763750916	0	.371442760486021	-.9237840388512885	.9714220135989464
3.145156396515251	-.21390468808333862	0	1.556622814203227	-.20570720678251816
4.548412766425369	-1.316048841584688	-1.701629093305629	1.0254622876964814	-.914422516436439
3.6515136131044135	-1.304103377612199	0	0	-3.014083451101311
5.304580394715248	0	0	-1.1711825074387168	0
4.11681936018894	-.17555418269006592	.4854474339536198	.9608245508648695	.818624556245039
2.5401736217743016	.2936317505140845	0	0	0
3.268141198475327	0	.34563694953278856	0	0
2.4581828215640047	0	0	0	-.6236434198705259
2.2420577606297294	1.5821669663170403	0	-.7207969222239788	0
2.3982732978782315	.941804797656963	0	0	0
3.033381995688609	.0011230394698251156	0	0	0
.7159668932051291	.3557079138041506	0	0	-.3918861491984308
.32458246111216493	0	-1.993247860603774	.3711060747548874	2.1116022093445714
0	0	-1.5092826508543458	0	0
0	0	-1.9064302148404013	-1.7113175205907192	-1.08442572436115
-.3346151013628489	0	-.7542187520735895	0	-1.0227890464867433
.9222687827537256	.4358680663935276	-.8168392701873131	.16547426302199708	-.7356153056895676
0	-.08714363978173412	.05437610110254801	.4195058116310909	.014593250986853212
0	0	-.1050957041368637	0	0
0	0	0	0	0
.40068637720503936	-.5646595798671239	0	0	0
0	0	0	0	0
0	0	-.362673805501313	0	0
.5804634895877381	-.1965330935348252	0	-.18857904264748948	-.6483754567064592
-.029755250665157496	0	0	-.04979842708341019	.5729371849592778
0	-.37244339849106467	-.5193038756038294	0	.28982663375193296
0	-.8949637138118062	-1.0811016031164162	-.6785325695952997	.6644010320897745
-.06748665299966511	-1.0371433918970445	0	-1.5216826742384248	0
-.5793034936529224	-1.0599074309631045	-1.1673543870903964	0	-.8000996220796576
0	0	0	.8502368595316417	.912615291500695
.3697978185061939	1.3421616478341656	0	0	0
-1.5357086530862862	1.1642105061948957	0	1.9356959346036322	-.516414645951077
-.6053394858469127	1.8448585958932138	.7107411307928069	0	.6705158397429576
0	1.0608689736871422	0	-.3453284332268629	0
.08935323622359381	.7766920001323052	-.14824034859745158	-.4529466735297843	-.5623937104834318
0	1.3309934496237306	-1.1767555126970741	0	.8307653277460667
.9383669014452662	0	-1.9032240867105874	0	-.9227069322142787
0	-.49884183588695796	0	0	-1.0668799831547895
0	0	0	0	0
-.8524241446924632	.8654882098250316	0	0	0
0	0	0	.7777194230875755	-.7565452743750096
