x1	x2	x3	x4	x5
-2.538778603288421	4.894065697723877	-3.1057512565874625	3.3932362287594957	-3.4922330094469665
0	2.8729606072416773	-11.738501576472952	-3.0835564357132084	0
0.5394949399373693	2.70179237748928	-9.558610514518183	0	-3.0833585083096917
0	0.14093266115331926	-5.928659278488034	-4.908255816012893	0
-0.8617126634552584	0	-4.665203800178822	0	0
0	-1.3815850027256578	0	-4.9696340764753355	-5.4797873254024125
0	0	0	0	0
0	0	0	0	-1.9307465129765382
-4.384172197619764	-3.3154729095932063	0	0	-1.1866558238447853
2.564175873124465	1.9447373683399005	-2.5838804438088334	0	-1.5384830584348859
0	5.052136593909518	0	1.6244148092825954	0.08506126672732117
0	1.6289088613090337	0	0	0
0	1.657888792858432	0	0	-3.781570462738155
0	7.081069694912084	3.94579667793745	0	0
3.8523311605076493	1.5734924784792184	0.8561381488928739	0	-2.052876240658234
-1.0594871071583571	0	0	0	0
-0.5979487460890789	0	-0.5880686524141705	-0.37585257701006425	0.7817459579693683
0	0	0	0	0
0.17489976546355682	0	1.973435127882822	-0.2075649916064749	-2.2201056209421988
0	0	0	0	-2.586800042182931
0	-0.6658158317320433	0	0	0
0	0	0	0	0
0	0	0	0	0
3.7556794184361473	-4.025359486038573	0	0	1.798376660152131
-1.8183767151281849	0	0	-0.4709299290876193	-6.177982368520982
2.1339536859582284	10.492375287133628	0	5.948692061190133	0
7.5602314190853965	13.271643284105444	0.07388702504848807	15.256967507198986	0
8.716959713791836	9.071936514479402	0	0	-0.26140453571421807
5.259309842405573	9.470995494384177	-0.5713619691227141	2.88326305512421	-3.6033029782742796
9.81047847306215	11.15832231285504	-3.141095243843494	0	0
6.4425229696592865	13.2740451697114	-7.957014026349192	5.003225568068888	0
9.573752894690703	8.489766261566384	-7.320409368385462	0	-5.815069470046051
7.450765993363218	7.990158650375366	0.22731383090720247	5.228851209653869	-19.429508096654764
0.999970714500491	11.367390790835584	0	8.388457941518094	-17.276770628800634
0	12.971216777732767	0	2.656510901722261	-9.622652116970377
6.423618742156914	9.814449718575377	0	-4.0283605389181	-18.370989614589583
7.879353695578903	14.097798494524163	0	-2.626570985477278	-9.802397455876166
0	11.183750500486942	-1.1207470159428474	4.789875673434439	-19.922283162292572
0	16.522169705313956	0	7.576688732767916	-11.225399752064847
4.654896084789931	17.85194263974861	0.7023427113178595	5.247841014663395	-13.066637400955099
1.8336600485241277	16.68244197997613	0.16321733340608469	2.806370556844248	-8.546800428422294
5.005550043039569	15.866488495225578	-3.1595122569186422	0	-11.413891006612797
7.951700888526528	12.261207838156835	-9.509290379744618	0	-10.402373838041203
3.621556582101012	9.257327852636385	-9.779669297307416	4.334937459020477	-9.162173035304733
6.175274945870437	11.173852833953454	-10.993026552381226	-0.31533359537504524	-8.882382702981758
2.3579952016591217	9.69048714103578	-3.5021781110050583	4.288835879154465	-22.696977763113548
3.437508430743325	11.174905540009025	0	0	-16.339408079794783
4.942910835281658	12.636039904207488	0	10.302507244035954	-22.546344184328998
0.536598570193772	8.207460435249818	0	11.58799350425504	-25.338724451681788
0	8.22179611809627	0	0	-19.56518290150109
0	14.541467564160207	0	0	-6.339049727521902
0	13.92830286555781	0.6530183923931514	2.6498227653537976	-5.6250595729405495
-2.52078148089324	11.419354946913339	0	-0.2528072748033846	-0.385695136883632
7.565210854733559	11.72320073430972	-5.619952988712028	12.624885855811822	-5.444553584454635
7.629532781143663	17.62384667118905	0	7.88396247917534	0
3.2240640751709897	18.59863858038107	1.42314149965084	6.555272362746242	-2.025428218414972
4.22834757658019	19.025146540258643	2.2366059357823707	6.480693450323579	2.274396912032013
2.309369113929737	15.040575657713294	0	4.315156793400944	0
0	12.180443559518096	3.541266800704495	9.489855637487187	-13.849919131596295
2.2586325708343056	16.33939066756773	0	13.455104832986194	0
3.3180363563645656	11.532822195901826	-10.111232286368182	16.269013985077763	5.439641762414601
3.7477611954019543	12.543536577705956	-4.7649179346698425	12.856618501013429	5.969444648621409
9.606177494099096	11.7775815754667	1.7733353334115702	8.07552115555773	0.3868433893524692
11.665662635603354	11.770734650832312	2.2101181535038505	3.528247540926266	0
4.797039900456117	7.297591445007123	1.7329653385263497	9.130336873397823	-8.088604060415229
6.234790868234288	7.431367567167156	0	3.5621094493920507	0
10.996545976327587	0	-0.6382183778009667	0	-10.601521843499823
12.350090491571693	0	0	0	-14.364001066756742
14.489737868769039	0	0	0	-17.53773554283887
13.499166881741667	0	0	0	-9.441906936042782
12.293708361506912	1.1488157335584346	0	6.401096702957397	-2.835215463701636
6.1855521341142685	2.6170254989147557	0	7.875794258521791	3.471740203162705
12.916194645484788	0	-2.8629243635732973	0	0
10.488379873736513	0	0	0	0
10.924394049925532	0	0	0	1.5959912671127618
7.716607554974679	3.8835923665018965	-0.1616295078683847	2.444347941071074	-3.324757975818068
0	0	0	-2.076336643359639	-3.318591744662574
4.0467397057933505	0	0	0	0
3.9391305350569272	1.3621626593457972	0	-1.1428487574347328	0
0	2.8860331791635123	0	0	0
0	-2.8765434236385694	0	4.008194677212672	-2.1295692650381
8.068794107567511	5.6305026352896625	3.6263848672357244	0	0
10.762084189640335	10.213779016558547	0	0	0
11.437533829097642	3.862524576485931	-0.19991154832305297	0	0
7.771789597000349	-1.9324955603936584	-2.821214312466202	1.8214529857815314	-6.04327628323082
4.528170215333923	1.6004436748153772	0	-5.420282676537399	-9.656501573497254
0	0.11893347994642789	0	4.383229128324562	-5.7237183449272635
4.717779933488778	0	0	0	0
0.11797336712068107	2.715118863791259	0.5666020779632854	0	-0.2609818315125012
-2.7675026399300333	-1.484244260174115	0.5913241379547698	0	0
0	0	0	1.3164028637607563	0
-2.037017264562879	0	0	0	0
4.341222531223615	-0.29487595894251517	0	-0.15529754783862804	0
0	0	0	0	0
-3.22697058588184	0.700462021870666	2.3649471889833236	0	3.749764407913033
1.8489770214401409	0	6.61681785750643	0	-3.7054767672811955
2.1944853824586823	2.9935201160483143	6.1293948506358085	2.8616767638168636	-5.71552860453003
3.9392703962421955	2.4401173906982145	3.569421340627535	0.8103114582097514	1.6879242195151007
3.773406817446726	0	-0.1388609520538468	0	2.285494554835066
0	0	0	0	0
0	0	0.5650004665939719	0	0
0	0	0.5047240104362885	0.8589293681941343	-2.6149050404744365
4.1954370233457485	0	0	0	-1.310272886695672
6.203440058866092	0.7220058727935463	0	0	0
0	6.781642483633961	1.6664436921409864	-0.7529446411153375	0
-0.8802881207394868	5.123971682698847	0.24331650445698327	-0.5856097543698864	1.0544416188055379
-0.7714464200253615	3.870617332301175	-6.086292001983925	0	-5.561555058080633
0	0	-3.82253548318259	5.337851996257324	-1.107133398240997
-0.40403520872972554	1.3105043330754786	-9.3154457608042	4.7485233312897766	-6.462211254278472
0	0	-5.370590374801846	3.9731599810819476	-13.59113014935179
0	0.40930091977536526	-6.966971732277738	0	0
3.007329938992327	-0.12006191420726231	-8.813770623186418	6.115744589640335	-0.371573653063834
0	0	-8.535091167621943	0	0
0	0	0	0	0
0	4.5350061880884756	1.154358025518988	0	-2.4138582749432103
0	0	0	0	0
0	-1.654699501847102	-4.186771088707226	0	0
0.6015413324900316	2.2224768201568965	-2.479419832232571	3.6907039605650787	-1.57605009145222
3.841601509521756	0	0	6.904763754368334	0
5.704802834451888	0	0	-1.497210337283533	0
4.999883419856887	-0.38087177832822194	0.7754097510495912	1.759927788841288	-3.1136940165155607
3.8943339662336984	3.677598101493804	4.212618047339854	0.9404495023156728	-3.963041329859619
1.1466144163594243	2.715388867069925	0	8.043066638720733	0
0	0	0	0.8372863904954215	-3.680113281087637
0	3.1985273040546303	-0.7293086581946983	0	2.936168003916032
3.7258505784615843	4.859397331875576	0	5.652758611727848	-2.4238587165425582
0	-2.2593693298576136	4.570739538024785	-0.02125796422326759	-5.306182882672562
0	0.772694332802375	0	3.0256754230744374	0
0	0	5.264035845117007	-4.21148205439174	11.46623397228224
0	0.4026325609772301	0	0.2531747402534701	5.089390149400966
0	2.036900734988665	0	0	3.2634864403845985
0	0	0	-2.302884122049798	0
5.523488112563306	0	0	0	0
-0.012012863332339585	2.15988001998435	-3.4957719777960676	0.56127837617996	-5.658050887313491
0	0	0	0	-0.04325825466160865
1.5546342046280544	0	-1.4966786478542893	1.6674012933475133	0
0	-1.0171989783191067	0	0	0.4926952914079874
0	0	0	0	0
-1.1605772659049274	0.1357450338757693	0	0	-1.8327998304929918
4.761668628535153	3.9479662976422096	0	0	0
3.5648986426325204	0	0.2391571603602229	2.5837422226604767	-6.250465503112991
6.951930275322912	4.243252007487133	-2.8823985012910467	3.156023090165656	-1.8837796775614888
4.7867643384779806	3.5072954706698702	-4.408926933981013	-1.213257565045226	-0.03926993780646848
2.688058392564841	-0.16763498000966193	-3.2906342144874863	0	0
0	0	0	0	1.0419842032157427
0	0	5.2405289677396905	0	0
0	2.383311888521794	-0.6667165141168616	-0.8451466239711988	0
0	1.8373684222820965	1.7082880743285311	0	-0.4842788541720392
0	4.205039263056658	0	0	1.0751979124649602
0	0.5037052737256869	-0.4171570851831664	0	-2.2602301487662486
-0.14460551499259555	3.233831279324936	-3.7596157201286893	-0.8610158876560268	1.3202612278338555
0	6.8321406581996555	0	0	-2.2675812578298067
0	3.3511953525065588	-2.266989733072221	0	0
0	0	-8.510315424818211	0	0
-3.340936347127072	1.3384376653169605	-4.913703170865285	-1.0063698396671217	-3.871530031973145
0	2.277292986653266	0.16144216073671447	1.530938002973767	0
2.827661454079012	8.604035018053567	0	0	-0.6076027804679108
1.9425005133049003	5.44206524323567	0	3.3614990321850806	-1.8533004043336052
5.865718659955213	2.416266475399082	-0.5290419054100662	-0.4267230155080643	-5.497770737016743
5.170656926391703	5.422336573491796	4.1639857773484446	0	-4.598015796978175
7.597997950631497	3.7967714706786833	0	-2.4167237175066694	0
0.7563290261899003	4.686724865772935	-5.3636994747688185	0	2.2827054660203503
0	-1.1300492525985408	-5.138044386768004	-0.8021439093743814	1.3539368036215376
2.9349219057756875	0	0	2.1032719907167996	2.4879577926134253
2.6181487740970426	0	0	0	0
0	0	0	0	0
-1.4710157751390542	0	0	3.656000559996849	0.05459647870659501
0	0	-0.48670876994939094	0	-1.4683123402164049
0.092312521272566	0	0	-0.3503829727590103	1.4149703120772932
1.0997999873171613	3.026817747295055	-1.7808895727074723	6.357709012859651	0
2.2467566687759004	0	-3.175936408343209	3.0092451899054957	-1.9117591449836335
0	0	-0.910751982318009	0	-3.0204348523283673
0	0.07609713556957012	0	0	0
2.416338063476828	0	0	0	-0.24541731821085838
4.9370611060016385	2.460821469144175	-1.5831900188494612	0.21268843157995487	1.9074716035696513
5.10568933265097	-2.554041937059951	0	0	-4.921507243877646
1.5819766903202517	0.10857183600040494	0.6089475291609651	0	0
3.4103414056234245	1.7225575296993625	2.169669039099672	0	0
1.3202902529908564	3.0821013918005513	0	0	0
0	-0.422858118471056	3.9354421146919876	1.9503800631721886	-0.6778857276328563
0.15184540288396287	5.251236790555455	-1.0926279054671288	13.06127545921341	3.383237383370821
-0.7278023046911319	3.7027441796217104	-3.188388606103688	17.259157845849153	0
0	2.5584749374705535	-0.765775526794134	14.416572304012247	0
0	0	0	14.294982419552202	-1.0999944348179538
0	0.14902712858586153	0	-5.505990590053573	-0.921362057858965
0	2.353630989879245	0	0	0
0	0	0.48056339266283266	-1.2096177764766929	-3.649452040873483
2.60017511125892	0.3090775451495749	0.6208593927972172	0	0.3955379958720453
3.6498432302633566	-5.798441332229423	-4.456048523003328	4.773436079191425	0
2.5253510045407745	-4.221720392784665	-3.0499707613107865	16.14004696248784	-1.3994736028706833
-3.9617292589770026	-2.9214827341949445	-1.4164041993285	10.364200881532362	0
1.2362380821835754	-3.0748819878377684	4.945015470867547	7.0548616705246685	0
-0.18471070721142824	-3.4103799633405574	-2.771055155458267	0	0
-4.0665155575827026	-3.7514378859523645	-0.5170172010281108	3.225734007621625	2.2515539446587853
0.27898260936796226	0	-0.23385449503208844	-1.0779049049263572	0
2.4243042920428404	-0.376552699653943	-0.28613149494225854	0	0
4.056451386309945	4.077929918916114	0	7.408465775122684	0
0	1.2401753766066717	0	0	0
0.46727470343794764	2.9914850459481364	-0.9557062960848399	-2.698698177506465	-4.713714133274745
2.6390186743315636	0	-3.335050344065221	3.266816182668991	-1.5608372082784672
0.3427765559455521	1.3835819767334634	0	0	-2.680814430900999
0.6458777018506758	0	0.36389045875336734	-0.06009062248212049	-0.22400780300833648
0	0	0	5.617372665135731	1.1364597666144491
0	0	0.48968720810688043	-3.881356687853336	2.5480536909020715
0.8846117869264742	0	0	2.9196835637307137	0
0	-1.5901257506519206	-2.0518121797691355	0	0
-0.6566971678073027	0	1.0269489750339054	2.0384300821632517	0
0	0	0	0	0
3.3386602896607145	3.1876881766004885	0	0.11303705452939536	4.675913975436372
4.2810533864894165	1.7337873650605984	-2.3472284338791414	3.470539603039435	0
0	0	-2.297529493377125	0	0
-1.2090980070970005	2.8327521077692897	0	-0.7397934488886714	-1.8188286824321795
0	0	0	-3.9421403858403696	-3.0391564537653695
0	0	0	0	4.509551155211244
0.5918993545986161	4.989424119350663	-0.10898786034563468	0.2765930526232272	2.318212351365003
5.200168332381694	0	0	0	0
0	3.8690393638027842	-2.2238699863108975	-0.39322979925807333	-1.03568031755898
0	2.6412284496432235	0	2.6351095339657125	0
0	0	0	0	1.2827597355415556
0	0.4404484164760061	0.6081109963616077	0	0.6616284314980998
0	0	0.21432051407337954	0	0
0	0	0	0	0
0	0	0	0	0
0	0	0	0	-1.1122805545794097
-1.3548625427222636	0	0	0	-1.1560794546458824
0	0.936109740944322	0	0	-2.2748176641174784
0	0	0	0	-2.8380001908817167
3.5608012151161086	2.07800604447842	1.8871661291154382	0	0
6.126889637997328	0	3.6240800996856097	0.33283991346539515	-2.5457814333511335
0.1313044933467654	0	0.6106808951004691	-1.7953781476589605	-3.423768339976232
-1.253571534833974	0	-1.120188050355934	4.476241137689854	0
0	0	0	0	-4.722010732956423
0	3.0808216671187028	0	4.064628810574757	-5.147138136264055
0	0	0	-2.274334548123513	0
0	-0.32138136454941213	-3.0098306523160794	-1.7647045131493038	-1.7178988130092914
0	0	0	0	0
0	-1.2365165276992567	0.8076770717608878	-2.297110645027643	0
5.469449366561729	0	1.0265436355375337	-4.825186561291298	0
4.413537468869002	1.165522557481879	-3.0266019023149893	0.4214785530478026	-1.3075138025822857
0	0	0.9826490702471311	0	0
-2.844228435840664	-1.3315469617022608	0	0	0
0	0	0	0	0
0	0	0	-4.946257873771874	0
0	0	0	0	-3.311104255680299
0	0	0	0	0
0	1.0018903391072556	0	0	-0.009438695259753604
0	0	-0.3168564261983673	1.2361211200561975	-1.1793839451269328
0	0	1.8607419919232226	0	0
0	0	-3.896249732680434	0	4.426403357623858
1.816594703621703	0	0	0	0
0	0	0	1.2247986592147522	0
2.1089861281386857	0	-0.19086078456843503	1.8438252510216144	0
0	0	0	3.5315770740624117	0
1.2514570706142454	0.22035294430072028	1.2065362398907604	1.6525307030768859	0
-0.20344917538324236	7.683718957539181	1.2139499783175847	0	1.4230354818039979
4.316926500867583	3.495783314956181	-0.12907190347996578	-3.8190084031586595	-1.7029663895161535
0	0	0	0	0
0	-1.0055342828267422	0.03885481042399275	0	0
0	0	0	0	0
0.6909775805439616	0	0	0	0
-0.7884080481845144	0	0	0	0
0	0	1.5506533349179172	-1.248450558346171	0
0	0	-2.0817505808057075	0	2.366730072144123
1.597058995126834	0	0	-0.3754715418664434	3.5670614208105076
0	0	-2.3338200214221496	0	4.315489638622077
-0.09299519051287097	0	-0.04094038964355248	0	1.977221363023434
0	-1.24472256536566	0	0	0
0	-0.5676294923873315	0	0	0.44162005044606345
0	0	0	-0.775200561444278	0
5.419350138160671	0	-3.3597529102429124	0	-1.7623202075299504
0	0	-2.579710569083145	0	0
0	0	0	0	0
-0.7152761103241368	0	0	0	0
3.815478834418924	0	0.1079534644391566	-2.7585790887142188	-2.4629661309869904
0.3342928359908469	0.9340133284529949	-2.5479508386340886	-1.0786392971265375	1.8460100998262738
0	0.28887764666384386	-4.314835382630972	0	-2.0380542902124237
9.44029093112802	0	-4.308739544372149	7.534822098710913	2.5528374098378706
12.533531066389916	2.1704954957223954	-2.4118305170176977	0	0
14.82642955690562	0	0	0	-5.467607691568624
14.609987949929286	2.0918584805472835	-0.3479744481258293	1.605006688357517	-4.393451846730759
16.470451059307486	0	-0.5830998762640471	0	-8.65823830946242
15.492697351846775	3.068648013693444	0	0	-8.96851053051354
15.807408986434796	10.436386686869389	3.6366346067880704	0	-0.5076979807732871
13.831458404847707	8.080204203592649	0	0	0
13.102481104228072	9.190957532223237	0	0	0
11.95129848294421	10.144564891798058	2.492746680285948	0	-1.7408210857219482
10.259285167249251	10.917368818456211	0	6.777542366244233	0
1.1704410345886498	5.423703012156915	0	14.672124492611513	-1.4207523146826524
0	8.117115025372291	-1.4542396477209727	10.112977981070014	0
5.179605572238964	9.592905090532142	-1.794078697094087	5.964877945886753	3.0021427600625112
8.399912077589923	8.245472295682152	-3.726293126190809	8.866948222080504	1.9296543181400443
8.85620352968903	10.524166271780963	0	11.121079387768269	0
9.100445264439333	11.56704891895362	0	9.88099318801531	1.8618635877156737
11.636917690052353	13.73399606633615	3.685378883761392	7.693153192134401	6.709084164007013
10.984164994905257	10.40670006274927	-5.225934544528326	11.264731158627134	10.248898443871344
11.354457188619843	6.849479658768298	0	11.23594519924281	7.9574880314645355
7.778504568416118	8.115743598222844	0	16.70113556650851	6.8362938574667975
14.523244123307634	4.077932029183476	-3.543078425995966	0.7151340111073448	-9.630737667187539
11.799612097079438	3.4307236400129226	-3.731629664597551	0	-5.090747480831902
9.725926292466623	0	-5.329924725480942	0	0
8.797831286129016	3.6124658089927024	-4.2399458166658555	5.846038309143862	-0.3174276571220872
8.594380468857484	0	-6.914859709935467	7.909722912842121	0
8.20837414262195	0	-12.338170662990564	3.2501136801269395	-3.084522422875521
9.197402385407447	1.3579288231988078	-7.533909780191883	0	0
14.373027539258063	0	-10.96396046613346	0	0
7.778748781086071	0	-12.769606124154704	2.623310643811977	0
3.443364427213242	1.1334715362156094	-10.432429958561919	6.854095170469148	2.697493434686219
7.879319927225655	1.6752025243405684	-3.6036023587305688	-2.0112772709512448	1.507535472003195
1.0574459678486001	-1.8729875209713263	-1.064010137018502	0	-9.461750994575532
0	0	0	0	-1.073299058200119
-1.4377843292818053	1.5012639828805687	0	0.369679767682363	0
0	2.135724280405917	0	0	0
-0.8728419606251213	0	-0.7258042653120448	0	0
0	0	0	-1.9182199445596155	0
-5.119732881327506	2.3654213432016222	5.132450970304113	3.5156898802552505	0
2.136105818245524	1.4670239826374938	0	2.9065369989373258	0
0	1.6809012880221639	0	0	-3.190088240146223
0	0	0	0	-3.7122285148449325
0.9849371672478079	3.573535225915047	0	0	0
2.4631109105520785	2.2268868313945323	1.341803954849064	-1.2333220252869792	-2.133700528065811
3.221772675919586	3.9596093214445953	5.609665836556153	-2.5070093392447115	0
4.627736144869082	5.344782539537024	5.080683777570625	1.3836935389339524	2.4199900520931235
3.082107284269647	1.167819797471253	0	0	0.8587403797161668
0	1.287980094313924	2.1171798483583477	0	0
-0.9776995087436631	0	0.3059063686517026	0	-1.328502135572177
0	2.683571458210726	0	3.021877048788994	0
0	0	0	-5.5949875847703945	0
-0.8050757955154103	0	0	0	0
0	0	0	2.210311243962934	-0.8509466838224129
0	0	0	0	0
0	0	2.8506811442887146	0	0
1.6741032723074856	0.363509826081548	2.2873732600667886	-0.07812721389380113	-3.4288881608390804
4.127826606979848	0	0	0	1.0257354083182297
3.387494135296037	3.4758802144146004	-1.9065101520277565	2.722426337711501	0
0.5709475214829279	2.593761074327226	-5.803555210454986	8.575368400544331	0
9.603771038541062	5.246052773375406	0	-1.1709831394721832	-5.970648523364202
11.114735661493363	10.05941012019103	0	0	-0.08124416205445772
3.0918078965621785	8.716427296295073	0	0	-2.9933025126346973
1.9798698001400685	9.72866393153296	1.807849408897058	4.709241412247009	0
0	9.950503726948002	0	3.6677265461813255	0.3590906722726763
1.4114527269347623	6.855628282014304	-1.7289147168367691	0	0
0	0.3325510668618896	0.5970723570797113	-0.9090512725153708	0.5233266180514076
2.4503787678679445	0	-0.18336397723305908	0	-4.347636982000481
0	0	0	0	0
2.726772549029144	0.05494817392175583	-2.8872637223206046	1.9385785242916407	0
1.2710927309983329	0	0	-0.33566506903654925	2.3476729241177967
0	0	-1.4438425446636884	0.6457223476672631	-2.7823058681648645
-2.2193806087675325	0	0	0	0
0	0	0	-6.751656797649615	0
0	0	0	0	0
0.2931409984783811	-0.4695473318957012	0	0	0
1.9780231839689515	0	-1.4980881560951196	-3.4240217046513064	-0.7803332617723012
-0.1672144537546909	0.4591045997644594	3.847712768734983	-3.0753876735311505	2.6099204952577173
-3.6112542466411925	0	0	0	0
-2.4053530682739606	5.247995901379852	1.5943761638392995	3.858778870797046	0.9319183868427245
0	0	-1.0165293384009386	0	0
4.1603606192377836	1.1287175706310104	-0.21695253504172957	-1.553336598711362	0
0	-1.9835802697532576	0.3899755070620613	0	-3.779757338861564
-0.32011029164177995	-0.5444722087771537	2.369680487575561	0.7161306238836611	-5.028484685783946
0	0	0	-1.7589661700805077	0
1.1104347979693516	-1.20252198218975	0	0.3487173445650744	0.521328244611061
0	0	-5.3860778209585245	0	-6.128023099668746
0	1.0085484741305648	0	2.2014310741290175	0
0	0.23943155027050222	0	0	0
0	0	0	1.9243289493602955	0
1.2358176272128127	0	0	0	1.0905845122398872
-0.8166437511823186	0	0	2.7868888959252	-3.242335847555336
0	0	-0.06480517115582407	-5.262992319875442	-2.125130326932426
0.05215339228405025	0	0	-3.075823144444879	-2.228708887431428
0	0.11333855822303063	0	0	-1.356527715747013
0.3716665837159724	2.250495313913679	-0.6870777678420803	1.5324387826543533	1.3492122137472116
3.079708187879057	-0.12109505901867917	0	0	0
0	3.219737070679808	0	0	0
-0.23918808233289424	0	0.9740978380386334	2.912704284271534	-1.0063920037086094
-6.820675784075705	-0.026380950699209205	0.9939633509592021	9.212774914342726	-13.405648041286955
0	-0.8291848175480326	0.908820948686215	3.7871483242031085	-15.505358523507944
-2.6573168125095483	3.902238538170818	0	8.753705688903253	-2.4893829962420306
0.5839440508056352	0	-2.827816221858198	2.21184740160224	0
-2.220724749056334	0	0	0	0.11223718246981229
4.655812382414273	6.693829142116338	-0.11417528717472142	-1.1899215378560117	1.0335548772893313
10.640703946093238	8.937641753378813	0	0	0
13.961832086922882	12.487255428026739	-2.1968035830363712	0	22.428909392205007
15.336087979958958	10.725811242628007	0	-1.400807444518143	1.1272786978378104
14.824114777823562	4.19843350768046	-4.4333861050783465	0	0
4.991331189307934	5.9328221729142285	-6.726673979609144	14.284505122287854	0
11.427176696077174	4.016225623107388	-8.5484983903848	11.080365252404338	0
9.622440718043817	4.806463145798771	-7.121149036615992	12.61095033988664	0
9.858682934926286	9.074392020504263	-5.4297624688203525	7.973756311282118	1.983380340136574
10.508831970685264	6.702254821726253	-8.675317820400384	0	0
9.952378630961451	6.073421327900241	-9.193735371334114	0	2.3019405104353385
11.026253316363235	5.918528803919216	-7.24282065904355	-2.38858649698626	0
12.12164495899383	0	-2.8876030809663065	2.136072325131293	-5.384850703211045
10.90107895890936	0.7321012473551236	-3.833033813150069	4.9891821837304215	-6.187024400002477
17.992823988832512	0	0	-4.288519470289855	-8.027833001633226
8.133273997029239	-1.971014605018847	1.284951043685594	0	-8.990466536029803
0	1.380399725037937	0	2.441324439476933	0
3.124657485510387	-1.146314309088367	0.0436900547315775	-0.5252278534918527	0
0	-2.6671911372809585	-1.201945529706934	0	0
3.6185939896016155	0	0	0	1.0611880158320277
1.8843102127964242	-0.37328490581466156	0	-2.2951697871436343	2.5260691054136317
3.5646839054585877	0	0	0	0
4.299100707121809	0.448025291050027	0	-2.079496020347493	-0.813987741901191
0	0	0	0	0
-0.548002802592771	-0.20309852697039332	-0.6530890205976485	0.02301621365246409	0
0	0	-4.478034962013475	10.091444627147359	0
0	0	-4.542221990318346	5.48832609594437	0
0	0	-7.585793762653884	4.20967708122288	-0.3576516679740116
-1.5695046377774036	0	-6.283895180836261	1.5049515585094952	0
2.461373620876352	0	-2.5148465954379198	0	-4.070752544311391
2.2964540633087127	-0.7847675161219887	0	0	0
2.9726331910064334	1.4754853570779476	1.640811160886289	0	-0.6964228829456558
-1.4135944181276576	2.1736736316916976	-0.46402322197120605	0	1.9368425753851535
4.358913557761972	3.8846424173361997	-1.4320525742721841	0	-0.9113989503538832
0	6.577919375734206	3.3383782514973444	5.455191497565845	-4.339127333993554
-0.04250940464856673	5.213133199255606	3.8851334222172262	5.064510996306236	-4.9154001848083135
2.8749199319569154	3.2290478573602206	2.9564878542444575	4.391624545786295	0
-4.807069860676727	-6.02112052604852	1.0838192736716359	3.795568017754542	0
0	0	0	0	0
7.1384775862335275	0	1.2750715183615124	0	0
7.984183904898232	0	0	0	0
2.3355584422198774	0	0.8328229113286569	-0.5936409544053003	0
-0.23622251555547016	0	0	0	0
0	0	0	-5.301261364534123	0.20133770107330307
0	0	0	0	0
2.709616123149179	2.216306583859159	0	0.7655784974872022	0
0	2.9694775643108557	0	-1.1360238035322021	-6.136041137267966
0	0	-1.8341036132516553	1.3789446315579836	-1.0744847354009774
1.5429867960067647	4.5094253665246375	1.7616061364609001	-1.431456099518276	0
-1.0866845448267886	0	0	0	0
0	0.18071258666437134	0	0	0
-0.6947825332354747	-2.832645878729733	1.1802807045267822	-1.6141745270250398	-0.407429910652521
0	0	0	0	0
0.10631137243943245	0	0	0.256110691839203	-2.163615837593307
0	0	0	0	-0.7763301292947808
-1.0650352223017128	0	-2.8476187799784345	0	0
0	2.2642669890961846	0	-1.0332464619725152	0
1.9140909581094405	0	0	0	0
4.090323898027664	0	-1.4918792379222992	-0.5386219493732787	1.040434629740253
0	0	-4.274358017415883	1.1923157962476592	0
0.8410982950390986	2.2811303488385377	-0.712331821905372	-1.3048921301080887	0
4.356081119593222	0	0	-1.64340905960108	0
0	0	0	0	0
0	3.138557660345787	0	5.874944715921818	0
0	0	0	1.5976298959386113	0
3.6000306003827136	0	0	0	0
0	-2.494674150933164	0	-1.7079471900978507	0
0.09524165209412161	0	-2.611129494003931	9.24767286673832	0
5.039349999640018	0	-2.3125831504703616	0	0
6.012867065372951	3.8216685811717763	0.030250487436584428	0	4.592844303979671
6.702044581494141	0	0	0	-7.395412513178229
8.316068521185468	0	0	0	3.0571918571401957
0.04807171031897561	0	-2.583076400490486	-0.15639788914000335	0
2.706796359702768	-0.8566989984045599	-6.3109452499890555	5.181818155285477	-2.80597879601644
3.6610090622343554	-4.180169663923309	-2.4422800939930704	7.50108896602041	-6.617086341380771
1.7961150953054565	-2.423023031729795	1.6585940257251448	1.0479694230687953	-0.08763041689807627
0	0	0	0	0
0	0.004727819026490457	0	1.4733140913609803	0
0	0	0	-1.4040022890639108	0
0	0	0	0	0
0	0	0	1.0695498385506124	0
0	0	0.3706087781657893	0	0
0	0	0	0	0
2.2633022482224603	0	5.077644059455411	0	-0.27145508232833393
-0.35950459066553453	-0.16608195174687868	5.005210815656701	0.7101476022323547	0.1498587299845604
5.569253706529587	0	5.401115754820373	0	0
3.909382797894907	0	2.7982000748093183	3.825870451485038	0
1.0343327069476769	0	0.7426151295122253	2.422546299974556	0.5529921167975667
2.7827692407730655	-1.2350481079827185	0	0	-2.0005070600138883
3.7725994376660363	1.2607271877437811	6.277529319318595	3.111409537557772	-1.447864264521111
1.6958557747995164	0	0	0.5504146136851147	2.273867762542028
0	0	0	0	0
-0.8594682038227303	-0.3859235000389603	-0.9947478943022476	0.0941155961196602	-2.9628654776513668
-1.2150363165658808	1.43450977143789	0.6389694688109218	0.7437837461653627	-0.21383283257660285
0.6829211179471782	3.6505599699528704	2.6069110262058732	0	0
2.828214496957552	0	0	0	0
0	0	0	0	0
0	2.4534411693063483	0	0	0
6.596936651210791	0	0	0	0
-0.867065208283861	0	-2.9460497454526604	-0.6690084687623314	-1.7760401325828177
0	-0.5411535401137177	-1.7185389480999507	-0.8202195801275028	-3.5484170315461707
-0.20698811823950947	3.1162932480956265	-3.0518961961185647	0	-3.0549202132581152
2.8100263330612867	7.80346674371181	-2.201625848899101	0	-3.147069155073728
4.207930576403942	3.4058259623018317	-1.4969112772441604	1.6048510376755631	-4.850920953837496
0	0	3.498383491419162	7.473709348287859	-5.260096360660468
-0.7439607151908856	1.9359420462452361	0	1.4847975655378987	0
0	0	-2.5913596619543346	-0.7845210108944985	0
0	4.126090888382116	0	0	4.452096966340503
1.692956032764532	5.390825880396237	-2.1915203312680567	1.7589013198960122	-5.228920919725334
4.645398523174785	3.80130589386978	0	-0.9486498103353316	-2.0504494561975415
5.62535126870906	7.560671160147284	0	0	-5.130670286764331
4.932464477615393	7.041620017761246	-0.8054917617004698	0	0
5.632832574847026	6.0460297515488985	0	0	0
0	0	0.4429620350099437	-1.7487322123799982	0
1.9823356966008672	-0.20734878094203535	0	0.7247562484888047	0
-4.905177392763468	-2.1407997813888846	1.6346739379899136	1.6543074809171547	2.1657599502751927
0	5.222829674903228	0	2.4688961480652587	0
0	3.573031801302781	-0.6559528172708249	2.989150876493913	4.874251308552539
2.749910306727409	4.379510188070702	0	0	0.9616354668921414
1.1016754614463267	1.5393717568068777	0	0	0.027882066095605285
9.096847676764122	0	0	0	-3.662209271752749
3.83737771152982	2.6314993788026104	0	0	4.02974340188783
0	1.0097035680941655	0	0	0
0	0	0	0.9018154622294042	0
0	0	1.8217486729781507	0	-0.5215476244592996
0	0	0	0	0
3.5869567607886226	0	0	0	0
1.2655391203697	0.7777599668935632	0.483269075150756	-1.8163305925527071	0
0	0	1.4439049749155335	1.2667246841667983	0
0	0	4.3404678024412044	-3.9917430951505253	0.7589471964531321
0.8775415154714852	0	0	-1.074572435025614	0
0.31552464327111196	0	0	0	0
0	0	0	6.443158601987678	-0.9198160914644888
1.1599094415511626	-2.2046784605009	-4.1521663077640545	14.537721244536298	0
1.563834069489002	-2.0774874908477656	-2.910022652035301	6.307998071329499	4.333151835760603
0	0	0	0	-0.6793534854536114
0	3.128227069928344	-0.021702442644530695	-0.09010783820758472	0
4.923940415669879	0	-5.099785701365342	5.034203853826994	0
10.3069528718107	-4.682182939536297	-2.116888281242824	0.08355647076450645	3.6295820910188756
8.132717221824725	-3.119446462113896	3.40687479834442	8.451193785551743	-2.698985895341551
10.367785511204856	0	3.565573752392143	3.0058853276790787	3.0517536523653983
10.653948125377262	-2.9833060998158074	0	10.261657296949094	-1.3410178856607384
4.776395297876057	-2.583892467193522	0	2.9204446247885256	-0.1881289934594178
14.610766765540006	0	-3.928783193011131	2.4533174641731215	0
8.295032368229545	0	-3.4827600840587687	1.3645039084712065	-1.6102090730565908
4.354310473800096	2.0043807827121607	0.0009275688712235657	7.786011669648675	0.7334174318770998
0.7165887334201214	0	0	1.4464055088125245	4.959016127499192
0	1.7738697108512904	0.4142301567379959	1.1038926455198808	-1.6867410965377676
2.3346188901424947	-2.426320724130728	-3.32167002488857	0	0.012727926955960811
0	0	-2.4599646380543643	-3.1798131197327075	0.9830318061848176
0	-2.2852596135748473	-3.007861421601211	0	0
0	1.86560501377395	0	-1.5294823748264523	0
5.743551107438404	-1.668261246416885	-1.7174800434945579	4.716278826238077	0
15.559085202267692	1.965518252155972	-1.1740087486204387	0	0
13.619958631406053	0	0	0.7368625727877212	0
21.196896536693085	0	0	-5.584542280632283	0
21.49835397615768	0	0	0	0
18.4089092141612	0	0	0	0
15.484418455818966	0	0	0	-0.825646306721882
24.275111930260234	1.846471435406155	-0.30354350791553664	-9.359046838710723	5.456747263003315
17.75015246821568	0	0	0	3.0897627567725023
21.449938921915923	-3.2573632461371482	2.052255962435083	-2.1985662605056944	-6.414156268295744
22.523827565327156	-0.6444322274761908	5.684115846393379	-5.856165219407676	-12.13125961162655
20.942180305684495	0	8.202670909081265	-9.395385852010662	-4.94198298334002
16.341850034952834	-0.4509249423993824	6.567278219548278	-6.784566779338178	-6.786993177553074
17.597948668579363	0.6146045647087359	7.882776570257864	0	-5.623318643566323
15.300827820876462	-1.5348524603264715	5.788379365931189	10.495043977155804	-6.1590914140559265
11.523891648240525	-0.7300994193967998	3.207049696978434	6.191912127552588	-4.053109005228577
15.13580253926613	-3.408895231098786	-3.084070384027927	9.530148048425385	0
19.060918562166197	-3.735672896228567	-0.6091430655010335	2.290739054362978	-3.3782984339121285
21.611765471366052	-1.6211146005443675	0	0	0.5303573292340102
21.01921043697566	0	0	0	2.1003925183924195
18.279697459394075	0	0	0	14.152988195561594
22.549153477455018	0	0	0	13.372802855047828
22.24321404502246	0.35104790616452086	1.9011526605192939	0	13.650404857799005
16.83010858255217	0	-1.5196780610103668	0	13.142492014895195
18.363687167103183	0	0	0	11.054222029930287
22.346113381009488	0.8772118137340916	0	0	18.573639383128977
21.102744705472947	0	7.3951337026747535	0	10.548249388032124
17.570439735889064	0.2708720561065941	6.246516683070134	0	4.077292375205888
19.07019928670823	2.01711536409638	9.683716456612256	0	0
15.307710836192438	0	7.484567470724247	12.163719738834853	0
6.316401935130682	3.654441521484871	7.248054411798714	14.70236415426044	11.8977839494062
3.682119693926738	-1.0150072852417624	4.983581240372619	24.01675202737317	7.850994449167276
11.608522362708229	0	0	12.68335606263417	6.165424899282893
14.169593400816654	0	0	21.056398108400458	8.920899406569417
15.330221001258964	0	2.4437682290196023	11.778889291912883	2.7372222133232325
11.925359548080749	-6.039907281278073	7.257747565738885	17.293228555551927	-1.012376853508764
13.735493092829628	0	12.172851358284197	21.389543328892106	0
15.284136090035723	0	14.055898174649261	10.484508719600703	0
18.1286263942312	-0.1556238063830575	11.713357461694507	12.782345201990028	-4.467708570319394
19.07506216714448	0	8.447299719610871	8.265809287893553	-4.151772329160082
12.411086078442006	0	13.689687498158362	5.559384831230026	0
18.874944934775556	0	8.185399663242015	0	-9.060489370662642
18.327883427432145	0	5.9201062879698645	10.016148888475131	0
14.481741661145723	2.1156766665515256	4.769056924121224	11.705737518717582	0
17.706103413241898	1.8827929627053108	3.829015580236494	17.019043196260526	5.823048612655512
13.330518876167437	0.9537441797425164	0	18.02599610091237	14.938777453152124
16.70434480457973	0	0.4569052076551703	14.838634305953375	9.471949186633994
14.324771132938693	-0.7110427101888632	0.1862299556728484	19.252201955772286	5.838865682381196
19.43954073567984	-2.7160548745725093	0	6.5453174449084095	0
17.882319252371015	0	-3.3588999748006874	8.049726633717222	1.500017138146364
14.541197432183264	0	-0.23006804907529377	13.16463368740254	-1.78421013318297
10.422279969840233	1.2647684493826286	0	4.513584179499653	3.345607614510655
4.614428509851884	2.5892079573732585	-3.2654552503005885	2.024678901516616	0
0	0	-5.957172658953549	-2.4537375752072483	0
7.314496883737729	-2.73123083813683	-4.598147868079645	0	0
7.889586950791855	0.18686856324680368	0	-0.47146249370429505	0.2000180603572318
2.7487800218315406	0	2.6627104593729345	0	0.6928075852013226
2.7817968628419525	-5.461528663630005	-1.8938237096638284	4.799348777116143	1.0215715918829755
-1.6327702097842958	-1.4227868786767286	0	0	0
0	0	2.256935234506515	-0.8232613032183631	-0.8465618990861645
0	0	-0.15124320945048542	-0.6193692037116658	7.178303304524241
0	0	0	0	0
-0.6572852013455823	-1.1025559304299501	1.140775207509896	2.5428994438169346	2.7636257331022858
4.3779260943497365	0	-0.8730517869843883	0	0
0.747999897527678	0	0	0	0
-2.96304819192759	0.2533349419289452	0	0	0
4.867716651792497	-4.346835214293392	0	0	0
4.376142537746227	0	-4.094823637636449	2.7258630223002864	2.150176987393344
7.632704371230817	0	-3.306578227056804	0	1.04338273905576
9.690828852130535	-2.302452571150328	-4.314018685048845	0	0
1.6012188054593852	0.6755124085147993	0.7003094063296419	0.17463843873635054	-0.33396403019210547
0	0.6329742981758353	-1.594252767427439	0	0
0	0	0	0	0
0	-0.92054768958357	2.237653013316647	0	0
0	0	0	0	0
4.264897193054702	-1.6183470345721633	-1.3410707611587214	-0.3916294828368807	0
2.8844126695402608	0	-2.721082039334058	-1.758429011923682	0
1.895326522934719	0	0	0.9934832633992798	2.5200886134086655
0	0	-0.7472844262490473	-2.0432599605118917	0
0	3.4185014442056603	0	0	0
0	0	-3.2352322010321037	0	0
1.1050689887121457	0.721560002143087	-1.2747784399633386	-5.238072041926207	-2.467933038388383
0	0	0	0.8881897051790493	0
0	0	-3.0935068839781446	0.17191509242404113	-1.2562218520778068
0	0.8296710760644724	-1.262053454891145	0.32778271788893254	1.2742630428415622
1.4481018864157593	0.5612039295878417	-0.7566047105565697	-0.4225222155579763	0
7.428743424497171	-2.2598222624050206	-2.804052848947288	0	0
2.988167491765968	0	1.3400734481645498	3.1600459935761087	-2.645737170705677
0.9807800211703025	-0.9497722791180664	-0.08028235456163746	0	-1.910273130781846
1.2943784972664223	-2.424623871858264	1.0737330962800138	0.1873518205961725	-2.102293785013956
0	0	0.4246261211698776	-0.8747577400214306	-1.8327970059291263
0	0	0	0	0
-2.2820237471062788	0	0	0	0
0	0	0	-2.317036793679787	0
0	-4.4289107928080265	3.595150934402625	-2.4058765293909987	0
5.618243249174345	-7.639595480229171	-2.094349707376937	-0.05836837243638171	1.8362260786804803
0	2.6173063579337947	0	0	0
2.578011704858628	0	0	-2.394687657345435	0
-0.4495262418716384	0	0	-0.575143687188085	7.415587528492507
0	0	0	0	0
3.8105584181019525	0.7018135639896518	0	-0.5652885091169466	-2.3901600977586757
6.272987710398663	0	6.862055950601496	0	0
0	1.805977663304264	6.488806574396689	0	0
1.819801687063067	0	5.759409762385596	-0.0032778210034738464	-1.537681190395923
-0.46976100964074147	0.9976193441597315	0	2.0995139571083747	1.4322421425718632
-1.4917641666414885	2.090256006103761	-1.8357548317896846	3.0813062453208393	-0.6627637213318684
2.0548133201049406	-0.9655717933018266	0.775090977374697	0.19209276012702636	0
0	0	2.6191936122007764	-0.4511970727625353	4.1001213629517705
2.427309527534396	0	0	0.7698193748888993	-3.156283848936539
0	0	0	1.2279179714622734	0
0	0	0	0	0
0	0	0	3.015972894674839	0.5323547856739812
0	0	4.713284310103496	0	-2.6702489465257804
4.892956290427335	0	2.424518971471943	1.170670789586862	1.8477735625221674
0	0.6438976164831629	3.1074013402749845	0	0
0	0	0	0	0
0	0	0	0	0
0	0	-3.9846855358031523	0.07072810435093196	0
0	0	-0.683397646066563	0	0
3.111096064550438	2.558967793459254	3.441371717611617	1.5267128938219126	0
2.6419620931085626	0	-2.2334203583333894	-0.5275474902495808	0.8978990076201133
0	-1.9960776768491355	0	0	0
2.3731528017883585	0	0	0	0
0	0	0	0	0
0	0	0	0	0
0.39551087688378117	2.223993736264703	-1.0286794300981215	-3.3080802210894364	2.716751578152505
0	-1.96430141088674	1.2627374521754022	-9.143260393770461	3.7322369789461565
0	0.34441746966591336	-0.3334472244735484	0	0
0	0	0	0	0
-0.4354616902281432	-1.6561513807575763	-1.629762928113319	1.3420735440463394	0.9135672215625685
-1.0029368522312405	3.07987574776146	1.6393641816964322	0	0
0.3936893977497675	0	0	0	0
4.312399284175861	0.05102367568029953	2.0564540843902406	3.319173948044725	0
0	0	0	0	0
2.7561046492708425	0.37231343300915687	0	0	-0.13559652512919684
1.7414112210522286	0	1.2990002531195564	0	0
0	0	0	3.528822020203716	-10.509162001314726
6.364421092203191	-3.5809303268481076	0	0.5299016515255746	-7.467917867500318
9.81855588604187	-3.7061232750580686	3.588205893936983	3.628937968442065	-4.142374452042353
2.8537820616615224	0	0.24408036660197197	5.8946304616491005	-1.378629067528407
0	0	0	9.553302809806656	0
-0.10397691299263201	0.64793743348501	0	0	-0.004126679603692118
-0.42443578654468017	-2.7957914706143634	-0.9958232760629779	0	0
0	-0.42189143478951185	0	0	0
0	0	0	0	0
11.241732612505679	2.1817672064580256	-1.6763159859241639	0	0
8.120944138971561	-3.006611803352344	1.5385424967850565	0.6446577934441509	-1.625191415342563
7.0370809639976795	0	1.9956708938171706	0	3.0694855700158623
6.2376616329036265	-5.471591380476719	0	4.968931955765098	1.9005362640203336
1.0799250396224074	-8.227859222153604	1.9260375317025356	3.931846530539567	-7.1595177369600576
3.4122113497673743	-0.3952358818744534	0	9.371155665252083	2.5242186892197997
12.52812843371369	-0.6660670897906509	2.743079219031084	5.615683909442618	0
12.413354308256363	1.6374757696423732	0	16.696388481720646	-2.8386693943365016
10.039236945209625	1.589003701717524	-0.5563933426172424	11.122331496524735	-1.5223540356090448
13.17509243653327	0	-4.578909528506166	5.971494633510078	0
12.424992863544745	-1.7785381502360469	-8.256818086348822	12.060257984874443	0
15.357381920621012	-3.2491688637355733	-6.690043768083072	6.815895236434996	-2.910957832438753
19.05563419417718	-4.917330599388498	-4.2718887545023625	2.6856017405250947	0
19.536968980110924	5.492940394110691	5.8986242971041385	6.912154112912669	0
15.952711896029923	-0.554720596334003	0	0	0
16.110678001766143	0	0	0	0
15.873189135011451	0	0	4.50132057664654	0
23.543434950738693	-0.04167133530486421	0	-7.733343202144644	0
22.33330241655856	0	0	-12.840519455637825	4.085505715999627
19.64267676363196	-1.9859195478518656	0	-11.142035729252754	-4.250817372173728
19.598835616631483	-5.117616247294556	-0.3425889068094253	-5.8397065221537545	-6.533230744606965
22.354274624602798	-1.0474158958170994	0	0	-9.158261963826282
14.984572069120397	5.78874589205202	-1.4944965611490515	3.4847695953958557	1.4546782316968065
13.814657426329692	5.268040355216857	-1.1201489094927684	4.673929484951842	3.2267000499187075
13.51122131565787	5.932946032912556	0	6.440118031259333	-2.0778765548759024
11.430548885390937	4.178820182580098	-0.3755619351654506	-3.044892043437126	-3.4118699143960725
13.242442692044188	3.9838948066065925	-0.1708707074972461	2.9304339896322427	-4.960578753512898
14.977369692247551	2.7891649484595926	-0.7745402487389668	4.608583671866838	-4.276397961987551
15.948085483401496	6.771819502276472	0	7.772610381699577	0
9.120350094444733	3.945367212660462	0	2.0464780379880096	0
9.492360585470776	2.698410655094383	-6.579385088085839	4.69122808393066	0
10.096419713062922	-0.1045028024860335	-5.142521778439493	5.574307834980511	-9.132619975596675
13.417042061006114	0.7314236618451093	-3.221152126584775	8.621024138619816	-5.8188491252256425
10.708557503848848	6.638604523015864	3.5210593535913586	3.971746203292472	-2.2297790004606495
13.454071594444699	0.6869676724735618	0	0.7044453937874646	-8.176512228764043
17.73868427370924	-2.6072043553732023	0	0	-12.962599685673004
14.07179673242139	-1.2482137333843202	2.4222781278398053	0	-7.002499142247509
13.48558011085594	0	0	4.811362632163284	-2.789216233363135
13.588231487991953	0.8922932932082582	0	0	7.440249378529776
8.200037678660964	0	2.5957005534796633	0	0
9.4073371435034	0	-4.360260548511737	0	-1.9905909454864594
10.688315216871464	0.03304942731704354	0	1.1873367087131455	-0.5382047659875884
1.1109987334189835	0	0	0	0
0	0	0	0	0
-0.8417593789223312	0	0	0	1.6317253303402772
0	0	0	0	0
0	0	1.1381391426096332	0	0
6.489292103791236	0	0	0	0
2.6952954091600954	-1.9334950423973591	0	0	1.5439831671911373
4.777287556995161	0	0	0	0
5.632205920314457	0	0	-1.4158229226581283	0
0.8107789327706798	2.517815358606784	0	0	0
0	4.87602848995443	0	0.4132335863444869	0
0.5026641102021377	1.9647979010312604	0	3.433462905151707	0
0	4.920041444894533	0	0	0
-1.4078747393837925	0	0	1.6168305669007637	-1.1298160524593364
1.7646611754686936	0.3828771791901006	0	0	0
0	0	0	0	0
0.17882733990415156	2.40517881019466	0.6645564808327884	0.47370919151592683	0.5860688068174928
0	-0.7377944041102911	0	0	0
0	0	0	0	0
-1.2097698482696986	0	0.07926261063020501	0	0
0	0	0.8684598852365024	0	0
0	0	0	1.770529194275833	0
7.073076049844844	-0.704779157160772	0	0.4763700960984776	-1.6041495634574843
7.584975148327597	-1.3516013778674947	-0.031058121263768307	0	0
9.856278785806705	-2.357469616178262	0	0	0
7.12888151171072	-2.0680458255840253	0	10.06886539441455	0
7.742321363709475	-2.5680379353986553	-2.1047198663385522	0	4.072450378824026
6.328988460423655	-1.9198353193761752	1.8859904076014702	0	0
3.2998300491180728	-5.435113086254395	2.6988977039258693	0	-0.9320463904893465
7.245365632180052	0	7.180633476988644	6.045964909145567	-0.0974557097194165
7.234779017190689	0	1.3265605824366515	11.518325916695169	6.503088195248353
11.721561157467702	0	-0.7461430296510445	10.720949708179125	0
15.819889781030573	-3.65422930413506	0	12.455620275251045	0
18.767308467743103	0	0	0	0
18.873227810841133	1.528133430925874	0	0.7927326797775065	0
16.035841824856075	0	0	0	0
16.81782567479566	0	0	0	0
18.744498157417556	0	0	0	-3.3229829094255456
17.547079122903416	0	0	0	0
9.735888250670127	0	0	5.921766266082325	0
10.019241742971776	0	0	17.90632207532918	0
13.062856416218512	0	0	11.787556258657569	0
14.533912540928807	0	0	8.428000110109725	-4.279954766945394
16.597191898799895	0	4.31365571541326	3.466680740499864	2.6039031820298923
18.518549440543108	0	0	1.1363020184350014	0
17.023580621675574	3.197471429099655	0	-1.8990471717972675	0
16.998606769310495	0	1.1798140232612875	3.4556994702913717	0
16.364615298065292	0	0	7.051612774778544	0
17.287577419922147	0	0	-0.5238815134207299	0
19.361258894445562	2.005116484677152	-0.6337532381295569	-4.255634301830697	2.5570202040398704
18.410767815906336	0	0	0	0
21.016233982040546	0	1.2678583127072536	-4.102046571867625	-2.1117894083432853
18.170101611317534	0	0.27314618580818073	0.5561746570174342	2.9068985783627297
21.132115507199465	0	2.9103913107885457	0	0
19.58205633011024	0	1.505351603913604	0	0
21.040573925823907	0	0	0	0.4370337653742604
25.63269791065651	-0.6429132366087325	0	-12.76624225722119	0
19.321574369828305	0	0	-1.125359817989518	0
15.818699950586106	0	0	0	0
7.623665745401839	0	0.08839905817089821	0	0
7.418568132859062	-1.4062672031915602	-2.943052118988079	1.5263542634057303	4.675293347533568
6.59947877506833	1.255292068492525	0	8.305396529453379	0.0063834452528386265
0	1.4737997490050525	3.8847155066297563	-1.0724884245222626	0
0	1.6319777190730889	2.190928377838628	0	0
0.48403623018146025	0	0	0.32861624216528085	-0.40795648424850384
0.7027018020476821	0	-0.41146161036414686	0	0
0	0	0	0	0
0.42660149741456976	0	0	0	-1.52785630979781
0	0	0	0	-1.7281516947792666
1.461733834051191	1.667566708363052	5.260494350994089	-3.660280729287937	-3.4001015787676336
0	0	2.4513194238226923	1.7724428411060134	3.1196634178611946
0.006928894575649325	0	0	2.478117276056728	0
1.5498434403321415	0	-0.5723076388917606	-0.8985757115942117	0
0	0.5128376407499742	0	0	-1.2872630686761295
0	0	-0.7923501340153084	2.2497517848842583	0
0	0	0	0	0
0	0	0	0	0
0	1.337559434819593	-1.3380692671239554	3.1402838069099985	1.1211650113477853
0	0	-2.5855246012379567	0	0
0.7337208314909422	1.5004464277321814	0.5122562516882172	0	0
0.9260441439402798	0	0	-0.5049009941799012	-0.8010650532322694
0	0	0	0	0
0	0	0	0	0
0	-0.882953793893949	-1.961188043846501	0.7341037229194609	0
2.5889376054383457	2.3136492703001856	0	-5.5731077186721185	-1.117886103533843
1.4196137877433626	3.5272238267548777	0	0	1.9993033161447995
0	0	0	0	0
0	0	0	0	0
0	0	0	0	0
0	0	-4.357174399297022	0	-1.9565111272817006
2.513972617521281	0	0	0	0
0	0	0	0	0
0	0	0	2.2397604798559274	0
0	-2.560730898776239	0	0	0
5.731053609726042	-0.6524562540484886	-0.4395942301883874	-4.931925138851408	0.15289696238392825
5.535628832306346	0	0	0	0
4.568068202134329	0	0	0	0
3.5276252922061335	0.9955168836754299	-3.836078055444201	2.4391005380149444	3.8982387139186496
6.528922439539782	1.9462823640491402	0	0.5302352158656509	0.5681034253467487
9.964991263311745	0	0	0	0
10.523797686377662	1.8421153603596712	0	-2.281411145748738	0.2920749056050316
4.139241216791019	0.027063417397852528	1.3614732708436992	0	-2.1354526215996477
0	0	-0.3407308003801678	4.41880338194272	-2.1384544064344695
1.8673011542545486	0.24462940436539027	-0.994948499299432	5.2664605651555405	-1.5666017253081668
0	2.0709960675714303	0	-1.156394184642787	-0.2415806699453441
-0.8202522622246886	2.0718015798660185	0	0	0
0	2.683627215402573	0	-0.8898815813357361	-1.5634908765007431
0.7419872345289992	1.696654811249401	0.902562335473727	-1.0941047478685701	1.8395871555716705
0	-0.06950926322901399	-3.9885710484913997	0.4653542563694577	2.8897374567413077
0	1.2625365254629788	-1.0433074649970202	3.5610351328695344	-0.8942982906782615
0	0	2.5729425677831133	0.06262118017928198	-2.8246391904737242
0	0	0	-0.3105261143495517	0
0	-1.1686980092728096	0	0	-0.4883910892449482
0	0	1.1742426127018126	0	0
0	0	0	-0.47950742710950367	0
0	0	0	0	0
0	0	0	-1.1525356641308007	0
0	0	0	0	0
0	0	0	0	-1.2383435500123952
0	0.589103500395993	0.1446285186015905	2.3049307217974593	-1.1793468674575132
0.21474265636888368	0.759075120945319	-0.11933700661817404	0	1.8442884561590578
-2.786150088245946	1.9706743610956572	-1.969113695099601	0.09410386359082601	-4.759045325888233
0	0	0	2.446002026574651	0
2.8723029279977355	-1.219097711400509	-0.790198877721602	0	0
0	0	0	0	0.6159207336382423
0	0	0	0	0
0	0	0	0	2.910106988526349
0	0.5451834055549638	0	0	0
0	0	-1.0831108352590655	3.9213844059149157	0.9967068567867114
0	0	0	2.4985339700710103	-6.71591165634767
1.9691174389292876	0	2.4293032853975562	3.101197622715574	0.8822470139193388
1.2798194442235498	-0.029154528168770177	4.073035607032045	-2.0520075503558255	0
1.7023907917091963	4.969605326204867	-3.4733758540479727	-0.07122573809458133	0
0	2.605125937480304	0.8478379514744747	-1.1808285963549427	0
-0.5782312896574682	5.404911935770899	0	0	-2.3398063161652742
-2.624561599869442	0.11854328663794211	-0.30469063870973856	0	0
0	0	-1.6615261865721735	0	0
0	-0.0067080369451546495	0	0	0.8420673627521851
2.005157821516759	2.599980665162814	1.889756484371296	-1.785023892723797	-2.574146733060825
0	5.892036961285157	0	-1.6693478009438567	0
0	0	0	0	-0.7382996324040649
0.3508560661883059	1.332606544048376	5.934843872903123	0	-8.539932038076465
0	0	9.34611112352712	0	-6.301570805033269
0	-1.2105128245262675	2.808476262985938	4.131500896462807	0
2.8696510523241394	0.8001728019379962	0.5684937269700163	0	0
1.960274510685283	3.9206985701089785	-3.9397086422470156	0	3.064735815778393
9.279886339882383	2.8712928399100326	-7.138783921586521	0	0.0336103856301293
2.643194902028598	0	-1.8607678479298526	0	0
1.7675448425511666	1.0532767282025084	-0.7625834973152572	-0.32784793211108354	-2.9391531154631587
0	4.580622641979055	0	0	-2.186264946052014
-1.303444790175269	0	-2.362915505391796	-3.620025058657793	0.4252020079984775
0	0	0	3.4929174586348988	-0.9881124899451038
0	0	0	-1.3275251301425075	0
0	3.5042180875067	0	-3.6211585291954513	0.11890619207018727
-4.790133031610974	2.6277044661976605	-1.3546364854315869	4.5312100759052765	-0.3177663507893498
0	-0.19870172488483206	0	0	0
0	0	0	0	0
0	0	0	-0.49840275671847567	2.55858803956144
0.8056402400638474	0	1.0467817483011501	-1.0950383014287977	0.740179360032694
1.4213707135795515	0	-1.4209225638665846	0	0
0	0	-1.0354041782179146	0	0
0	4.8925701168531734	-2.1506854576502823	0	4.719019198685981
2.546188107977815	8.435431321807469	0	12.348272593677862	-4.558831410864296
1.4375319468153382	8.824214240530754	-0.24197532626433083	4.503817990297632	2.9152481876962297
3.7606145474437795	7.57827276862258	-4.896138222210288	0	0.25230828628613855
10.078617320220129	4.024255371422774	-10.743352752349521	-5.822087500287699	-10.292079724101562
11.937442589355577	0.6129171163277368	-13.5676162519992	-0.6529155022502953	-14.712015655326041
14.454341433012912	0	-12.489387864514457	-4.344736705039931	-5.839734949923107
13.950416850048537	7.219998606484127	-12.013524076962065	-8.369973983381996	-1.8733623412875833
13.390065427457793	8.500106550046855	-11.003373825903147	-4.648227871876569	0
8.656974733941963	8.509214287369247	-0.556686702398659	0	0.8052344436953944
10.714641564103554	9.108884629138966	-3.233462851848783	8.030037276688313	0.9241897392634822
10.504500588775334	6.638970604556376	-4.233042242766086	7.794421864901368	0
12.69692122689554	9.717248830051794	-4.885590370335485	5.866193070366234	-3.20349909155646
14.636878926818078	10.912738759243615	1.5778509486839407	-2.251529602888148	-2.1624426556093255
12.352438913700652	10.795152031450014	0	0	1.7166316331360498
11.1248451417581	9.209816759164434	0	4.073092640553994	0.4744703176363626
7.634931138902244	11.233095634087853	0	0	0
12.567618899637472	8.690238938841995	-1.0239322955876662	0	0
10.942633900189897	8.824145767055676	-2.644935580033308	-1.7768821377706359	1.3400529948907014
12.07121610065801	7.487753075333944	0	-2.4952153924518274	1.1924776768884888
5.785110718847392	5.7327962366415095	-9.589841782138192	6.686052858320336	-5.168610338194265
3.6773268572760065	12.752673481554963	-2.206092737872255	5.468768002292269	0
10.129858973093079	13.02348383528864	-0.7784109789118585	-1.8004846352584782	-1.3071409168719614
10.961511778117474	15.14206425708204	0	0	0
10.497307543551495	15.305434074238834	0	0	0
11.342093076444744	14.982332116934238	0	-3.8749244726564855	0
12.140790189876984	13.163760771874989	0.04098852961843291	0	0
12.597022101217078	11.826290765587446	-1.161361820993102	0	0
11.319463343792558	13.737350439638332	-2.0070251197448066	0.6406012334622928	0
4.550602083603455	12.176565179761662	-3.5064716106763303	0	0
-0.8504767545812981	11.178008172353492	0.7139288046430948	0	0.9817928526045216
5.6271674528121185	6.686089061749112	0	-2.0362002685238405	-2.3363022265417994
9.174722062695828	11.823586191722333	-3.3921897178242455	6.025850665417015	2.02101608494654
11.939012782735285	9.261978057779183	-6.020397769314046	5.597861805866645	0
11.370960722182874	5.821556427851643	-7.977269117270231	5.36687716285985	1.8815063242080865
15.672032645765487	6.738240007699664	-5.201225135337381	0	4.07600326241509
11.962752533218774	0	-6.650182368087239	0	0
15.311472348509485	1.200754441384843	-4.256144644440708	0	-2.0389932770569237
14.881312540023972	0.04568281974693961	-2.2380645951209446	0	-7.426256833286944
14.071770028292871	0	0	4.994599734482742	-6.4762155401643495
13.340980324752755	0	-4.962006174005694	6.883215531381545	0
13.324279600673277	3.7521537825189952	0	-0.994430091755667	0
13.362495281017784	2.151218531381082	-2.248763609926606	0	-4.325651493796221
10.201242705577027	-0.42142932458894544	-10.021227728464588	4.963231051946456	0
12.259901245403766	3.661971288745381	-0.558689576282684	6.09104651093983	0
11.522956810089399	5.426348535275275	-1.3914992275197484	3.228005805031649	-1.5154565918514924
14.884758645144199	3.6540324307571916	-2.020288374996694	0.3673012183075306	0.4867257798017559
13.53919692450288	7.653501069389586	-4.661082541475237	2.4527701798919535	5.248294421599388
5.713078253116413	0	-1.816170859263256	0	-0.9244564428322795
7.581378533164269	1.0380437420146174	-5.579096142413246	0	0
0	0	1.003372500811273	-1.1456310356390125	0
0	3.8754178546141462	1.1708334616104692	-0.6012029806535641	2.7353269318272737
0	1.8899738658739318	0	0.024912175490307442	0.2601142107298027
-0.7686439372127909	3.6953989504108704	-1.729226473347043	0	0
0	0.10318053746657102	-0.536079878689637	0	-0.44326121446731837
0	-1.2295326038472503	-1.351740472327768	0	-0.03746250599083689
2.8334746168745255	0	1.306992323691417	0	-0.9031219792292471
0	0	0	0	0
0	0	0	0	0
0	0	0	7.07509402349063	0
5.522246188207506	-0.11932343732935925	0	-5.590945834761163	0
2.9216377252305072	0	0	1.785117206907644	-6.409042140720391
0	0	-5.421679504510811	0	0
0	0	-1.6755545371595966	-1.2962005951994606	0
0	0	0	2.817377664240227	-1.982372088581705
0	3.7138477752380425	-4.84480020837419	0	0
2.574339922183886	-0.032246875704653344	0	-4.410813001872629	-4.1848925786072435
0	4.405832441580122	0	0	0
9.330889895210465	10.329144014137938	-0.15771027671433402	0	0.675193913358507
0	5.550531854013821	0	0	0
0	6.512024408561247	0	-3.317940942608196	0
0	5.545498940908861	-1.0745798998679446	0	3.1805726644237886
-0.10678113598269962	2.9557953534185857	-3.0384573666997383	4.607609714385704	-6.460431529177791
7.531526709601849	6.664902846953323	-4.492831191641256	8.18927222573112	0
6.908924293992554	9.398262640366362	-1.3458106217649881	7.845065607870452	2.882470002167571
9.316203502435988	8.144917375911383	-2.8458199161985314	3.3509205005202447	4.329987514732103
10.612556022813854	11.202549207968277	0.9134734423887372	8.733883161488109	0
8.833078756719921	3.240023201176745	0	0	0
11.933777173252764	5.122275182619172	0.357914620420359	1.1971291574853788	0
10.947145319419258	6.132982170524443	-5.047091661796093	4.228342485253297	0
12.616979714179521	4.925521265718765	-6.083647907751205	9.881194368069702	-0.42941654557224485
13.357344706804044	0	-8.652939225748874	0	0
15.502129996183562	-2.52101356430646	-9.422132547145818	3.4421682360953207	-9.249293727116374
11.819643878592517	-3.9855820794594963	-6.728359346467928	6.438860868637914	-13.149913651533511
11.643188698702101	-4.197447636858731	-8.724936742131732	6.071840925129765	-14.309490894542101
10.840553531522747	-8.24162184376743	-13.787668208807291	9.842143916572967	-15.035922402523077
13.1667240125267	-11.923636358814402	-13.736653969749549	11.20623020428364	-10.638702703805203
8.430851704183677	-3.3740602677322835	-11.491381561656187	11.735166851590725	-7.887766737900696
9.88879044065355	-3.3286685887981937	-14.350054258032666	15.640441445941352	0
11.889957284526961	-5.099448008015288	-16.56225174316734	13.784716796842401	3.4961247289580437
14.337921211626753	-7.901410500751482	-15.348735036338171	9.439723220628101	0
12.466647568344666	-3.942880089998525	-11.432234359737746	10.243180183809699	-1.8414223811970374
6.746161458627657	0	-14.118608277981595	18.449190873346136	14.233619962022775
0	0	-15.38208502830022	19.218900465671	8.26937246426694
4.992467035111488	-5.935203526610865	-12.676517623371298	10.865967269351238	11.947118756567312
6.328237885313024	-3.1284928833353796	-15.84809478103182	8.426809933606226	-0.5765088853891298
7.249763932008558	-12.838810776690929	-20.379786997715684	-2.0511473214568032	2.06764538899768
11.867045723641091	-7.665363248203532	-19.766123859147367	-3.905902267428218	5.389814323646689
14.01629718005024	-7.749698235046376	-19.892444824183958	1.5141555898925492	1.3753153968297942
9.548671842695228	-6.335870564426681	-13.94517116915487	0	0
9.927743395413193	-1.177601787153295	-9.82123157150826	0.4353002290688598	-3.7647786678678234
8.437792282509076	0	-9.302662207768119	0	0
7.523710666340909	1.3889842896139644	-4.479999439788219	0	0
5.794593598689329	1.684664021584287	3.0677428287770794	4.250059164763803	-0.35351617213492004
0.4117175251000993	2.4687410559316274	2.2679134156228633	1.4897213005883163	4.157070504615123
0	1.9924498660782564	0	0	0
0	-0.34163526676478384	0	1.7147867578825187	0
0	0	0.6618547695407917	-0.05765134784311971	0
0	-7.599620884006603	0	0	-3.844987742830524
0	-3.1043735486732578	-0.08660127520388894	3.4923718478117913	4.099717306280861
1.760363584056885	-1.6833141361973474	-5.954244003449894	2.284794717694109	-2.0260341972083067
0	0	0	0	0
0	0	-4.752919423555863	0	-0.9667970882149581
-0.924646575387805	4.409665043581566	0.40831353337885423	-7.803404171880554	-3.298486047933458
7.294814604910249	-2.8358321234113175	-0.08420757060014372	3.820302422319997	6.023893272378107
0.38862755939697347	-0.6705393454129894	0	1.6847575902455154	-2.5637164928916896
5.841109449780901	2.6879572975931687	1.4550351053777795	-3.748799548202216	4.687763275577392
4.629018352344238	0	0.2707178555705789	-0.0342549402483322	-1.0385797521502038
-0.1490998089403721	0	0	3.8296103534676362	-3.757206429261442
5.339575112610131	0	-0.3709297089668778	0	-3.8472221622001066
0	0	0	0	0.2659559832126821
