x1	x2	x3	x4	x5
0	8.93179732147055	-2.5420749043159008	3.121597419040927	0
7.626891098556731	11.945976231541623	-3.017584857773885	0	.3451553266609373
6.916519628014565	11.822539423075321	1.4454544699703056	0	-1.506765321518229
7.424671433285486	15.90541484514341	0	-8.102774935611766	0
6.143271018348676	11.565385778178749	0	-8.526676385704947	-5.852901041732344
13.291003261774655	12.722538022398723	0	-12.95055961017414	-13.453254428101893
9.14467616169273	11.632775347606593	0	-6.729996047933801	-8.143851916526675
11.467752065850258	9.254835678993523	0	-.3542593512847261	-7.47554551744535
11.617150933277799	3.40673233498363	1.924422049483781	3.530151959619187	-7.14066773511945
5.696991267852182	-2.2589699759127075	0	0	-11.007091932220003
-4.868163823689826	0	-6.707160865348444	0	1.4040785781685923
7.04832005524281	0	-5.7564465242804195	0	0
.7043654451303424	1.3628225219740242	0	0	-.9000142216562745
0	3.81022275301323	0	0	0
0	1.5559969018103965	-.6980583423042999	-3.6243852291154117	0
0	0	0	0	0
0	0	0	0	0
0	0	0	-5.723178670178544	0
0	0	-.6813771606414543	0	-3.476363668053625
0	3.0521940665139553	3.2166818176821894	3.2141412618510796	.12158453024241528
2.6586609396502925	0	0	0	-2.284612394393424
0	0	0	1.9286643053175032	0
0	0	0	0	2.124777428473825
0	1.0819217987421004	-3.274496209983014	0	6.372778791196957
0	0	-1.2448785290395568	-1.3717709863972607	-4.752571225293295
-3.0285147401202557	2.850597166919732	-3.772661553535574	0	-4.364854960872276
-1.2649894744319412	1.7143561006013068	-3.199107892186198	2.8806914585291374	1.282611942363887
-1.0066793911055258	.933672135873982	-.2514327162995755	.6224328568887689	-4.680994356752462
0	3.8414441001962754	2.677176394236839	0	.22105287352125602
0	5.170864096455391	0	1.582154026651797	0
.6335253352025672	3.968323900952453	.031113299765369362	0	0
4.487388986080192	5.698649651604333	0	1.02748593618161	2.5564943524242763
0	0	0	0	0
0	-.3836481018283025	0	0	.02301966246833234
3.030498905656085	-3.246761541072723	0	1.4386993043279406	-3.450522417519535
0	0	0	0	0
0	0	0	0	0
-4.297880395352059	8.941744411767	0	-2.3439744886272265	0
0	2.0929770876755125	2.3499707071282057	-3.1626700939844157	0
-3.893857897290162	-.41934268670957087	-3.9866601123913488	8.707111716212287	0
-3.1530813227563104	0	-.1135605464137634	3.0055837148856916	-5.20562607326604
-3.1634106902767747	0	-5.823603040805511	5.833171961781284	-3.67350136175868
0	0	-4.846730463870459	1.7551883874497527	-3.9599732946337753
0	3.253445342500365	-1.7423695105559525	0	0
3.236504078923518	0	0	4.177280738549383	-1.7082456322713953
3.248718619708501	-.40565778050193635	3.2476807805053554	-.045469375661630895	0
2.076103035309561	4.640865414251038	0	4.032791139781861	0
2.7342824154335856	6.13798963705306	0	0	-.8829451143921192
1.7642975574411457	0	0	0	-.7335989445188584
0	2.0293198294694643	0	6.071273275395254	0
.623924441091887	-.1234361205848879	-.0916337408737471	0	-.4191687567703453
.21089674889622237	.3362445047560223	0	-.5676350298472125	0
-2.008004776081737	1.5510165352848615	1.0982378745715238	3.0057816971436675	-1.0201694793442964
0	-.23949316241958607	-.40743440429830513	-.3842698253268697	-3.710534092295731
2.1950260043717504	5.513228419029669	-1.9663971249335537	.7016071522651807	0
0	3.3526207501214382	-1.7872337555915503	.20143010303971076	0
2.885491882701043	3.5608290026218348	-2.7782075684030585	0	2.2815199105030475
-.10828943192347859	4.155277956911921	-2.478787231484326	-.2941162620681079	-2.1318552259518686
.6370886388253502	.20848960122347868	-2.805136148700657	-.8416405206311145	1.2519189412237475
-.091192156961178	0	0	0	0
0	0	0	0	0
.08435165656374422	0	0	.7048844322253386	0
-3.091712460596346	.32817265523997063	0	0	0
.42442986037646424	-2.712289583973574	0	0	0
0	1.3422968780927715	.8962883083620006	0	0
1.2830859847543168	-1.1985612210662606	0	-.6515410844364238	0
2.2284489878890485	-1.3007561986138598	-1.7764823561357796	.41610271632001616	-1.161498757895258
-.2167419117122632	0	0	0	0
7.204232536563562	0	0	2.0181050911277625	.27995471409979905
6.801461857798951	0	0	0	0
7.044250018685096	0	0	9.305785631077173	0
16.160088420299427	0	0	0	0
16.484770307711408	0	3.147121328449891	0	0
11.180258932000381	0	0	5.438747908749003	0
9.889755279300706	0	-8.79841730844943	4.549583235460567	-5.975904133215777
9.682962572897555	0	-4.470777107877958	0	6.948202534326206
12.261259254733522	2.9752283722742736	0	0	0
15.980965550236952	0	0	0	0
16.83552897199325	0	0	-2.0587559588917275	.6527069980145548
12.889595033357741	-2.9293238857484742	-2.59771299560986	-2.729261608351557	0
17.21074694446938	3.4996358220201076	0	0	.4135935603173726
17.22547405502367	3.6636397184272953	-4.23499928265063	0	0
14.906153857042666	0	-7.969251581350429	0	8.0325300117859
14.112862973183459	6.0300210640248455	-1.6097699151605556	0	0
12.8712083589329	3.790428192283146	0	0	-2.7084659302403744
14.791998788450327	3.6310155561815844	0	0	0
15.764363871356545	8.224192665376084	0	0	0
14.277953973232492	2.945452321919568	0	0	0
18.213496692311214	.6448615284344786	0	0	0
20.595150640192813	0	0	0	0
15.331759289093677	0	0	6.451969358652378	0
15.813764696135003	0	3.1517721991249887	8.068695454464052	-1.819527641157289
13.652079906846476	0	0	15.931143718301454	0
10.824720267752141	0	0	4.56504504874427	0
16.582800367037137	2.854366372158638	1.489113918964559	0	5.753251781722181
20.175560364295183	0	0	0	0
20.977880838512778	0	0	0	-.04275650501544437
21.105567853430987	0	-1.0662107427326255	0	0
18.64213550421401	0	0	0	0
14.956059242163658	0	0	0	-4.586191468469872
12.042211993223459	-.0198861705147258	0	12.155018193156554	0
10.34710661720559	0	0	15.120941963779694	3.6680632812198892
9.188646943080707	0	-1.0267866036007078	12.942887093864258	.3937564116970622
10.690737538812526	0	-3.0421411204420563	11.704470071139722	-.3697336268992857
12.25502019392615	2.301095190359015	1.8138824902666189	5.567434893894764	-8.706280982192437
15.465126442297745	0	-4.767958331510661	.5019612206294086	-7.5920834743075885
11.863085108839845	0	-1.5658785176550523	2.392057741124244	-7.147425882160703
5.858189079367159	.678110510266002	-1.3807871481905178	0	0
5.85351826414829	0	0	0	0
2.611161633950841	0	0	0	0
1.1030131428800165	0	0	9.338618944991675	0
-.8392818377251052	0	-.6125085263929303	13.575766740773844	0
5.769787735010319	0	0	1.281376282094314	0
0	-1.9648447626243124	-1.134938270036185	-1.2664565891684705	0
0	1.9836094877923134	.6954973539560694	0	-3.279006659549558
-.9070928616057691	5.840554702345601	3.2079536670786344	5.93423637465637	.3526255132446243
-2.513774284895491	10.426698493176772	0	2.7679627342961304	0
2.4148575618241925	4.893340521369316	0	0	.4517502809453029
.6418395362808644	1.4847781066669898	0	0	.01681425110200807
.7781822518805694	4.386903750901764	0	0	-1.7831723487502127
3.490051843691046	8.253792119186963	-2.6040379429889406	2.572750340344058	-1.2168074207989388
0	4.975095818151473	0	5.651819889998026	0
0	4.785812751963521	0	11.645438528874159	-4.298027908375565
1.0154605326420687	2.171433996843284	1.155930432790906	9.499575969367564	0
1.7510560187420177	0	0	0	-2.2829533713889862
0	0	0	-2.8970679458846775	0
0	0	0	0	0
3.3263314620625803	2.9612158307255037	0	0	-4.7359628101267885
0	2.061495815554738	0	-.6432735749390224	0
-.8660094097997199	0	-4.62430983743552	-1.8560125102339609	0
1.823590779678712	-1.104729773139073	.5145489898990439	0	-5.015680914194995
3.9318282604160473	5.533466911344093	.1115869600069076	2.859397234890735	2.92017365894504
2.747620001749375	4.620224640202945	-2.6100395385531785	18.295939821912174	-12.72588430389634
4.574789320182617	4.443555669413487	-4.647945949932229	12.559022062930346	-6.3454612475984025
3.769420205177621	13.517302716946316	-5.367896953508017	10.038329084690043	11.346770544865725
0	14.476030735570875	-4.407180835494708	8.727348103670014	6.107239541604989
3.026603924484637	13.720340376450059	-4.258572118252678	8.062670311852324	1.7102540972028157
4.31597808643222	12.834425838965013	-2.4742184322205665	7.739873188776511	8.664564464489452
7.633017279768013	12.83109734175003	-3.096237022982989	5.6910376885535845	0
13.01665168482788	8.182595704243207	-.2244870166873593	1.6059495366739078	3.820007608371048
10.87157945518155	12.638541683765954	-5.650662026395106	-.9566739853089793	6.360313332086989
12.917757453017142	7.8245134755210906	-6.874526187708522	0	0
9.752192364291883	8.509866781433292	-4.338496597535238	2.157169162282204	-5.766177960846038
9.1352739457701	5.36847718300303	-6.210891832339019	4.054239876430305	-8.577175624205415
8.986600319732164	5.903330753799904	-5.273331840959657	-.7371277804344398	-8.069766185917116
12.688667923201272	2.8064046864594907	-4.755299976208915	-4.203403933441519	-14.461801813960784
14.631657196285209	-.24720097817870035	-6.537720035550674	-3.244095584196434	-11.895140240904883
12.813190249143002	.35598968335934233	-8.71733746428669	0	-10.195024352593496
12.098744323309981	0	-5.539901677162859	.49314500206973033	-3.231165220363208
14.046956436908694	0	-9.032349590443701	0	0
12.074192696593082	1.9683064957231358	-4.492959829791903	2.269508308618217	-4.321754904453142
11.269042531246226	5.94742259597372	-2.2432693188664903	10.710286971688449	-.3088596700459494
17.70593629427577	9.960097703636166	0	0	0
11.666187877134202	4.391679470449837	0	0	0
12.864678741493625	5.8062228452619955	1.481412574815042	-1.732871293169738	0
7.854005699381608	8.027290141282643	.21535294787988585	8.098672816207138	0
11.274319187790748	4.401876994730403	-3.0938485014426496	0	0
10.269846714662972	6.482152792684851	-5.427616666208014	4.415270682203679	.3493382573855721
6.822198826246635	5.934742082264801	-5.863051980514291	7.885564648833606	1.871393880059394
9.291337114645582	6.697204896974608	-3.986951143193499	5.271838868544084	0
13.86111742872467	6.480374432433297	0	0	0
7.6120290172355	2.5011409502635686	0	1.23026965686118	1.004043170926741
7.835021986239307	.9668030619726982	-2.2898147936444375	.353947420186997	-2.5581272400659523
8.076442756916588	0	0	-1.5190003798419924	-6.9773939895124695
6.525377872192455	0	0	0	0
11.516939339338649	2.5085142097771427	-2.94923245915753	9.031520224591446	0
5.561620681440773	3.126642565343367	0	5.668589534921878	0
0	0	0	8.72257679409974	2.2652686105447026
1.007177213784621	0	-3.035648407456937	0	0
5.542619151287525	1.906067062991976	-9.042748645483268	-.466995169743734	-7.8451430913675475
5.7337310189673625	3.4733351643048738	-2.8346151075754893	2.839253552953563	-4.392715654661917
3.9018919490865853	5.072829986577212	-6.2907279703385015	5.545039961084563	-7.507530464913467
-6.221667485666453	5.767619104854562	0	.5734784375028565	0
-2.627974066999487	0	-.10922716916793451	0	-2.85448438157586
3.894130897810051	0	-1.601872404660997	0	0
0	0	0	0	-8.640169475142876
-.09074877579504137	3.248598090457641	0	0	-3.3005207157176875
-1.082246156964839	2.119122956552377	-.10852127204982998	2.858169231690323	-2.6392622155742256
-4.440892470415891	0	0	0	0
0	0	0	0	0
-.02306311055472654	2.2691875236120973	-1.1768985097812712	0	1.6581138133037303
0	0	0	0	0
0	0	0	0	0
4.0838589279667055	0	0	-3.5990160565898277	-.7107709150429835
-1.129984098115139	5.3628130105968825	-3.2006131992494398	-2.7313336895456146	-5.2974457356828015
0	0	.778429506879354	0	-2.6803375062555057
-2.4378492587904703	0	-1.5866131525225102	3.27891140972174	-3.3847699221053764
0	0	-1.0315929076587036	1.5738543851441547	0
5.182154983459326	-2.9499778092086753	-.7909714520631148	5.804513873571014	-1.3188860235239868
3.000767910626095	-3.1293681402113833	4.248264785438666	0	.23431635341171564
12.823734432394282	0	8.547252993689517	2.8169563137699245	-9.673756386280115
7.8212614592889755	.3228815134739549	4.448491581019981	.300741943505472	0
3.510341198575576	.37667716671398876	-1.667988273273492	0	0
4.984215111883942	4.208320909899663	0	0	7.1597570455318245
.09062858167558208	0	-2.619753900013409	9.613561022221075	2.575043965082675
0	0	0	.968641362098735	-2.0763026301774907
6.59463868843889	0	0	0	0
7.047112201513541	0	0	0	0
0	0	0	.7139189051443104	0
.7175960718957821	-1.569323961729145	0	3.4458642864664135	0
0	0	-2.302077526240956	0	0
0	0	0	0	0
4.1942165107581895	0	0	0	0
0	.00853075414934823	-.040958827927148	4.215837082587023	0
0	0	2.160297803044448	0	-5.042250288224087
2.2647740205246647	-.3827882699464558	1.211133121102016	2.207312258776664	2.9096365248207663
0	0	-1.2382813199075204	5.0286669478106	0
4.285601245938455	0	0	0	0
.9121855937900368	0	0	-3.476727007322772	0
0	0	0	0	0
2.6866539880491445	1.3739453778243906	0	0	1.7823378403801025
-.004922587777673737	-3.781229079974254	.8684761533861672	0	0
2.359632824841614	0	-.5112910969379311	-3.292666090744227	.26950499863298305
0	-3.425604147552127	0	-1.8062837118446478	5.387556535246132
.4216907398123062	2.337402318562565	0	-.22959430609247258	0
0	-1.2670496409774286	0	-1.3349159455749176	-.7295536386130508
0	-3.364285693821105	.09749772664864986	.952514460757272	-3.0227076253591614
0	2.1759098368772194	0	0	.049359030677310844
-.018990820944572384	-1.235963418575653	0	4.930601340650272	-4.7898685326868335
0	6.406986794412163	2.2811948808921145	0	0
5.244639303303567	1.7281982842203956	-3.3939150867228003	4.574838638483437	0
2.2428679790485693	4.7370101587200315	-5.357593588501013	.3966842298082397	-1.5163495777816811
4.069965292469077	-2.7803463373103634	-10.914901258389648	-1.0556234726203657	-2.6912877361369416
0	-.38089867926030974	-9.016221561675223	8.864608301419524	-4.698480421762322
6.776293930251372	0	-11.35569972457101	10.091911908653248	-2.9407822789233617
17.53396606261748	0	-12.4623965268732	0	0
10.403312442254078	0	-11.684406775410228	-2.593809130171878	-1.6662661431937003
9.43704881160444	0	-8.037217019808365	0	-5.749260570643106
0	1.4693192200322316	-6.874289173581163	0	0
4.345222869863498	2.2608880575986765	-7.0360885476730415	0	0
1.1965039684947465	0	-4.788466159064701	-.054810059841786885	-3.8836654000325486
-3.712084984872539	.4718364138190286	-4.004055776622859	0	-4.98480644739201
3.136045753485205	3.9255945151517784	1.9327588506974913	-2.031118618930919	.9259119072832823
2.9692296820594386	6.593237930617489	-2.380161645069072	0	-3.2570942513919685
8.228871255637742	9.018876094784513	-3.9731358503429357	3.3780942193485046	-.7968365218509187
10.399146884691127	7.132394822519164	0	1.2900215348718667	0
13.17624341236886	6.2156058821068045	-1.937361905479057	4.46491360124478	0
11.970343903034417	7.171073033720525	-1.1668555788555883	7.408001354575308	-4.587101034653983
14.043496408634212	7.04748127134377	-1.9017137966969733	5.597894254025622	0
7.136284465615873	6.6311021044665335	0	10.275080522713415	0
7.713596738071683	5.233178094359487	-2.7561836820730923	10.229527051490876	0
10.881950128746205	0	-3.9732635954472464	11.045892937870216	-10.610524535249299
11.077656323264812	-.07996030832229728	-8.084601298214261	5.092291687913073	0
13.635635219420173	3.448571594767148	-6.009255305850026	2.1712745704337273	0
13.944352557504178	0	-8.971470585236077	0	0
17.717185391455274	0	-12.100840208908277	0	0
13.722810294458387	.31797985857810773	-5.928020428299094	4.110625152403754	-1.9690908996761889
10.286973149848881	-.8530705409573881	-9.673388912942007	16.539143719291342	0
9.505672851146393	-1.7898260684934086	-6.266502089128365	8.729809456897577	-3.2484645361242532
9.70865933880906	-3.484894262200088	-10.53413048604311	11.265461884353698	0
9.89465767923709	-6.703258265774127	-12.04452360873651	8.518714752253729	-9.617917956916218
9.496851866498314	-3.0645783797474433	-10.840504255635299	6.116293941747022	-7.14925346784733
14.489469587431092	-5.255511641999967	-14.54431320620807	4.615975264093693	-4.683994579076026
14.368038255333452	-2.3652567006774383	-12.757603287715042	2.0118625663771805	0
11.894371008599647	-2.509900933726002	-16.202571008582037	.49652888579126286	-3.851358076084617
8.376570556463381	0	-9.052326482911115	-1.9842515063721131	0
8.078855777158966	3.3981545093377545	-2.5428436204444287	-1.710787946046274	-1.4922256142528942
9.59800339737777	8.093846152596676	-3.953707918240818	3.67909874938832	0
13.294506679974432	6.029968382902153	-3.0986388634396795	3.479316375039305	0
15.405962689404967	0	-6.4187136298743415	0	-15.13981422084886
19.46147299915713	-5.944730168466987	-9.18101761302951	-1.1772512625287965	-16.801835936011795
14.859933365470763	-5.384427287262877	-5.227040069344917	-2.414721594617263	-20.198772346628765
14.985804278462986	-3.741840316457701	-3.7019702325273744	0	-11.679690162266134
12.14116170387727	0	-5.667078767522437	.39811269815858186	0
14.530894013673182	0	-6.718399330090739	0	-5.16844659186185
13.785419525244725	3.707503905479705	-.878324835035332	-1.9805035215228468	-5.6433686306490785
10.109241419932284	1.5285586986515993	.5207417117560794	0	-7.615271036346485
8.002014914847525	0	0	.608901382603917	-4.066981968543758
5.101958730500074	-.3273948913825717	-2.393931667088954	3.6377929791914214	-4.961090900580032
5.130625163682977	3.3886660939569637	0	4.743699023091148	-1.9748440833843004
0	-.32155371919715003	0	-4.526616216627355	-1.971494033157953
.2694708530332937	-.21771471745553522	-3.7644679770358067	-.2840530800158392	-3.2041854823494695
.8865708458729231	2.185095155289466	-3.1915901266632214	.5639536814292327	.3161545584360308
-.545096094394997	1.2245927152993186	.4866362775037886	-1.4567265107829876	1.074162095377011
-.6713766846688156	0	.37683806385481927	.8376829854390554	1.9694282034379826
0	0	0	0	0
0	0	-.4062780062921745	0	0
0	0	-3.6469009881443433	0	2.4479561050236525
4.119948168317435	0	-2.228112171194017	0	0
0	0	-3.6498178968451516	0	0
2.1511643888040175	1.6499157162939404	0	.813306038409747	-.8594534416759375
4.7134724451345384	0	0	2.156348910811678	0
3.1480177366055098	3.2558334545954914	.5907440104680645	4.852908908243006	0
2.9564604908331487	-.2783226332316182	-1.1954207806878114	0	-1.8722945352359355
0	0	0	0	0
1.101699560055747	0	0	0	0
-.8438177689979688	0	-1.436059998551766	3.1656138051724025	0
2.2209153464276192	-4.223251258483493	-3.6737370015606063	-3.5172330426115983	-1.6186653508979003
.6960723599737373	0	-1.1264590052535206	0	0
-.8828911444233928	-1.856969475762267	0	0	-.5168034611827798
0	-1.0844372531477036	.4981053814309181	.10014612125126321	2.376261477652138
1.8594545594685599	0	-2.4993062271050235	0	0
0	0	0	0	0
0	0	.16521379515306522	0	2.1325027898386746
2.344865866837935	1.9569531376666311	.7898696752400238	3.8434368337973046	-.5209043140628296
-1.356725642865586	4.521521391846564	0	3.2020453071778574	-3.3932758422925833
2.8376008926797245	0	-.6568006072054522	-.6530961105404391	-1.271695320567955
2.9306676177785294	0	4.740558699369231	0	0
0	0	0	2.1341664026975398	0
2.6680001825898167	0	0	0	-1.311219026136885
0	5.309350009321591	1.0368767492595066	4.042296625885489	.2576051915809989
.7873058476837853	1.3788362423907334	1.2734935393058946	-2.130920232360287	1.5591917981269896
.19253601667764075	-.6573420591396215	-2.632240289472163	1.1303713273270235	-1.1744320423587848
4.128410234281883	5.2326487159406305	0	-1.4098334397044145	0
0	4.846939318554718	0	9.885706645531172	-3.1719671668830465
0	3.218203285452491	0	8.194270734564018	-2.380368082948819
0	9.751191868551855	3.982413089492867	0	.05150452328095967
.08563066958860144	13.93226613801613	6.548060502161251	-.9752779271136744	0
.7522401460273694	6.095403452598152	0	9.972590506268212	-21.57664583188447
1.846623832311919	10.676613943733743	1.4803240596221992	0	-20.873557145420683
0	8.175306685494094	-1.6392247664575748	-4.17033891583773	-7.449483673312168
-3.4034645777125165	2.0940657971457353	-1.749817112223711	-2.1743094494015045	-5.090674228454601
0	0	0	0	0
.7855365865532844	1.331337062807203	-.6081791775423617	-.2626393129261695	2.261707322329161
.6047468997891284	.6825444782215616	-1.965251924988801	0	-2.49892268722034
0	-4.064180318999781	-.8333577089474145	-.28439385365542025	0
0	-1.6086895372333798	0	1.9147746007580366	0
0	0	0	0	0
0	0	0	-3.5289692552573704	0
2.1955985247419014	2.065828935027645	0	5.01972149462047	0
0	.8658284847259949	-.2607204913751492	1.2470229716390482	-.33151847722307387
2.4514451531596952	.6242882801878462	-1.4157430367386479	.11790200995029776	-4.708955559410497
1.4193100545898063	0	-.060240468306927974	-2.162953175055463	0
0	0	-2.7049484519641926	0	0
2.7219414016620442	0	0	.11121800694582307	0
0	-1.7933407666771548	-.37138319274709497	0	0
-1.3707055348558432	-.41918149176021136	2.265244307647958	1.9920389831311769	0
1.733153727136179	0	0	0	1.239479395657137
4.284608791508441	0	0	1.4388920197931672	0
4.387094034002454	2.707613521839402	0	-2.096440376493375	-1.5178400750288001
7.298806607465551	5.320178197142669	0	-2.440487854028361	.9382843367941762
10.55637126341951	8.896940555309664	2.2444507772548814	0	-.8624862028810301
9.27759701002186	11.821242233837356	1.5595830588667534	3.685545213504547	-4.931604559589553
15.315803938793945	5.40629218513549	-3.7041921069441788	-2.6036513794584364	0
11.932882908505569	10.531992897429635	-.5804379948089216	0	5.421261330198398
15.140352206512492	12.437401157851749	.07738271682418357	-1.9373718957718324	-1.9453083636693935
11.666990385023428	10.284538283256014	0	0	-10.131079569909668
9.15475512769478	6.986878214350653	-1.7473212938398497	6.865291380200019	-8.176637815505089
11.880293560654675	10.932255811987574	-2.109279242866069	11.124442622918338	-1.7616968064990495
9.46611700834992	8.475666067416558	-7.682639379336917	11.182784596479069	3.5257015927288946
4.2733955360754265	6.831195096815538	-1.4881860085171903	3.92605836861559	.7947932777565472
6.169872489623089	6.111035629553035	0	0	0
6.53455895663012	5.48193151226601	0	-.4351317380177913	0
0	7.4545244209693164	0	0	0
10.89024580840521	3.9824319238095662	0	-.06291853887957488	0
15.732905894907988	6.591383229009417	0	0	0
15.394371202218524	8.963432107758832	0	0	0
14.772811391865204	11.011785862963455	.17975295340828423	0	7.11519143789563
13.78878715182515	11.039437757499165	-.6524556845765179	.2931847156395446	5.496853100529576
12.50003541499752	5.438588478681796	0	5.600605424413361	-9.17354350454247
15.009760344105972	2.390685219729034	6.185802652429265	1.3551222066848752	-16.21108119259969
12.051161751993622	3.59153811882544	0	3.268852383424746	-2.372186411766196
11.074021646537874	8.909666411836811	0	6.347822192323087	0
12.2004278511366	4.010401756466142	.1932554741932962	5.407021772389397	-5.227635719306556
9.333032713307063	1.4025150653637906	.17597129538089007	6.683509510874269	-8.243993333600368
16.119994362928306	0	.8380812986394784	3.541106788438115	-4.268099785819135
14.803582292725721	1.9574861416313292	0	0	-4.856234935705155
16.52753807173416	0	-.1318676978087186	.4117986811849299	-8.791183627496002
14.736509466723712	0	0	6.155065132683762	-3.7978898284195264
12.880032625746836	.0012512803074772316	-2.6385627621840664	9.366121015498196	-.4165481640382267
12.751697664291314	-3.0042996984797856	0	-2.869930826032421	.8251641443054389
4.550083220292848	2.3386215161296953	-1.693350278745313	0	0
3.811105728230645	-.08812729480358185	-.08414045815698655	0	0
6.526810053783384	.8388778610956196	0	0	-2.238980274509716
5.005181276363848	0	0	0	0
1.8442212793278672	0	0	0	-4.961854116648761
5.825863917847369	0	0	0	-1.868382440155454
0	0	1.1805343838103182	0	1.129339526042251
1.3762202078282955	-2.874244496849401	-2.3718278374493895	4.5218258706415035	-3.851159330944487
2.382010734260999	0	0	0	0
4.496597678682572	-.8356933217492233	1.7825464304362808	0	-.9062902889654465
.42513856547250883	.48773517647931874	3.226562224450369	-3.2194411558524547	.3983207043095675
1.7623806410330263	1.8614678103249782	-.6493166291445583	.9967982608564507	0
0	4.481740096744736	0	0	0
0	1.9769737803031948	0	.4685176556198691	0
0	.3219301599908254	0	0	1.020292503087179
0	.7700724596695072	0	-.4655179874326919	0
.941792309833315	0	0	0	-2.129388020991197
0	0	0	0	4.130602530606449
0	10.837125032159712	0	-5.253159635429094	-4.493521253194967
-.3812927979964713	11.953278646180639	0	-1.096747656601096	0
0	9.199124137782372	.11821037053644878	2.962135846374631	-10.308163279556284
-1.4259767103986634	9.27237696017405	1.8575608423013776	1.7523404894541565	-7.033922345640155
1.4004770050895499	9.91080813312893	0	3.236881452405817	0
0	7.510016864354902	0	0	0
2.9108579829218573	6.082551896028639	.3822623099810369	.8105434177036921	0
2.7567640909492908	6.0164133670292665	2.1653605832785523	3.0722881830334092	0
-2.885248816372517	0	1.2322606731353332	-.6118483425977402	.06651998582261132
0	0	0	0	0
0	0	-1.721311250662192	-5.38687015296656	5.785129215183966
0	0	0	-.6681393448100619	-4.7288010834332495
0	0	0	0	0
1.3718418531030996	3.191504599757953	1.2202721278222408	.7944212492477554	0
0	2.5212925810864633	0	-2.201895818824277	0
2.146340217973387	.3216785288183945	.4321455276837041	3.8815850345818483	-1.3857100817271348
0	0	0	0	0
0	0	0	0	1.6841640231567898
0	2.2519705711774574	0	0	-4.430679513410045
0	5.1591321601289	-4.680031861686241	1.8664130832364827	0
4.23811657106872	2.8499655065722234	-3.5045374337447606	.7701777116884402	-1.3400999870669668
-.19397783812546793	-.6939000901522596	1.915552722437719	.619190866173436	-3.739639305080198
4.806305354102036	0	0	0	0
0	0	0	0	0
-.329646402639216	-1.6694201674080094	-.1508867932176977	3.772609741240577	-1.2509203935209312
-.23919517625037448	.3652978431494125	0	1.935467999853067	-1.9968656450845108
-.10993396938674921	.878998828013146	-.8472761067740622	4.471563471588995	0
1.5548180623088415	-3.3573309767274653	3.0826980667114317	0	0
0	1.9754257228802066	-3.049837747886815	-2.0059860022699434	0
0	-4.251559714379722	0	1.6962857475394202	-6.356693777001296
0	-2.751449226562535	-1.0942501488579155	0	0
0	-4.375522479934497	1.3769074314830523	0	0
6.178069683905074	-1.6886656030951424	0	0	-1.123032492068611
5.093970887141506	0	0	2.959326825719531	0
0	0	0	0	0
0	0	.6620396423658803	.2745403710993488	5.23225823094939
1.9297490047040289	-3.63838324510217	0	0	0
3.155206280898834	0	.22645501249743916	2.2412939478618314	1.6374608789482656
4.87903091383445	0	1.238456542260707	0	1.1009623203280094
6.584291492115551	0	-6.627731237894764	-.7827102089545979	0
8.36567627066793	0	-1.2756528526876167	.26857000314178925	-1.278602883223202
3.5411946400626553	-.9530389896457252	-2.4403066597074483	4.031936770419429	-1.76240560138589
4.526758368774489	0	1.3197819127753856	6.1390070949462885	-1.3007512650714046
4.063670836304976	4.073255754088542	4.391643939622927	10.264524696986703	-4.247821250881203
0	0	0	-.9115271927027095	-.49594621249600856
2.325713231080588	0	.053066506200826424	10.077631990450836	0
-.7823822429104889	.029574336644131227	-3.166639920922494	3.723205481754707	-.8282355659367436
8.199188266112142	6.068646388979378	-2.396440516685111	0	-4.25039192789745
1.9399682191326821	3.72180705263388	-5.122411265072862	12.446685620917693	-1.359108132790772
11.384302674460656	8.789939682446727	-5.683433390415506	7.993628616383247	0
10.926129133201268	10.795585726494553	-4.5352000561341885	0	8.199616525415747
8.563702925372024	10.916054139782249	0	0	0
9.402423351585485	7.773740088066945	-4.069056063069139	-5.207408924268403	5.1062060779398495
5.888856164633851	11.960555126712142	-7.072122678466554	.5781300024456306	4.8357203347470215
7.320284152459828	9.408752252017369	-2.8761146779956994	4.061491346235084	3.7960724061867053
6.48535435379056	0	-7.215080017592709	-.22302719932336978	-3.80573812750907
0	-1.9505303323884402	-1.5803271578635918	.039112988121642545	0
.41201436287777815	0	0	.4695920202838837	0
.9884030643518487	0	0	0	2.9134025904596297
-.5708358629131554	.08704103633065013	-.12817124070909913	-.12194672045702148	3.5184475242243933
0	0	-1.718277258336764	0	3.417801665716179
0	0	0	0	0
0	0	0	0	0
0	-2.444525008253432	-1.171782823491819	3.8478478673745857	0
2.5366016218069185	-4.195671248875753	0	0	0
0	-4.194650991086962	0	0	-5.342183755441772
.8110386711879942	.5851340873509854	0	1.9489005558496162	2.0590314585849256
3.6499920834996593	0	0	-1.4919122171766652	4.264264927196686
1.1564332334332879	0	0	0	0
0	0	0	0	-2.716639090892937
0	-1.5612271745584465	0	-1.9227207280821375	2.0306040769790026
0	0	0	6.065918290421697	-3.811166004860102
0	0	0	0	0
0	2.2587474958396068	0	0	0
0	1.236600110525347	0	0	-2.2997748524733197
1.5620140436103276	0	-1.036537480241447	0	-.6834308594687093
.8057159992380792	1.764873507150958	-1.1451054739034192	-.08655721044795017	-1.7171256846522882
.8155091239456724	1.5411815865914733	-1.2597137105431204	0	-1.9379878449011523
0	3.8132872731932475	-1.6505043054117583	1.2215732237067805	-2.2939474488410823
-.5105235996889204	4.201395656845778	.5061241504499117	-.6733444686918038	.22185090500595872
.9495991720188206	4.0194909512307255	1.5854414513445059	0	0
0	0	0	5.1676726287376615	-4.3158200442415176
0	2.0916635891806665	0	0	0
1.7579901290375954	-1.4539550134209793	2.557256585792776	-2.370801475151919	0
-.13427668740332965	4.897222834736635	.5863884690125122	0	-3.3047793968167563
0	4.1063101539297175	-.9402246343521323	-3.9407992345629013	-5.1130658368825355
-2.370766685608224	3.179735480092946	-1.0579643545792576	-1.320903309233435	0
0	0	0	0	0
0	0	3.020864349910683	0	-11.597432432692834
4.075630744896563	0	2.5277789551565077	0	-3.2191971121226626
0	-.18589891059400648	2.396938164059103	.877995370974413	-2.5539984673593765
-.01657234313798797	0	-.23152329937453087	0	1.381099972721563
0	0	0	0	0
-4.690421198819916	0	-4.489178808523819	0	0
0	0	0	0	0
4.44526008099696	0	0	0	-.21405926150222548
5.0498489499905235	0	0	0	0
10.897185381731688	0	0	0	3.385878560544919
10.587620150230341	0	0	0	0
9.464722767313143	0	0	0	0
8.528472892060872	-2.63084207371066	0	0	-3.2826937985882356
12.26781238841559	-2.4767347337768846	-.6045691002205131	-7.435332069129812	0
4.51644491101448	.998977980374416	-1.5920316219132111	2.9567568009619642	0
3.1599490702277	0	2.2133783482378657	-2.843631148559828	1.8293864558505035
0	0	0	0	0
4.087946524296681	2.551272634970978	0	-1.5394110856711523	-.6611511494652946
0	0	0	1.8542804267193578	-6.905901734714314
-.9207120142891178	-.3007867339752419	-.7689219367690645	0	-.1554562752821278
0	0	0	0	-.22019344820203846
0	.7894697771107377	-3.0742092408551707	3.3528343814028245	-1.7231897162657694
1.1281118665272416	0	-3.632233616732397	6.3460906013608644	-2.2788119384921055
0	-3.4738540752166114	-2.030920106129412	4.365439158357454	1.3868549316417447
0	0	1.9622773920387524	0	0
2.988302303754517	0	2.265409765916128	0	0
0	.22632846747552082	1.05599009792411	.5195518689443301	.1358087959155504
.6813405357008672	0	-.16607831849845223	0	0
2.5199085025090344	0	-2.1999092008191496	1.6974855660634058	0
0	0	0	2.677749047766099	-4.856402076809637
0	0	-3.6495482754910085	0	0
0	0	-4.396009985065841	-3.636870586241222	0
0	0	0	-.9861494388538427	0
0	0	0	0	-1.5280778711802099
.5334176472640352	2.3391784238838595	0	10.372429054996838	4.009630809078395
1.1691086001543622	0	.6295502881434804	1.390899510641426	0
3.561653990572647	4.12358509675032	-.24399770881856797	.03188153159580098	-1.1489875136959395
7.1824832623596695	.6742191240770334	-3.112307740733649	0	0
3.1333310975037283	1.8026752641007582	-1.688187324091534	0	0
1.0514855265842504	3.363868261504539	0	-1.8405869971210627	-2.128237568681995
0	0	0	1.7766455242107222	-6.406370093322266
0	0	0	0	0
0	0	.21479895479373412	0	-3.354059296842297
0	0	0	0	0
-1.3967522995041615	-1.7039965750519808	.4869717127454708	0	0
0	1.644071103317784	0	0	0
1.0378522855502716	0	3.114798479285173	-3.874154405511519	-9.032234182614442
1.8359788641123393	3.1072566759872213	4.143703165798479	0	-8.110519443099497
1.9443506305889768	6.030812952422448	1.135581234327517	1.9938230696831174	-3.2447786300795585
.36121478269013607	8.381585954584724	-1.944113450145091	-.37599183092581323	8.856161953200676
0	4.971325486967894	0	2.230714706428497	0
2.0736640646731628	0	-.7674904703154121	-2.796740222524774	-.5891675289591288
2.120100398431384	0	-4.496981246012621	-1.8870552815011528	-10.771418730525573
-.2795067838471955	0	-1.4187978079627273	-1.5708083940338151	-3.9073680215918953
1.0694257600255161	0	-2.5793744850225497	1.8042010240782187	0
-3.6608247063748935	4.527300254143003	-3.070517435494069	0	.007491050073550998
-.6923161514078786	1.0956347176398036	-.7395817116399019	-1.9631633644063609	0
0	9.663604824189706	.1474258386165392	9.306015655878179	-.02582373995070797
0	9.140258663440633	0	1.069721229952119	0
-2.254276549981283	4.836064881115693	0	4.919402547081364	-1.5523919980353598
-.5153980389360515	2.691028560022394	0	-1.983958793350392	-1.3072973374130687
2.7660858571137794	4.338632748385858	4.809269930518537	-2.423907423518498	-2.580071561118265
5.792461913117629	10.114057375134518	5.823235601160728	-4.517742038342295	-7.159279298161874
3.621771973298242	9.042660819159392	5.1532896762385025	1.7668487658486178	-3.7538473388373537
0	6.966758865515958	0	0	0
3.25005746982905	2.2656688137260375	-5.905606358716957	-1.5472980516787826	-.8047071867290752
7.721796192747506	0	-5.432559339393894	-2.4185861029498055	-9.250467111101788
7.404983303835905	.6035832424983076	-1.9653758667510195	5.037832790311617	0
4.922581265068973	1.9351416548985667	0	0	0
2.9124440967153484	2.129359411562147	-4.805245460842345	3.3422773864424404	-.6532945660589573
3.0011328237976453	-.5960851558344691	-4.2822641370476	-1.1882838572169019	-.25185931891171776
3.1078073132804027	0	-5.892876672962182	0	3.0962680071080335
2.325150432569631	0	0	-1.4571368199186048	-9.885380794000675
4.325996060626688	0	-1.7914901666397607	2.719891214950152	-4.9609358477791305
2.273860778163871	0	0	4.058478957419968	0
6.082276413712915	0	0	0	0
4.1185556971699295	0	1.0253364791895456	0	0
3.184630725299577	.7164480314364912	2.666580747169538	4.442880133082165	2.0388362564268956
0	1.2402652922873714	4.108520894140361	0	0
0	0	0	-1.4999402396398804	.032047705832805154
3.6335088827082602	0	0	2.9627821877043137	0
1.5646980118731662	1.9054787957810615	-.7749070591545515	3.0914002153929516	1.5991144764101093
.6927300702991924	1.3280929401260337	-1.8858017465360233	5.364426711049677	-2.193203908495704
0	-4.649109627786439	-.4357863645062101	.13132379968193408	6.063081561428776
0	2.8804714187738703	0	0	0
-2.323662139727699	2.4816610347038517	2.851419186196943	-.4102555015050652	0
1.7811944017520003	.7938314579540788	0	3.2289491763288316	-1.2074017356375075
0	3.086987911658567	.9103662055021011	0	1.1975772419747357
0	.5486680085782668	0	0	-3.3972174020546135
0	-1.9154121544816787	-.835130904406931	0	0
0	0	0	.10341347719185472	-3.448465726409477
0	0	-3.0810764264439223	-.06628516074937851	0
1.4482694680096528	-.38196779873281467	0	1.8137224520995125	4.485058090434833
.5095407735701032	-1.5197559263103084	-2.621559813194248	.055302790462293694	1.0721972886797488
2.1594018099086534	1.7124976148642876	-1.4878186574798997	0	-.8086500440434372
2.585465584867076	0	0	0	0
1.8956520035676656	0	3.7496556677187787	3.5935205028257697	0
4.767175276433034	0	0	3.363563395572702	1.0678546320943236
3.086323879570654	.5596289838552301	0	0	.4122807568616753
1.217709892150983	-2.036872966845803	.543617991498507	1.0091713194239644	0
5.2775388930971925	3.8485318934027783	1.215799245212875	-1.9563709637134519	-1.7601632098678386
5.43215583477862	2.669726802833246	-2.7903622033989053	0	-1.241691029907627
1.6661226534590812	3.722988504442621	-1.6228272665640366	6.113820000691211	6.582087990155214
-.4474338614988338	4.085611904461518	0	4.706337076654414	0
1.4462466831041318	4.548383576023507	0	2.413233451632898	0
-1.3791366789610229	0	.19506783037846534	2.5386683141024418	.7080835780035055
0	2.8660443596543823	-2.7626617788659797	-.6733538220157915	0
0	-.17388790675743188	-1.2384015272745676	0	0
0	0	-.5593016772460365	2.1864146932604864	0
4.5681462968911175	-2.9530053183659692	-2.7666944289045685	0	-10.125612230736664
-1.5893194588365671	-4.883701134180793	.6809394827752354	14.117218789077425	-7.818633934484129
0	-1.3479819345662176	8.055193136200229	1.952409438731319	-5.748675730105119
0	0	0	0	4.846274860329716
0	0	0	0	0
0	-2.9576006821072656	0	2.615094693033194	0
2.9728730246803554	-3.0892599315358047	0	-.8280718888003686	0
0	0	0	0	0
-1.660084088870161	0	0	0	0
-1.6799679173048223	-1.0669143514911725	-.8487056577180503	0	0
0	0	0	0	-4.827972379870889
-.6487574127228016	0	1.979773114586993	1.0500125749181495	0
0	0	.5692904024143262	0	0
0	0	-3.119861182273842	0	0
0	0	-3.773153789158507	0	0
0	0	0	0	0
.4512094039706691	0	0	-.40611907725583196	-1.1682616418009695
0	-.06353589490885359	0	.34429049463581884	0
0	0	7.324581023298367	0	0
5.1429836654905845	0	5.723883140822185	0	2.4799329781976445
.5310814792399903	0	2.4528619924256145	1.6979841511230422	0
0	0	-.11725371623281611	0	0
-2.261169933522736	2.023328841178931	1.6848984773129358	1.0649479887633289	-.28308482148455255
0	0	0	0	.3162352485883071
-.3876750576371781	0	0	0	0
0	0	0	0	0
4.115586398463688	-.4142990319804294	-2.001035139434211	0	0
1.3405065418228637	0	0	-3.4677146519012423	0
.10653723528028514	0	0	2.4691298811685813	0
.3843031299401458	-.17532010320213098	-.09752265091104054	0	0
2.600698832231594	4.480656325439142	0	0	.06337903794949362
0	0	-1.3455167498471634	-1.9602123100648778	2.855796538369475
3.248690507706339	0	0	0	-.4829442497789542
0	.9311892877372581	0	0	0
0	0	.4833806981977208	2.1862077984334016	0
0	-2.052484443021543	0	1.085806382812884	0
0	2.0428761297729574	1.285395326404206	-4.4508660537160685	4.694099643956863
0	0	0	-.9041248725243298	-3.466556901934588
-1.0051297819993235	-.5878927011092391	-1.213131750983706	-1.1050305958312816	1.1578132167188748
2.1719414147838227	0	3.5203447611408842	0	.06177433356990192
1.775584976395406	0	0	3.4941973604681427	0
0	-1.8348160594027165	-5.75583749004183	0	-6.544701938973333
0	0	0	0	-4.21920468116674
0	0	0	-1.9091311118493726	-5.814672815573135
2.064220280219192	.19528963335236593	0	.35031231847274924	-1.3380290263673311
0	0	0	3.662958164763791	3.7668997045900126
0	-1.6900634693382293	.5883693454360708	.5860392526338654	0
.9697922289037335	0	0	1.0558354829901204	1.8916963690007491
4.767311665066846	-3.4931310342309185	3.0392569884488623	0	-1.6145568540299913
-3.6772034655464294	.07000181445968034	4.4266322079149045	-3.0556909634266116	0
3.934084675100309	5.354825507577675	-3.4602381042118093	0	.31264293169151514
2.1342123560336317	1.1000065721424628	0	0	0
0	0	.24467713984387718	0	0
-.322840861995109	-1.386866821077836	3.597643609134452	0	2.6863250637598384
8.4670969338854	6.057401004040045	-3.096469090743612	0	0
0	0	-1.4531198520338293	-2.6483495010204376	2.9857473424860004
0	0	-1.6784141071566023	-.29829444146351136	2.2469891215462017
0	0	0	0	0
0	.15551131977253013	0	0	0
0	0	0	.2996172727812927	0
0	0	0	-4.51302213213798	0
.599456619550397	0	-1.9548544421421366	0	0
2.283076333610967	-.039249606865980446	.393086500639914	1.928153416953819	-1.0889346804860376
4.6697661617498625	0	0	-1.7999291836136249	0
7.802095093003918	0	.5321301540317903	2.270964463763169	0
4.158284327374283	2.7908124005985324	0	6.559487826102528	1.9257788746679632
8.319821607029997	4.670967084144662	2.406042593983854	0	0
8.450671734910172	0	0	0	0
8.439530435511106	0	0	0	0
9.64365873303507	0	-1.4212963484426748	0	0
6.436604119490316	-.3754517546623892	-3.9124383239704406	0	-1.1602381752721036
6.957231972418483	-1.455271187029134	-3.7513852690613656	0	0
0	0	-5.184557264329574	4.592155918649905	.4413081218999588
1.255455180991654	-.786197156273466	-7.180061945206622	0	0
.049731149675301345	3.5103283936633574	0	0	5.140278113475075
4.2319775781075535	0	-7.432395300043978	0	0
6.928647869961087	.4873544002237284	-3.4210092870053916	0	0
14.371787765065335	1.4173190222179148	-7.546717515008341	0	2.511931898582459
16.210314034578598	0	-6.971216725341303	0	0
16.7847629223867	.9896503020220886	-4.489091265568012	-2.403589896619761	0
16.40643371666713	0	-6.205087165575131	0	-8.539950580868949
12.709665996719018	0	-3.6280421964307203	0	-3.1003515125160925
9.409205715242075	2.1109201577480006	.4025572775509797	0	-5.0274500921128915
10.991830087670337	-.3878368499958897	0	-.35154026314895875	0
9.341313368549834	-.2868434882138825	-1.3316952634273798	.17031794875019646	0
3.879115025782936	2.419425650142233	1.571240575957047	2.370737647362291	4.061434378835061
3.352544849696315	.25238901041486406	1.9083118794017933	0	-.9943182432068063
0	-.5923280347927835	5.658507842819934	1.371118816780947	-.9014732152352356
0	-1.3061379429217153	3.71975849248425	3.8371934668804943	0
-.1816284241111603	4.948293154656516	6.986273001351785	5.671243991797963	3.5973733272717054
0	6.26771208801391	9.265242641089062	12.150575718448772	-4.692301931252595
-1.6018376871459634	9.658831307907306	10.962845972911651	14.987317685176192	-3.6709762515715916
-1.5990242943240776	8.950382180854113	7.784457024903648	18.585846382778104	-2.4094766086886215
0	8.552764723358466	9.11808133144076	15.136382334519313	-5.510286832992929
0	9.461210003122236	7.719672238531852	14.510786047999993	1.1213534009603905
0	12.800180382257901	6.809119253505089	10.855915244498942	0
3.1775290186307905	10.807515507764979	8.153079306988568	-1.651278026013386	-5.282128649086999
-.12823348875890384	7.248504022786969	.5033605129482557	7.433470060535176	-3.664665483199549
0	7.268856644939276	1.1958143241659556	-2.2555174742445705	-1.4557428050117074
1.5539712021168632	7.179901335718083	-.022781529435824233	-3.3663234470072556	0
0	7.483350061766632	-1.3225126714716169	1.3353872700262877	-4.632831053888728
4.067101624743128	4.419734908325425	.6548639548154906	0	0
0	5.992088086120011	-3.9137739951534574	0	.30765661277792344
0	6.487212267685473	-4.695501581851634	0	1.22826267185642
4.748315085786333	9.993735677537925	-5.483391971973876	0	0
4.04429856541886	11.250468201257947	-5.482785397550349	0	0
8.732210837192804	9.72631605931562	-3.13805950511743	3.349616297671873	-4.421148941628022
6.224013784918706	12.388328963144966	-4.120570856529497	4.35805408374175	-4.335030212586907
9.070053883323183	9.08515296607374	-7.199703525797726	0	0
12.985131167426966	9.510610307056954	-6.538396939446147	0	0
14.823075717140771	8.748064355349989	-5.06054617289892	-4.6546794063882295	0
8.543578806085446	12.611020584075835	0	0	0
8.159840239991196	15.136800557734283	0	0	0
8.266713763961347	11.542201125337057	0	1.245603533215315	-3.1846907306304453
10.616468639246149	12.837905768648291	0	6.958464791152073	-2.11274093227759
7.21358603045103	8.395529487882703	0	14.479474550415814	-7.936863554007568
6.894119597036256	8.749281247747467	-1.57581483858557	10.868182743108056	1.626736482518942
9.075334478053966	9.466491259746263	0	4.2755951638483936	0
9.195032351672006	6.11641213415116	0	0	0
0	-.06719104719320645	1.1074903484317942	-1.101781261848473	0
7.732828457668566	0	-1.4774438586876115	0	0
6.0036011140694825	0	-4.604888832183145	7.123193517160546	0
11.421938270468406	-.2931568389078236	-.644033911168199	2.365463064772717	3.0311831512304868
11.118735801359703	0	0	0	7.0952198590742706
11.635242823890346	0	-1.4749490884671053	0	6.754956503535872
12.309607718376828	0	-.006395300303861928	6.246028232596571	0
15.043219829749164	-2.95030254024438	-3.471540988269863	9.155937380360289	0
12.898036179201041	-1.2687121863939015	-4.912329788853265	8.983548927551508	1.6624488747584742
11.614627928256727	-4.252720341820475	-3.9660962322276316	8.678567297011133	3.8459128834264478
8.098373372490991	-6.049872014224867	-9.068375750761897	8.253295709443037	0
11.890782684593546	-8.395254865244762	-11.5993926483652	5.9653009132287425	6.964556099784959
10.412975675904017	-5.067619243496044	-5.322098199979541	11.627704038317068	1.2136719916888796
11.578979807983	-5.594370815042488	-1.589079485617441	7.803295313284822	-15.514003888674573
13.024665911334406	-6.350768493675225	0	6.641561131058391	-18.40151660046913
15.722263017902684	-3.4370753040160618	0	6.77928679152287	-9.973371320906221
19.889966004022604	0	0	0	-9.680317076893822
16.08208828574211	0	0	0	-11.433289304267456
15.09486584707479	0	-5.55354410309833	6.8143590300604355	-.8658010605826807
14.253331312847212	2.2478386631483485	-3.1476320424638793	3.588606214783441	-3.376097411162927
13.404055894838397	-.062864806842857	-6.707866905475032	3.1745581131759684	0
17.600709224808433	1.7731120365155546	-8.33996100853256	0	0
13.791201610108246	0	-7.264669084683411	6.903112834938479	0
13.205477307852753	1.3246613696688168	-4.293053333912155	3.4591151114929364	-4.939083736001913
9.028480935773022	0	-4.998657470236669	0	3.159550508349989
8.394959177795418	-4.051269723552107	-4.5562693873974105	4.202251737026551	0
10.706419992390826	-.48222765869252815	-5.464032920674928	8.583354615052741	0
5.715095255136727	.029552113466770225	-6.726068399921417	2.8792100139774597	-4.127670157871772
3.6907111636063132	4.5104773159421025	0	1.854325411182062	3.618474461611136
4.300974639546047	2.401842649601002	0	0	0
1.3355358226065641	4.013767126770928	0	1.0491195417392913	0
3.672760827169156	5.954590622429965	0	2.130365128755358	3.1169342467528534
2.0174991635453936	5.824900778886732	-.5277699676308539	0	2.5291967187843216
2.795514624491796	0	0	0	-1.6074647967065745
1.7175688802318563	0	0	.08504190058694616	-3.093905436056697
3.1315173820438247	2.3289400787144956	4.485159907772823	5.219906182306882	0
0	0	2.9645660503524676	0	0
-.2595887067313635	-2.258274100113541	0	.369312231211262	-3.729287341839062
-.8814537836968321	2.6315433619614543	-.9493001894954132	1.4218476471111374	-.23413040673521648
0	3.5529442053967064	-3.7453525741247957	0	0
4.562159781486526	-.4683146750235122	-.22828930760555793	-2.503222867592809	-6.772121810368936
0	0	0	-.6823972980659567	-7.761019002269724
2.2583559862677354	3.951423208335888	-2.5416487107762804	.16024137636237923	-1.9717788867106507
1.8885727036368587	2.256419882769845	-1.6104321595303372	.4704308841457787	0
5.778593765452875	3.430424314840345	-3.434821328707546	.7813179174764349	-1.1087355915688892
10.601747145329664	3.6284302972615907	0	4.018028712533627	-1.368656447341016
8.822315742185204	.5014320762337912	-2.6217610551047876	3.585108173593715	.8436709519779874
8.042178907195296	0	-1.9975312850998959	0	-3.9483987176198587
5.097222903227094	3.0827102802328405	0	.5758587526144836	0
5.022603372177302	3.5769929936676395	.10062788105375886	4.498317333925195	0
8.605708477843953	5.488304768107556	0	-3.0638843264764826	-2.4941887064599495
6.788743430358011	1.5632707098777257	-.7194968333247829	1.173856294010693	-2.942318536959502
6.499368028242224	2.9824493729402244	0	-9.129032440371734	-.21515047543142307
6.3066502883396955	5.831436507053721	0	-5.34355565337391	0
0	5.135754690187858	0	0	-2.547744640698998
1.9962610034104236	.47294327425870275	0	0	.7639082503189303
0	.531485379665647	0	0	0
0	0	0	-5.967026195203594	-7.660944049408849
1.5876531625290122	4.375449554973769	0	0	0
4.068205895982477	4.9182198720514565	-2.4942106536330435	2.959321566351517	-1.9219610507685876
1.9517714110901263	4.667305061542457	-4.711521683618409	0	.5683493753673524
2.4515435438607804	4.0727548516128005	-3.6509333313154473	0	-2.3124434636778792
1.5292359930276762	.9755107042238649	-4.6161806278114375	-2.703840729203173	0
0	-1.5899569610042934	-.3417459542080463	0	-4.068365074012312
-.35833968066927024	-2.5244436353479243	1.7281924544838876	-1.3698785805126192	1.8427363019029017
0	-3.5578883154280962	0	-.4861659922395054	0
-10.210802380467335	.19077383957252225	0	4.649046006104037	0
1.76062062000013	4.412260652248384	-3.6324242889810803	1.7168346017991298	1.0040682012906692
0	3.0406497687401335	-3.7426508148345974	1.4175085480105083	-2.341760431172558
2.1679242486111976	4.629617786596651	.5863276700009612	4.270271588160336	0
-.21103683246849492	3.8175878287799367	1.1742341245525638	2.6266143144122784	-3.6136793777824487
4.209662616918708	6.650918482905268	0	2.67293243705758	3.166065090617899
9.330863107005143	10.054588141497156	1.697674112136305	5.042375460980851	1.3190112066150068
5.456530185379935	4.458318690252115	0	-3.5059052507742714	-2.714797530428497
6.970223077451557	0	0	0	0
15.284496505555522	0	1.7374618111919655	.5342421361005871	-4.063184304283764
10.848652320390089	0	0	12.150182602429314	-7.8663002131175865
7.70750065965429	5.1036944705609955	2.1984542841297654	1.0699779123248183	.8464317156246937
14.314811613667807	8.7082341390361	1.2233681065373787	1.0276356602982175	3.324592153337524
13.35855118996826	5.0436265360630985	-3.8356436115288197	-.5871673701161846	0
16.84988155392211	1.6691279183645094	-2.036709350734959	0	1.6671330095661894
15.431084458820955	4.871890624259909	0	.19785101916729886	0
16.613595720666716	5.150114236919873	0	0	0
20.11792458186326	3.7247946646446506	3.120052128698502	-5.803578742285872	0
20.933084308646265	0	0	-4.035255582725679	0
16.193586053721376	0	-4.292461975843671	0	0
16.38157954232894	0	-8.678631192451578	0	0
19.991567698879518	0	-7.0872094047116425	0	0
17.78920583585731	0	-6.546155497612521	-3.1089869114239552	0
19.59811355482609	0	-12.790357946473122	2.6084400661906493	5.373180803884657
16.40574016555878	0	-10.802499467318425	4.4671263840730795	0
15.497118459821051	-.7092962690562148	-10.53252760259838	8.764598783872785	-1.1580979629012904
13.939798511303488	0	-9.553749548964904	8.381201588159842	1.9158613548929648
10.177459087576159	2.8877888934541005	-2.277413760891343	7.13087152751133	-1.2444293435108755
7.2084000218079956	.8772732884279175	.025258330032045695	8.501437217179756	-9.747091536698795
8.142602595593042	0	.43916474088125723	1.8704033785680552	0
4.743685975747507	2.157180410949472	-1.538317494583981	4.123996511363773	-2.1474378651604256
0	2.7010315245492054	2.150664253027839	5.9798977604309265	2.8195649503754465
5.885112060729726	1.6705945223409628	-8.227668455503306	0	-2.289126725265752
8.438780641348684	0	-2.1570981568399814	1.4347652409768916	-7.424230264890527
13.661412727193671	5.159377185840352	0	1.9115631318180681	0
13.74945797739777	0	0	0	-4.066727779298909
18.917550036152345	0	-4.552629058481861	0	.0062094380805766125
18.126756611243056	-2.958254686899344	-4.179333619552515	.26587346651785804	-6.401716913918513
7.967481471145712	.19533716456505834	0	7.83573118019475	0
14.638966739097809	-.333039024300783	-2.4027354767924463	8.969744771791463	-1.7614322737434547
10.274171289246663	0	-4.699895989922083	11.936388547072536	3.602477782612998
11.96362792447385	-.42552811122677225	-.26973540640417626	2.870372170467392	0
12.472721437250659	-.500063882590144	1.6678973167495756	0	-2.776727683759196
17.83377219660599	0	-4.036528149825532	0	-3.211485033536796
13.974264290047019	-.11875783526941364	-2.373042207258725	7.663464395256264	-7.706759565803505
12.52889262712905	-2.5687982402031513	-2.95402233921685	6.4850629858909095	-10.160108563275564
20.960345905161223	0	0	0	-13.023783651494394
18.34033388581085	0	0	0	-4.07444798418285
19.829016284410773	0	0	0	-7.228145024690103
11.285729948853461	0	0	0	0
9.113963917408503	0	0	0	-3.9599977687243766
5.668116529044994	0	0	0	3.6067076634650386
0	0	-.8272374794216683	0	0
0	-1.8631261606578198	0	5.032159626728999	0
-3.216193685186421	0	-2.1088518482432628	0	-.8580125706091679
5.382682527487685	0	0	-5.276106797309146	0
4.797358462539218	0	5.145426031208323	-.1565488239343662	0
4.428094007252982	.6043160923447143	0	4.362405397740763	0
3.4652346481582064	0	-1.8875178652830065	-2.872530392396548	4.693365249165602
0	0	0	1.5173316266911288	0
4.060590908607091	-.5963800177614027	0	0	4.39661108312831
3.541690494933395	4.082138035358055	-2.733002734297415	.6071106368665361	0
1.2319592315506394	1.7825928116533265	0	3.8612992732964426	-2.3368446941971572
.6254385083600402	0	-2.743713590469746	1.2087786486764973	-1.5608099346871143
-2.4802053485404953	1.22990467675475	1.59480101107066	2.5176462738289467	-3.283286588472998
0	.9118334040354088	-.9113717629755185	0	0
-.009580171415040861	0	-3.768256657182759	1.1583251786184452	2.522787676281128
3.6767883673107833	0	0	-.6657635895575664	0
0	0	0	3.3370071972420785	-1.5935393475737338
0	0	0	0	0
6.634476004860191	0	2.000207542400103	-1.4306544391235472	-3.3266733644881916
8.35586318412736	-1.2943974072722741	-1.5807322131233612	4.3031035984359765	0
2.956007959142228	.08288133737057923	0	.504459286261087	-.8781113997323626
5.827931144204978	0	1.546007050711874	.7992441963020331	2.2731182464162814
2.3906587475371026	1.379065493469697	.3647670170750654	2.300588414430906	-2.6407592052961606
4.168994221623141	1.2706929590957903	0	2.6283589870080473	.75172069114221
.21076494904278795	-.7721770627878723	0	0	-3.663547389146474
0	0	0	0	0
2.558571451281733	-1.7944307949561875	-1.7837307747467204	0	0
0	0	0	0	0
.9490830566549374	0	1.0453294050218935	0	0
0	-2.5690203129974076	0	.035839118893170485	0
2.7964394588969896	0	-.7977064990382186	0	.35578712500921683
2.737584846980353	-.01391607501289055	.5367552233218176	0	.5053171686409073
0	0	0	0	0
0	1.0219738151772813	.9049194644697147	0	0
0	0	0	0	0
0	0	0	0	0
0	0	-3.9392151582693957	.8815333887805381	.8563639973055815
0	0	0	0	0
-.6402444572762618	-.4621312203886589	0	1.6127411905554943	0
0	3.0405998860558636	1.824032792615099	0	0
.5004159552588785	4.200658803426151	-1.4874715938433303	1.4053664771649685	.07640259343097622
-.8791901195002607	-.8961720854740449	-3.7170434113825896	-.27874003838489586	-1.5543439083804687
0	3.5820876110156794	-3.1237267824592925	-3.216401778248205	0
-1.3260956909056643	4.077391513344695	-2.9931164891743123	-8.914947775629397	2.039156099016351
4.7439600994836075	1.91587964957283	0	-3.9394466786147007	-.9176260806101466
5.077639225854572	5.752695011884289	0	0	0
3.819861550138186	1.1222869790177878	0	4.92695268338004	-6.7505956838967105
7.231732136773328	-.021486627050031126	-2.7621574449355415	2.0443944591846317	3.0061901378683653
6.668294030281324	0	0	-2.3830881023453094	0
6.2742062214590995	-.6404094741371947	2.6160294635195322	1.3562337977796544	0
2.4321773364917956	0	0	3.4886043662288877	0
0	-2.2195002548753737	2.6446059295367608	3.3771943482058697	0
0	0	.33868878272179803	0	-2.868492806635766
0	2.1495395011710396	0	5.06415956758423	0
5.130011646110248	0	0	0	0
.06364576779719955	.7999868048791681	0	1.5029114876395815	-.9038417302407687
5.173809571874131	2.276502735465776	-2.4358648783624366	2.9402131522027184	4.547592450229049
3.533473232301308	2.5192392814701186	-2.886600940746459	0	2.588255291523393
0	2.1150194345515185	-1.1662929856243047	-.8811047066345492	0
3.8727777105315395	0	-4.412543164770128	0	0
-1.0898219690191986	-1.650254758121898	-.6359574552763231	0	0
0	-.4580578495687117	0	-1.9573429976420167	-3.7784950291760193
-3.3414132357776447	.15496275454517927	-1.0213801411713603	.020963540916579926	2.5704053899745136
0	0	0	0	1.1455016581344324
0	1.8447401614953227	.8998899264388555	-2.682154738239147	-.9781497096233345
0	0	0	1.1812769358705748	-.3498235286411957
2.111711243918965	0	-1.1942331292466566	0	0
.6535486590961668	4.763354971261406	.40393833119512024	.6732390985617911	.4178168561306892
.7179759816817768	4.130714645591692	.33036970531845633	0	5.279717551201905
0	1.5807639875669182	0	0	.6727045907495388
0	.0009749382482768798	0	0	0
-.8798583261765212	1.1054120798681792	0	-1.1627135541859535	-4.451913046850571
-.6773338068360449	0	-2.7146687964108622	0	0
0	0	2.3519745893544464	-.8130901386861915	2.0341491926633766
0	0	0	2.957276221909812	0
0	.23372967394945832	2.69872549928611	2.422680455458226	.21994740820873138
4.444472336778829	0	0	0	-1.436244102150635
1.6349195165513701	0	0	0	0
-1.017040604666261	-.32935944067836764	.19152141045168092	-2.279040920750357	.6441842737376265
6.26748466265204	-1.1976531151563234	3.7298657991121082	5.332397923204484	2.6351498249728067
7.5107011063406235	0	4.172420292189712	7.147108106127828	0
0	-4.048988868643834	5.592478256725757	0	-1.80824425058568
2.528957455487258	.5856267627668396	2.9855063649199973	4.446408460177113	0
0	-2.1062672792304187	3.150014810727942	5.698267762397764	0
1.2863715284572377	.02015816979546825	5.17879290137098	3.9046654468469852	0
0	0	-1.8921868241440074	2.40983146988287	0
0	0	0	3.699489292607198	0
0	0	0	.6963628219579293	-6.633139278709533
0	2.869200509107701	2.627150380869244	4.184589854023546	0
0	0	0	0	0
10.986789306986315	-1.0462108495738816	1.884807524563186	3.0812566021209005	0
8.168957080981354	-2.0533757922889535	1.527673531156002	0	0
2.7053852026637455	.7587895028885531	0	0	-4.160530863064312
0	-.9318998724387646	0	-3.181366952826081	0
0	0	0	0	9.250579373805635
0	0	0	3.05776052874362	-.25800404891559325
0	.5215676624100807	0	0	3.2701796326330657
4.114604843544849	4.721249539078282	-1.7701688112624885	0	0
.9740731529964628	-3.8801391543421953	6.807368587536665	0	-8.365754616770815
5.143733243574141	0	7.907153719116132	0	-8.257451190687716
3.237270319735429	-.14167020134502548	10.321911482615487	0	-3.1651670645767425
0	0	8.259982466160535	0	0
0	0	0	0	0
0	.38913393517941164	3.211104478486074	-3.1194650716236536	-1.088839752526444
.5074542781864004	1.5911108891775152	0	4.6494649754168424	0
2.121264431183623	3.509938384688539	-.38900511105479607	2.678772667964602	-1.7194279646602917
-1.519325977202365	1.0795192459881526	-5.5119030931715916	1.4520966993264377	-.20255964925136982
-1.7823683895656044	3.708572022186524	.9768218930993784	-1.368258808911138	-2.1000796693459285
2.4537529832588154	1.3768555616002316	-2.7903740244458675	.7603390682204635	1.93899083031974
3.7075951817607433	1.6112015652009668	2.976305392831713	-3.1334694057161565	-1.221498884329564
5.280007933440126	.38682793699227214	0	0	-2.8797327710360747
1.1777433609092909	-.10751211401202632	0	4.498215252000572	.4669159982589475
0	1.6441564825694972	0	0	0
1.6329896540293816	-.5131165001347184	.7490315555042208	-2.4049000432293473	1.568384835372069
-.2903287240964114	-3.207302951702669	-.7600765677074248	2.4568914879411166	-8.732332689120902
3.3989076220788146	3.607123734041947	0	.4069098222713641	-3.2659463732709018
0	1.782456779830029	.13036018260274684	2.7844718640061643	.18440542729069914
0	3.5056164829017704	0	1.3663431055448514	0
0	0	0	0	0
0	0	0	0	0
3.2706670305312326	1.5072598578726293	-.7889997084056025	2.503172786092465	-.969314511021246
.219902964622124	1.2454970484888426	.1319609511576354	0	0
0	0	0	0	.9846783788392538
.5351070081798779	1.5430546260749889	3.537755842616508	0	-.2813020384074649
2.0102282895168906	1.0794915278590813	1.5810286704296455	0	-.7920755830358859
0	0	0	.6414723542136361	0
3.3584677624448105	0	0	-3.7171159015592146	0
9.172189199807008	-.9865339594288529	-.8875176928654985	1.0876884316931084	0
2.540882383303218	0	0	5.356589821795461	0
0	1.1649564231743583	0	0	-3.138657193973555
-1.008506269586456	.7459537932473963	0	2.2492568315704946	0
-.2599494317011781	.02212287844778813	0	.8056086964853182	1.5792502366085721
4.56618744241072	0	-2.5131113137634893	-.3698179776704116	7.713258954013199
5.453838361605883	0	1.2353284502471824	0	0
4.516450112075987	0	0	3.687581387949871	0
1.517272518930269	0	-1.5829767381123527	1.131026418742185	0
0	0	0	2.7632048699404113	0
0	-3.868623286389938	0	.4742906246495059	0
0	0	.9489104516204406	0	0
0	-3.0419648930747663	1.616361845615704	2.800038584200715	2.648593422404209
0	0	0	0	0
2.0867678089969584	0	0	0	0
-3.7515010313149983	2.6461620318045336	-.008839194482290091	2.023607012071814	0
-1.3152274346056319	4.968410234797588	.03052900914815873	1.8333544405979303	0
.8350244052687545	0	-3.7994568640551303	0	.747344890987546
4.4482422520612	-1.4038016854267237	0	-1.328771391257743	0
4.877351036367621	-.7507197518162203	0	4.035840798062989	-.05370789424274497
3.858625465119509	0	.6961711166469403	6.491874398154688	0
2.547731199610387	3.206416689860665	-1.0128841205596582	4.612494926240924	1.4996611353542946
1.2052707430853458	0	-2.9528108387902763	3.1289173633269476	-5.585611527240436
0	0	-2.057528465640944	.029796516396631167	0
4.387959068162777	0	0	-3.30917759903761	-5.308274039152
0	0	0	0	0
0	0	0	0	0
5.404541487098714	0	-1.1931829539039536	-2.5969070821712004	-1.114779387781407
0	0	0	2.2626775718340526	0
0	-1.0420859913845342	.36204741495723536	-.37588785325366725	0
0	0	0	0	0
.05959074806334175	-1.3496231687759257	0	0	-1.9061060839743216
2.2650493900633815	0	0	0	0
0	1.2936390845556307	0	0	0
-2.783200739239313	-2.704688790140021	0	3.060178138835549	-.7125608889895261
-1.1175580560067884	0	-1.0257472917696733	3.2579595732045634	0
-.9255220612706989	3.411338817078592	-1.202613429499931	-.7259683437335906	-.34647663874498147
-.9399841766382115	2.0707336138019348	2.7893344116050045	0	1.9828300779327557
0	1.1509489476522976	.9960220789288274	0	.20796240634934715
-1.1862467433621777	.34038715409845555	-2.5621116855345822	3.4020701776584716	1.4823213175175127
0	0	-.5217627647653451	0	2.8340624711253057
2.318035206623175	0	.6967852464302192	0	0
14.846765671283704	-1.2847786528049867	1.4069917439999942	0	0
1.0100870838244413	.3067987365656033	-1.604281177749141	2.613923836154749	-6.884232198280067
5.431470939559233	0	-2.3132360628484627	0	-1.6942672126856313
9.326371042822283	0	-4.224409823406595	0	0
10.078881493145655	3.5892969671045822	1.7100372864397788	4.769829859332148	-1.4902830793385566
9.153925117784956	3.2455971496283897	0	5.758265079767056	-2.7536716946950683
10.19570898907551	6.453334067843653	1.4017011609632073	13.577135817328598	-5.1410249055976545
9.289012551570105	7.447662327643029	0	10.405848948239433	-2.947114738210946
3.5083809372056765	10.628650765543503	10.893980227107582	19.36909379951046	-4.774614520429651
0	6.025431672473558	12.073633368483614	24.168508967178404	-6.910297276327647
0	6.539777226464546	8.799765603182804	27.908433088464147	-1.5762551888284366
8.561554143553694	9.638005968171885	10.152696524431375	10.438881066399047	2.8576440363965387
9.597114975272008	8.97629680006138	12.23951237648797	14.12462270778217	-1.5490177616721326
15.943007402079285	9.444535757440525	14.600333907657259	2.172051368677534	0
14.331092479282287	10.318752420978537	12.790481822984217	0	0
13.834461997859364	6.5966220930799375	8.21753612619584	6.321106680468136	-5.42040450167962
16.49357381970131	5.553486340437997	9.54918747345205	0	-10.83749579611517
12.911503117634123	5.252639887102762	8.901118644092387	1.944488724644449	-9.700941085077359
