7.699618615772442	-2.080378348433127	-2.080378348433127	1.34621213956716
34.567942667836306	-2.2657366379049333	-2.2657366379049333	1.2965914234495615
22.065996868591494	-6.105176965860143	-6.105176965860143	2.3490124881171273
9.858230138894283	1.3859029393673965	1.3859029393673965	0.8690002732691581
4.57277290041715	0.16387115949158992	0.16387115949158992	0.381299264639041
13.967381616674844	1.5046866213893515	1.5046866213893515	0.38371527578961834
26.743059045389977	0.909911803922497	0.909911803922497	0.45313533483299057
13.325757481310378	-0.13434921779665254	-0.13434921779665254	1.8980712651360985
17.167933118870707	-0.006068491936970283	-0.006068491936970283	0.28356026594971573
6.206750376824655	-0.3163001985064787	-0.3163001985064787	0.6294293968318058
5.86777427111263	0.12625944924335292	0.12625944924335292	0.3465479514887467
3.1904862045557714	-0.5047138593889237	-0.5047138593889237	0.42227367262548327
13.994957594855292	-0.06791807522329787	-0.06791807522329787	0.35630500930570264
13.017205273229768	-1.4737613911064837	-1.4737613911064837	0.637907713541418
7.05321900549409	0.6401055086320588	0.6401055086320588	0.8804302170524724
14.213047160729506	1.306643242821605	1.306643242821605	0.6567844021413314
3.7916418898659896	0.5617577119986323	0.5617577119986323	0.6308837297453289
5.568391533219302	0.011271960127229579	0.011271960127229579	0.9700789156065509
3.7388838550574524	0.040271068556276914	0.040271068556276914	0.41675284796147766
13.37450172728827	-0.6253382314764021	-0.6253382314764021	0.7299432243774844
7.310326907181613	-0.5357481476424812	-0.5357481476424812	1.1940251911911128
2.03592111144888	-0.12152201383520385	-0.12152201383520385	0.3725877687160804
9.635822681297649	-0.7615984080179201	-0.7615984080179201	1.2586548887967453
14.121034126874685	-0.6146244954969748	-0.6146244954969748	1.0409988502298728
9.45135795748065	1.8471551125074706	1.8471551125074706	1.0653041386745172
55.328896887031185	12.989674389279392	12.989674389279392	3.817441650391572
79.49306253210294	10.924133992960364	10.924133992960364	1.772494756471457
20.56863250721791	5.141493511888733	5.141493511888733	2.102607324633706
26.374109231218362	7.377129687517261	7.377129687517261	2.671305763531102
32.16648042491373	6.228474879947793	6.228474879947793	1.42690215751099
32.7492878700902	7.284418027775104	7.284418027775104	2.146634732637496
36.445258913949715	6.485495312587428	6.485495312587428	1.825515892431192
60.744736393536634	8.541657435841593	8.541657435841593	2.3303806287178803
102.22018460486504	8.192207412926717	8.192207412926717	0.9999792479109735
23.995419386628242	2.871878723348564	2.871878723348564	0.8693800561310895
104.3132933004571	12.489482476741784	12.489482476741784	3.1462775949764956
57.225405675622966	11.829822014158474	11.829822014158474	3.2946248810791467
52.25525644360076	17.50368709625227	17.50368709625227	6.156722060282644
51.81353802260864	21.669226358902844	21.669226358902844	10.245523113022369
79.92492184323267	43.27709761001981	43.27709761001981	24.369820506007983
14.689496871365574	5.8573003096262175	5.8573003096262175	3.0842991780450317
29.661495471461393	9.767346661316624	9.767346661316624	3.6360994224125287
46.046226539825554	15.585873467586826	15.585873467586826	5.944094350318263
35.81637656364437	4.3545443092321605	4.3545443092321605	1.1966185516505599
57.35151724070356	8.473872848170961	8.473872848170961	1.5911845042176103
28.579022747177646	3.41854516720361	3.41854516720361	1.0490655530548652
141.44383715259985	24.76393220971117	24.76393220971117	5.117741597191397
247.53387933563516	44.59758798333113	44.59758798333113	8.593094965955222
272.1816658573506	43.05102337510172	43.05102337510172	7.2157770905924465
40.197682061981276	3.9416376453741346	3.9416376453741346	0.9113888748136338
22.575201871953258	-0.41535680750948484	-0.41535680750948484	0.7061066060857503
46.44423252152595	6.974271264744097	6.974271264744097	1.8207300396047579
11.194614341923023	1.841019571975796	1.841019571975796	0.7226244743425675
25.463556510271317	4.958181576864643	4.958181576864643	1.5479061066805992
39.02394772364753	9.358902817943925	9.358902817943925	3.0510534370720124
29.85818798139002	5.50786551724541	5.50786551724541	1.252453656929292
87.16576274370871	17.46833793183779	17.46833793183779	3.9046831209155513
27.019688465991088	6.7526575751305815	6.7526575751305815	2.2206239590330696
35.837599502976126	5.5566588668600305	5.5566588668600305	2.437854447619392
98.1889934165292	26.061710376285497	26.061710376285497	7.463410474399864
27.443218120050627	6.957837549350702	6.957837549350702	2.4085388089362625
29.4419307735483	6.155433223762169	6.155433223762169	1.9967929599275889
20.511577081075146	6.500799194973481	6.500799194973481	2.9337216767420835
28.809435135445316	4.0352707283324	4.0352707283324	1.062413464185383
20.291906473225502	5.867239543202346	5.867239543202346	2.476284578545682
12.797822767197935	1.6123917009449127	1.6123917009449127	1.5960132914151288
173.0661927750097	28.91323294265701	28.91323294265701	5.8955628175825465
46.30586538368917	9.928277692917705	9.928277692917705	2.9999510971435215
71.10051343239566	14.462052366018021	14.462052366018021	3.6840991424134244
78.6114769236828	15.152584906828446	15.152584906828446	4.110771822810083
14.302465500240809	2.3872317983156006	2.3872317983156006	0.6416498593519112
23.148957689126018	0.2735539380373326	0.2735539380373326	1.1345718857449394
57.757999652643754	3.824774992937689	3.824774992937689	0.5042085496456694
40.84735776266027	10.172542865137858	10.172542865137858	4.104024140585355
10.776915799107414	3.5475291378812193	3.5475291378812193	1.7782481481074586
11.78340597595731	1.3052806496405023	1.3052806496405023	0.5390043843100553
10.20609113959933	2.96526189418445	2.96526189418445	2.746305780411134
4.495628462155768	0.3773376147052632	0.3773376147052632	1.1909096079179067
7.197748467604375	1.7292512986036788	1.7292512986036788	1.269701527577791
7.911119912439975	0.1553119097423077	0.1553119097423077	0.2984446970888621
16.175843237339965	6.609745728966564	6.609745728966564	3.9142024066748045
19.142573049274095	5.618943414369614	5.618943414369614	2.422622756727773
62.41583463204512	23.493200586599645	23.493200586599645	9.67367761742187
29.449139560811304	6.386953295478513	6.386953295478513	1.8098387334290569
14.158317209859774	3.301173086041079	3.301173086041079	1.2592216731571877
19.141991250863406	2.357151970209789	2.357151970209789	0.8907183941402719
28.567403250579392	0.37724801556156135	0.37724801556156135	0.6231144707534677
7.167143247259306	0.9303680327939385	0.9303680327939385	0.7078217441379279
7.197377049376956	-0.6792108623701185	-0.6792108623701185	0.4641593319323464
17.983026635856987	-1.4352506307181385	-1.4352506307181385	0.4091258143731351
3.3502580272038007	0.17978001154227924	0.17978001154227924	0.4668136480760372
4.425533509272889	0.7052289996928577	0.7052289996928577	0.5582754877270178
23.680257010997018	7.4686770169341115	7.4686770169341115	3.3841769446134546
3.463449241143923	0.14073706112255396	0.14073706112255396	0.28646524361523384
7.1893978572520885	0.4099759773146265	0.4099759773146265	0.42602698843507564
28.393309067861285	0.7230407889636469	0.7230407889636469	0.7316854940141201
18.817066391786724	0.7325320739537737	0.7325320739537737	0.5659263579630164
7.957718405534367	-2.859588239853066	-2.859588239853066	1.8204153720034513
10.033511556293025	0.04822088433110714	0.04822088433110714	0.3849893853963185
7.6338119038618775	0.03529603897496902	0.03529603897496902	0.7616751947786524
3.5932889103689654	0.2490403054553607	0.2490403054553607	0.9855047893700155
5.515541355413555	0.4331068692321503	0.4331068692321503	0.8633389093172246
9.632005951928258	2.120913697076978	2.120913697076978	1.371661741863144
5.8090125786817755	0.040856175811677185	0.040856175811677185	0.9558022770918508
13.226818438539539	0.6375049555644027	0.6375049555644027	1.1779157502420734
2.9832712933234635	0.4527711896835328	0.4527711896835328	1.0230658604600291
8.47095168028555	1.6116582119279987	1.6116582119279987	0.9314532438923011
13.773591156671166	1.2171958431983172	1.2171958431983172	0.6237976817460974
25.05882307867712	7.288483932307346	7.288483932307346	2.4851824933401283
24.421869754681055	8.745286267928648	8.745286267928648	5.302602275104142
19.153208063307567	3.539889649818457	3.539889649818457	1.5056462221135296
20.792908825653683	5.626180732597045	5.626180732597045	2.736303782395656
6.95844448754862	2.7257522219653496	2.7257522219653496	2.0439219683224144
8.806108778813517	0.2883918418778885	0.2883918418778885	0.8359911887280214
5.359330140006456	1.8419313656501175	1.8419313656501175	1.4645877686043953
5.880068586170145	-0.09403180225158807	-0.09403180225158807	0.7233570746104726
8.952997303569097	1.4887261621300845	1.4887261621300845	1.3412413041623088
12.906309543819482	4.43630654370318	4.43630654370318	2.5334109012011954
10.864733670885633	1.6399143132816811	1.6399143132816811	0.9114733864637186
29.865965453899122	4.230956707758793	4.230956707758793	1.3496329613624876
28.329632190618103	1.8782523083988134	1.8782523083988134	0.5396884661296736
12.855671991429203	0.2715787668955414	0.2715787668955414	2.298944223120559
15.204975349747267	1.2735950652750267	1.2735950652750267	0.744403460762456
6.936121796103568	-0.6701027495168453	-0.6701027495168453	0.5684443078544229
18.755565933970832	-1.3527403733718768	-1.3527403733718768	0.772245449905476
12.22237776575178	2.350512299848154	2.350512299848154	1.2096865746079855
31.844043258441097	2.0654832994073775	2.0654832994073775	0.518015677457456
7.527902732720969	1.4477279177413511	1.4477279177413511	1.7194612864396837
92.3730180119142	-3.7366026109067634	-3.7366026109067634	0.7607749109905364
5.753960608562655	0.5899491251258068	0.5899491251258068	0.7780601801421249
3.926077578379209	0.28814361112733894	0.28814361112733894	0.7710526218324885
45.530885638181054	4.82805334970164	4.82805334970164	1.5401306896381266
10.787997486929962	0.6704921111752323	0.6704921111752323	0.5305429032599283
7.351169036884977	0.8813467977920488	0.8813467977920488	0.6337385639100063
4.717324164455867	0.9799987548361874	0.9799987548361874	0.6874925108005727
3.0086208796331997	0.41886877418484003	0.41886877418484003	0.6913537331671383
6.967023142847592	0.5561586763612272	0.5561586763612272	0.5430945429279784
3.0325228215939086	-0.1805991989950659	-0.1805991989950659	0.4020515553094476
1.8667816011125709	0.1029577819679338	0.1029577819679338	0.9602595575133218
4.871426556871384	2.035941996452213	2.035941996452213	4.662555908260455
6.067122162497013	1.8923960554923098	1.8923960554923098	1.2927443944701187
23.294265923649046	0.6503820946258616	0.6503820946258616	0.7608608652583407
4.5589749083138535	1.2034936618318304	1.2034936618318304	0.549146239612199
5.019917264896111	0.3207161430068285	0.3207161430068285	0.7817493155455386
11.493029963009496	3.1889382614792234	3.1889382614792234	2.8479047685290726
11.384423683606549	3.2207222369049306	3.2207222369049306	1.204988602122204
3.480782198183952	0.747748937353333	0.747748937353333	0.8360405032130125
3.427575536568019	0.2911520590153074	0.2911520590153074	0.46167465581686484
4.105514183940138	0.3227136674968711	0.3227136674968711	0.471442300035713
9.795347469349164	0.3205305890874421	0.3205305890874421	0.4280289404685721
7.249343526466841	0.600891962910528	0.600891962910528	0.3002036537462631
11.997540719277646	-0.15839741902782675	-0.15839741902782675	0.403056538086885
8.596932191026172	-0.9454176586563076	-0.9454176586563076	0.46735368243299397
34.67956352671325	0.7815650392795137	0.7815650392795137	0.2252142804897028
6.3803580790899375	0.3754056171694134	0.3754056171694134	0.5508912406077293
19.55347822641845	2.933450573985421	2.933450573985421	1.2649938034019361
22.741237479226506	0.3599948132952371	0.3599948132952371	0.3325952877024939
12.700371875490053	0.3893550452109958	0.3893550452109958	0.8013423638503864
32.5849983556235	1.6284542260167145	1.6284542260167145	0.36123211366913405
15.708792656464107	1.1548203606457867	1.1548203606457867	0.6432435601513896
14.53767331907126	-0.6456380201309688	-0.6456380201309688	0.460753440759926
8.036149859918105	-0.4028052817600685	-0.4028052817600685	0.41167980920883684
7.73501693420433	0.7071823566061588	0.7071823566061588	0.521888680176718
2.6714023523004684	1.1055571473872514	1.1055571473872514	1.029625451656164
5.321498290336213	-0.5025215907444444	-0.5025215907444444	0.5362633539060297
7.292894495765605	-0.7216444488868173	-0.7216444488868173	0.6927703147581856
45.78501798650719	-3.4838355101001905	-3.4838355101001905	0.6283469146813929
4.671311341391116	0.6483000997949852	0.6483000997949852	0.5382512949711414
11.066137638996109	0.5798489837669336	0.5798489837669336	0.44509832744107625
15.148277476595567	-1.1482204577359703	-1.1482204577359703	0.6608472544562093
6.174084295945134	0.8848304052922724	0.8848304052922724	1.58395747442331
4.439368696638436	-0.5694976987485648	-0.5694976987485648	0.5909970320701275
6.418425664734144	-1.3271935802998114	-1.3271935802998114	0.9419372534558124
10.485825643579977	0.5686121336912834	0.5686121336912834	0.43630691147411993
8.951286143976843	1.1417418098965815	1.1417418098965815	2.586116563404797
4.848114040580693	-0.9889665823535584	-0.9889665823535584	1.4295427136150634
14.463163579195964	1.9679476678447112	1.9679476678447112	1.0097360831990378
3.7723846973825004	-0.11428932263131131	-0.11428932263131131	0.254567834859524
2.9985651805772195	0.13735597080456535	0.13735597080456535	0.7741441213459335
3.2774579275398374	0.1603487101186083	0.1603487101186083	0.5708261408529561
25.24897147234652	1.0915506190724031	1.0915506190724031	0.800934681659677
55.80214584337215	0.388275078317623	0.388275078317623	0.27491531267577246
28.605337233284004	-0.24563659428855564	-0.24563659428855564	0.2868305341797094
18.342377457476875	0.6518753899027427	0.6518753899027427	0.3984676418780754
8.325392105759233	-0.1690927374631968	-0.1690927374631968	0.9036560776675787
4.444998643634433	0.24146366308895845	0.24146366308895845	0.47625533434746575
4.554175896088522	0.0840068884945191	0.0840068884945191	0.6522512930708602
3.0979991323351204	-0.25679105825226783	-0.25679105825226783	0.5208878252920521
10.173584393010023	1.3564649209303634	1.3564649209303634	1.1454049111255606
27.206716633893436	1.5169377018267987	1.5169377018267987	0.774543954392739
12.536190030262723	-0.6741635920509066	-0.6741635920509066	0.47662344635419845
11.12100733960512	-0.6430808716143671	-0.6430808716143671	0.9210814483960518
14.56213065919144	0.7038559970534233	0.7038559970534233	0.3223951242869733
5.578297208076242	-0.3486865370859167	-0.3486865370859167	0.3903366361215423
2.309838151947257	0.3167299027917693	0.3167299027917693	1.8043999027981674
10.927703573556393	2.827972394478759	2.827972394478759	1.0684274924999873
22.96123156782565	3.2955808095325496	3.2955808095325496	0.7898294682226382
40.4088148359326	0.49312109918405167	0.49312109918405167	0.45346154301995806
5.877557803058871	0.32772950430721115	0.32772950430721115	0.20895169314773823
8.511850920001878	-0.379165891140211	-0.379165891140211	0.3583980129604796
3.434740042189964	0.4216974263448896	0.4216974263448896	0.6803698028722408
1.609531747738845	-0.10001915002280305	-0.10001915002280305	1.9478786294359622
10.734660266469131	-0.9216414475602646	-0.9216414475602646	0.48601234463704823
5.22662963724433	-0.6211094777260265	-0.6211094777260265	1.002406298597446
6.900901836792324	1.4150940750937786	1.4150940750937786	0.6427122926176166
3.295041704503723	-0.1162241432164696	-0.1162241432164696	0.20859401404293937
9.281396151887137	-2.6534316816335966	-2.6534316816335966	1.296953449961877
7.062299492681988	-0.2113483721330576	-0.2113483721330576	0.7224910057338427
11.04123115652581	0.13755668965124476	0.13755668965124476	0.16892864965942825
3.9946134264964943	0.975896635687613	0.975896635687613	1.4148787027340464
5.5333503275103855	1.202776949291759	1.202776949291759	0.6392295249141439
2.977839642494196	-0.02499507083286878	-0.02499507083286878	0.27283638026915635
3.9920743236026506	0.5209165898211818	0.5209165898211818	0.5073700363575108
6.888360721145948	0.45480299168736327	0.45480299168736327	0.25654287846866297
6.423353815628453	0.6193916811738299	0.6193916811738299	0.4750442761141642
9.310342401979463	0.46406797187344856	0.46406797187344856	0.307721905988226
8.269062450977826	0.18710325957359192	0.18710325957359192	0.4112530459568737
7.028763548689714	-0.5973611610768644	-0.5973611610768644	0.7416576310984422
3.8205935036495005	-0.786478589997641	-0.786478589997641	1.2282816902295988
9.926247287665156	1.37527809683984	1.37527809683984	0.5223018822651768
3.7689826394981565	0.45114863985237724	0.45114863985237724	1.2328430803455295
2.9914969940664586	0.28235217329642054	0.28235217329642054	0.2883630316559851
8.00165389067273	0.814873741651632	0.814873741651632	0.6111731783388094
4.719141951329507	0.15370133186703872	0.15370133186703872	0.21433498045725596
6.164834488095533	-0.784125452501285	-0.784125452501285	0.9080727139635669
10.171348920983105	-3.062806018615424	-3.062806018615424	4.943636180888115
3.9040292512736974	0.6096063947473357	0.6096063947473357	0.6768280916856153
4.502240597698471	0.8816807112302585	0.8816807112302585	0.4843978329810532
32.180267366841186	-1.0655128361522854	-1.0655128361522854	0.6781614634519564
6.862089430008477	1.4198899863672505	1.4198899863672505	1.060106728866368
7.86641510833063	1.4277757013176944	1.4277757013176944	0.7810231130555985
17.344591566247168	1.792092990718171	1.792092990718171	0.7185263556401847
19.54027916668867	4.733250865340449	4.733250865340449	1.4931951479488534
2.169167478152511	0.19840747038232603	0.19840747038232603	0.34430150823234357
8.700466298803697	-0.19142037225238823	-0.19142037225238823	1.8405963089616735
4.2971511145802355	0.8638961050879607	0.8638961050879607	0.669254138324103
5.725344188091862	0.8955757346235439	0.8955757346235439	0.6240705305594709
4.3930860377794705	-0.8621658220035088	-0.8621658220035088	0.7698441067688668
5.401668319107671	0.20445289007783252	0.20445289007783252	0.32056474448502315
13.13043045316981	-1.3104477766364424	-1.3104477766364424	0.43446029935705055
6.02484717496593	0.9407104978522866	0.9407104978522866	0.49943133882135343
8.297820942352613	-0.954938160621262	-0.954938160621262	0.800545146244258
10.566950521102013	1.5719260340882903	1.5719260340882903	0.8362720915314812
5.422978565464374	1.5453236938857542	1.5453236938857542	1.767019344966086
6.401102188024502	-0.8471468677387832	-0.8471468677387832	1.6500458527372097
4.6998502636172805	1.2867806647195699	1.2867806647195699	0.5951924949244328
8.877360309343842	1.0368349799865524	1.0368349799865524	1.6852663726949784
11.534951209715137	2.0982615937150024	2.0982615937150024	0.7789641774776838
15.752179755685372	-0.9617859831364585	-0.9617859831364585	0.5697013503272659
2.145439525678225	-0.2673667043762099	-0.2673667043762099	0.5062793477870359
3.2434062896999096	-0.6566596701294474	-0.6566596701294474	1.2830550908957608
6.281468143725598	0.2470585947891258	0.2470585947891258	0.5533557820821108
10.81378539736366	1.1698632066326535	1.1698632066326535	0.4295881913569583
7.868695709820978	2.721189659015676	2.721189659015676	1.6475696689717036
11.312956588862948	0.6054105595390294	0.6054105595390294	0.37371732452846973
10.838730791977214	1.0722682015937455	1.0722682015937455	1.3709475871719092
2.0012390304200496	0.35891802479177465	0.35891802479177465	0.36267748860093946
3.751784850402002	-0.548852194110776	-0.548852194110776	0.8094480474100382
26.085718695616855	3.7583076524689227	3.7583076524689227	1.4623078073561124
10.4168364490328	0.6536851351619375	0.6536851351619375	0.44430358507093165
9.890632936056	1.34788843887326	1.34788843887326	0.5499947043462694
3.093483874196632	0.5098735077036461	0.5098735077036461	0.3806518110470889
5.467927085470692	0.4008345511399604	0.4008345511399604	0.6429197903019751
3.238001061109799	0.23869508732188022	0.23869508732188022	0.24649672542614512
6.920591798260266	1.2811048713937865	1.2811048713937865	0.6673357132735221
7.09944558128655	0.8753257376425686	0.8753257376425686	0.7287765469370336
10.826638667978994	2.9257403452502637	2.9257403452502637	1.4647477414252512
10.09458735858229	-2.563625984470786	-2.563625984470786	2.9499684799523855
4.461710000799167	0.15224126192640125	0.15224126192640125	0.3739120387168206
6.581237987097442	0.6569905611535483	0.6569905611535483	0.7655411963871002
6.741435599567075	-0.7324318580561985	-0.7324318580561985	0.5824539916384223
4.586400549432221	-0.07726256264992058	-0.07726256264992058	1.2258518388380306
4.244851119206567	0.8745817242502092	0.8745817242502092	0.47737738338233393
14.079861231412274	1.6302684497918343	1.6302684497918343	0.5350529411506807
5.5560450301879305	-0.021097891085883908	-0.021097891085883908	0.9735561980371842
23.216798424066575	2.3651500800392253	2.3651500800392253	0.8491925740486811
22.869482275674017	5.2471658571005895	5.2471658571005895	2.2366027018014014
25.54423451449487	8.835563788429935	8.835563788429935	3.992736787273506
28.700006955906616	7.654183735978238	7.654183735978238	2.634028489850754
50.71569400004968	15.750843406807185	15.750843406807185	6.348496580924562
33.454679388714794	7.360708323165173	7.360708323165173	2.1613087967017113
44.54923476466686	12.648257515527186	12.648257515527186	4.227486021853128
87.25230018060573	18.913143024138915	18.913143024138915	4.5053860894966515
118.7242542618883	21.305291402264317	21.305291402264317	4.214852196897518
120.38696737148531	25.793250118978822	25.793250118978822	5.732786345201631
50.654868596948056	4.50371175594439	4.50371175594439	1.7090068172342525
15.948919774902642	4.103827296814293	4.103827296814293	1.5228026171716946
67.04801172577538	8.794342227242689	8.794342227242689	1.507398710776927
20.90961063025139	3.495005542115195	3.495005542115195	1.1520148761031697
29.35847167627571	6.091750954488106	6.091750954488106	1.9688368766508542
44.1540819097098	9.154000427126798	9.154000427126798	2.23373057366249
52.64495994084581	10.349463876022915	10.349463876022915	2.6241233250328238
78.19191274327102	14.471386818625586	14.471386818625586	3.384456088734712
46.27782219985022	7.21121518086449	7.21121518086449	1.5398667520033094
180.74755887982909	39.08949012774711	39.08949012774711	8.788529322502137
30.318193548210886	6.455091489946819	6.455091489946819	2.304680612098284
48.98959845139781	7.58295654907773	7.58295654907773	2.558115527188171
30.405017063566582	12.667982913202977	12.667982913202977	6.458087739715213
20.302559080578497	9.30446000069345	9.30446000069345	5.96448368141344
59.78300654042896	6.988989849032222	6.988989849032222	2.97751163490893
25.84037527755321	3.898046529561551	3.898046529561551	1.6733722897788044
22.84106809975833	5.422212847897365	5.422212847897365	2.4028072325785264
42.779832151134094	8.093850032447916	8.093850032447916	2.482562130161248
27.413075210423422	8.92584817017455	8.92584817017455	4.245993725233647
143.77014412398884	23.56547922525614	23.56547922525614	4.635276257491432
45.048140420149416	5.490361998707599	5.490361998707599	1.0687008803844122
19.5814556632545	1.6284433686988193	1.6284433686988193	1.1159555192202868
24.017969483348743	-4.379002627257379	-4.379002627257379	1.6174097596428763
10.422649795812049	1.018913197924353	1.018913197924353	0.6988984822964406
13.440138460151585	1.0266179183423214	1.0266179183423214	0.45475748337875804
2.798126677582994	-0.2023153288850671	-0.2023153288850671	0.3100972013338123
7.853892516897944	0.150653478117959	0.150653478117959	0.3629000852875506
4.135431307248351	-0.28768355678609825	-0.28768355678609825	0.6897320934893054
18.89093849049157	0.8790754818342396	0.8790754818342396	0.47733357294863327
14.46582940636433	1.4218419446941089	1.4218419446941089	0.42023654266269783
5.3536388848751635	-0.6627389940659698	-0.6627389940659698	0.7234054613945196
6.455463039730477	0.5462081751281667	0.5462081751281667	0.3515689609033968
7.111346831217382	0.7568966262236614	0.7568966262236614	0.8977310095797807
5.970156251081481	1.1328806161655642	1.1328806161655642	0.7606524274043271
4.886629335312677	0.09912389696730832	0.09912389696730832	0.3313332043318142
15.77067520925005	-0.9911135966991484	-0.9911135966991484	0.3335627296166149
14.044136453506074	-3.105921425392578	-3.105921425392578	1.691334478615712
36.03436734400604	6.668696731721513	6.668696731721513	2.525514139579001
8.61168403505033	-0.7316372941732181	-0.7316372941732181	0.39747195422797255
12.329931578875193	-1.0484586043209276	-1.0484586043209276	0.6785131395833918
23.16510360225363	-2.331899031911485	-2.331899031911485	1.4280366505101814
7.395945726683801	-0.3282075808707726	-0.3282075808707726	0.7135192734905877
11.104085864374523	0.34098280836204964	0.34098280836204964	0.264811886048925
3.9489740526138846	0.6870893814166381	0.6870893814166381	1.575402461584782
6.166731354066301	0.4149128379348403	0.4149128379348403	0.2979641537858446
9.657153519508357	0.09330003563406634	0.09330003563406634	0.6875681163911674
4.445155144730176	-0.2603063250752428	-0.2603063250752428	0.2723946166556814
6.1446736390561005	0.5138409307356261	0.5138409307356261	0.905685745802844
6.82221331767944	1.7525442314397321	1.7525442314397321	1.0972256728308267
23.043290433672386	6.7557550885169855	6.7557550885169855	2.836101779756404
30.288416304174177	3.7920165351165513	3.7920165351165513	0.9177491103999075
31.378086048890918	2.041846275267653	2.041846275267653	0.49847479687047114
97.94814053197176	2.416164946316531	2.416164946316531	0.28615473081961357
17.158060627102667	-0.04426387658903027	-0.04426387658903027	2.0271060826675478
17.215121598057127	1.3342801241659172	1.3342801241659172	0.44266449401963864
12.860892183123125	0.5918368366303932	0.5918368366303932	0.8100386176864548
3.511882443718826	0.22130539861078916	0.22130539861078916	0.42302324996973617
8.651670801877103	1.6846378395304233	1.6846378395304233	1.0122105765806697
7.7420032412049125	-2.7700541764969264	-2.7700541764969264	2.9602499815526113
16.813047900326854	-2.1562533863161257	-2.1562533863161257	1.0305036035286166
5.749723632738204	1.12094715616123	1.12094715616123	0.7424890899126567
8.6495991887313	-0.30197480839522894	-0.30197480839522894	0.24457365258082142
11.999598258074718	0.20250105614077546	0.20250105614077546	0.4343289358917301
13.481921742044014	-0.20312715199634876	-0.20312715199634876	0.7019906821693164
9.196077529609685	1.028194405748159	1.028194405748159	0.6443206823607638
13.59263946103233	-1.481166989525861	-1.481166989525861	0.4728342685379027
6.471747081631462	0.2030188753016933	0.2030188753016933	0.3956577831928432
6.862741157504422	-1.1073071659034648	-1.1073071659034648	1.1323764381282233
11.575960730793106	2.636985261072001	2.636985261072001	1.165992413857131
7.263215144185207	0.9228919106663499	0.9228919106663499	0.6393870223026082
3.218045814117739	-0.4735978407584603	-0.4735978407584603	0.652425182256013
9.641772431812635	-0.4447962949226143	-0.4447962949226143	0.3727203887528634
17.221638730471646	5.435742083182253	5.435742083182253	3.0735810692267793
4.792085887884906	0.7143792858896536	0.7143792858896536	0.4412444958810686
6.24177511452471	1.1327724107496955	1.1327724107496955	0.8262901857735154
2.2363127851172067	0.48030925975394045	0.48030925975394045	0.3292728161732196
13.322685053824104	3.572410013074871	3.572410013074871	2.2922924698493725
8.347498212479918	1.0245611428634398	1.0245611428634398	0.4195804412246433
2.8030367091359465	-0.13485856393718737	-0.13485856393718737	0.8605902900939345
7.0003019312689805	-0.061195085843130506	-0.061195085843130506	0.40267131247194193
5.266828624952497	1.655018344077816	1.655018344077816	0.8965455833722893
8.864764742615929	0.8730099669864033	0.8730099669864033	0.6996666543671368
7.289605842125786	0.5030519655252589	0.5030519655252589	0.3813453374394594
8.442238547469653	-0.5154219530157576	-0.5154219530157576	0.43099132361580217
6.6160156180119465	0.10844245792202965	0.10844245792202965	0.25913646176909216
1.9978396575820558	0.36695483453195815	0.36695483453195815	0.43657643279302755
2.1417159895843594	-0.1470894012186469	-0.1470894012186469	0.5605870818485196
16.733853334047378	1.3403804334815252	1.3403804334815252	0.6384853697471018
13.95685968569267	3.5391036463317844	3.5391036463317844	2.1523452773448266
56.78094370921504	19.264521304854956	19.264521304854956	7.137362643426844
31.258824074017255	6.915659816882317	6.915659816882317	2.533851937090848
9.54251041500319	-0.3065858287343423	-0.3065858287343423	1.1889468895714832
5.455739662510158	0.1325223122270823	0.1325223122270823	1.1524426783485182
4.659005527148048	0.7835586063008604	0.7835586063008604	1.2745209026855981
13.420465076662982	3.238534773455699	3.238534773455699	1.1494382666893526
29.02892076259132	4.685232135788262	4.685232135788262	1.3928790325794644
89.76636645526906	18.650530245275778	18.650530245275778	4.31622292394137
114.08010029324507	30.2495119369708	30.2495119369708	8.528828517473025
44.66184297726589	6.619287372609353	6.619287372609353	1.4054102499108032
30.214613812540907	5.790393141236038	5.790393141236038	1.4014965714132883
35.88163881359134	6.356482439236858	6.356482439236858	1.43364080683696
37.904827909105634	4.27684834507699	4.27684834507699	1.9536487648875294
20.165495581512936	6.857968379714042	6.857968379714042	3.0217437339592896
52.218923822051366	8.60367906808189	8.60367906808189	1.8389862023708774
16.921175846715975	1.5358754420080452	1.5358754420080452	0.44715269726061074
37.42459609760758	10.173812508615802	10.173812508615802	4.012356916059405
14.695430968568553	3.4329482062644954	3.4329482062644954	2.9558326607621903
28.37398854557405	4.170128704656826	4.170128704656826	0.9528516646891075
44.14262788836407	2.827020684505948	2.827020684505948	0.6000266255898311
14.303285198881468	-0.33321117648422055	-0.33321117648422055	0.4528808374149406
3.4289314137799027	-0.09156121516730896	-0.09156121516730896	1.4029345492015375
3.98672418663828	0.2468371382013652	0.2468371382013652	0.793120960811742
13.519199449270861	1.860463280837076	1.860463280837076	1.1063651258054885
4.693385349705378	-0.5439260744535066	-0.5439260744535066	0.945027800300525
7.948278510056435	-0.07781768803050963	-0.07781768803050963	0.7194715031452581
8.800268976339714	0.6163430382074073	0.6163430382074073	0.30078786275919317
8.981894817703429	0.6653112484058579	0.6653112484058579	0.7913997042502401
13.85198583272397	2.6400951226443117	2.6400951226443117	1.1877213256461854
1.7439134270472527	0.24374581623625943	0.24374581623625943	0.45879901203820567
12.66536280147977	2.747582278961776	2.747582278961776	1.7455747553514713
12.793558716134616	0.42143019089377987	0.42143019089377987	0.45380280081140734
7.735513964969647	-0.27369561778876783	-0.27369561778876783	0.2610912834327666
16.992756332851002	-0.5525567829377621	-0.5525567829377621	0.7400157748455116
7.11201775865701	0.2181979764918064	0.2181979764918064	0.484708344383488
13.11346319704486	-2.421071790005295	-2.421071790005295	0.8535226950805559
10.076110313112295	-3.711787863690236	-3.711787863690236	4.279558543585895
4.193813912626453	0.48948854614047577	0.48948854614047577	0.5410712882470223
15.680672022336715	2.539842511002227	2.539842511002227	0.7011306747320275
18.413547750771464	-0.2162066873349539	-0.2162066873349539	1.119114236954784
15.866081056025681	3.5804650161819374	3.5804650161819374	1.615418246508754
7.214843475576567	0.8939781116943861	0.8939781116943861	0.3339050866147509
11.665446411044343	0.9441412768931254	0.9441412768931254	0.9851307262393939
5.426929598224807	-0.4667614671834248	-0.4667614671834248	1.743741281331121
7.878048814224929	1.3588077822122528	1.3588077822122528	0.7142104284941664
11.995261586862146	1.1851521692821612	1.1851521692821612	0.3453622881998723
5.024990477086978	-0.5750506502769267	-0.5750506502769267	0.6918234172271545
2.788076590296905	0.3873036419536369	0.3873036419536369	0.6327760413347597
28.373387967638465	-0.3829011412623858	-0.3829011412623858	0.42014746443859446
7.382328177636709	1.7474607306732908	1.7474607306732908	0.8727008819666561
16.703317053553064	3.477948067110762	3.477948067110762	1.3831527012298463
38.556913455720945	0.21371861914204926	0.21371861914204926	0.49783570740927324
9.856963736497043	0.4742164010886145	0.4742164010886145	0.25676861462378564
12.969872068582713	0.62657040454051	0.62657040454051	0.9338348856090888
8.257285364062056	3.085465273596531	3.085465273596531	3.0018446033348947
23.044272191595407	3.278742357436282	3.278742357436282	1.8573394603207078
6.938840770825199	0.5819845924007288	0.5819845924007288	0.40911780184450447
6.121981003457149	0.43489472116666356	0.43489472116666356	0.6253505070589157
3.742673969834613	-0.3588228639112215	-0.3588228639112215	0.4289696810892057
15.201689621617263	-0.272545998373286	-0.272545998373286	0.4988775385921058
11.51427074303406	0.8938773439572226	0.8938773439572226	0.5606153935060217
12.69199415098361	-0.7588178982728464	-0.7588178982728464	0.6365421943985601
8.16809373541468	-0.4446100963002681	-0.4446100963002681	0.2300671831615509
5.811605511922449	-0.21318769092050208	-0.21318769092050208	0.460561433838387
53.495162294813	10.195182095701181	10.195182095701181	2.4285827796731074
7.027782113565546	0.3433655325079779	0.3433655325079779	0.6098775217114351
10.082395227830174	-0.13943770645532994	-0.13943770645532994	0.6021918015113396
5.446513332509079	1.4346484961737038	1.4346484961737038	0.9331276864747551
18.872119783937514	3.486646036314671	3.486646036314671	1.373684507036073
13.260023297181682	0.4324335688897375	0.4324335688897375	0.7809381872394157
2.6388217666587286	0.5974073605973553	0.5974073605973553	0.5671313036823545
4.936712304154835	-1.0148653199241424	-1.0148653199241424	1.3581240691059895
8.66083894393059	0.8183679910246857	0.8183679910246857	0.4762882944944193
14.922882294413547	2.562203743432034	2.562203743432034	1.4182426561905375
30.148233691466586	1.020552490267372	1.020552490267372	0.37813045793986944
19.12706994422467	2.4003203406693174	2.4003203406693174	0.8165941783919086
18.097637154113528	0.5803178676894559	0.5803178676894559	0.635258864385106
17.815361023339186	-4.96323383809019	-4.96323383809019	6.372699521033411
16.34398018404529	3.104660184135583	3.104660184135583	1.0314215018954433
31.738038467487247	8.41884035440441	8.41884035440441	2.8181467956061645
4.220189369368508	1.3108212666247743	1.3108212666247743	1.4142724357731942
5.106687196132878	1.0461584496299474	1.0461584496299474	1.008029340223988
6.978263598128108	0.2706481210512442	0.2706481210512442	0.970990935817045
8.122601849889996	1.680803701228332	1.680803701228332	1.182107293190904
2.8228476420704878	0.5217210286859477	0.5217210286859477	0.3890731402907192
2.5010743796235766	-0.056475881323911015	-0.056475881323911015	1.019192992653207
14.030279197761931	-1.6885110993881278	-1.6885110993881278	0.7424888615255013
8.146670384404413	-0.0610180450118969	-0.0610180450118969	0.35281003961032054
8.363099306500459	0.09034741289378759	0.09034741289378759	0.4611757350504007
9.754542871679389	-1.5194227841614782	-1.5194227841614782	1.0975217381108242
6.771828898535134	-1.676811232480651	-1.676811232480651	0.9191664807251955
3.228493448638406	0.9997386152602346	0.9997386152602346	0.6523890086001595
2.504213155407402	-0.04341332635090045	-0.04341332635090045	1.2885167867147478
5.4943613501776545	0.18669527463551652	0.18669527463551652	0.6068341094267885
18.167802352201857	-9.820697729922893	-9.820697729922893	14.613855777684755
6.447943200343647	-1.2487255677030857	-1.2487255677030857	1.1447692220314418
4.060053340932881	-1.9566207959383228	-1.9566207959383228	3.5635414171510633
4.76649813717112	0.5623564393267914	0.5623564393267914	1.704465216007659
5.146599426004741	-0.7021979105915795	-0.7021979105915795	1.8092138886324187
8.168603188418313	-0.5409748867915203	-0.5409748867915203	0.3779165602494242
7.019195235902163	1.2596328852330019	1.2596328852330019	0.7400446181222771
3.815148435620776	0.48695175791401873	0.48695175791401873	1.0347993316022943
15.412796328205506	-1.1295533871751784	-1.1295533871751784	0.692432212005329
12.549715735295173	-0.46821809535133535	-0.46821809535133535	0.669839431629858
6.338050008651707	-0.37960559111803366	-0.37960559111803366	0.47557111805922825
3.257613973244668	0.8151746937934653	0.8151746937934653	0.9904092654444436
6.5484544170410395	0.26128380095671805	0.26128380095671805	0.8013780541322006
9.524184713622187	1.7478597477653566	1.7478597477653566	0.7343194345483276
18.730208121647713	1.1606742600079223	1.1606742600079223	0.573289202931936
12.352286960185785	2.336602658918003	2.336602658918003	0.9283807761021803
10.105886393343368	-0.2890234370753092	-0.2890234370753092	0.3277288528728373
3.028795268668317	0.23967359260898313	0.23967359260898313	0.2674529735469451
6.615692253568627	2.071955186595831	2.071955186595831	2.5818980573240546
12.202748993098108	3.4559736102747616	3.4559736102747616	1.5882395384686705
14.356598309367506	-2.8116503373273267	-2.8116503373273267	1.966845590206499
20.058976066045453	4.194308577254113	4.194308577254113	1.599668217832454
21.53122507217598	-2.29118021258397	-2.29118021258397	0.9519863328162711
13.275832927071352	1.3766271822688276	1.3766271822688276	0.44289020267135853
2.70564950418986	0.2989027125274456	0.2989027125274456	0.36353474551775616
4.258643627516362	-0.0021960549556405834	-0.0021960549556405834	1.3587297654369954
16.47293681690487	0.8666718426321387	0.8666718426321387	0.4071148042896123
4.890548894941032	0.8047194134311356	0.8047194134311356	1.0048793723512293
41.38971281046823	0.0003658599391530854	0.0003658599391530854	0.5582589203851307
3.6530194714974877	0.11359156591650217	0.11359156591650217	0.3438406780583949
4.472241142437607	0.1694885198256113	0.1694885198256113	0.5678567461310989
10.237445901748337	-0.6270303608025526	-0.6270303608025526	1.1456470588721495
6.9632724088594244	-1.1202475110891097	-1.1202475110891097	0.907053751118965
21.652123433368466	-1.4794054097621983	-1.4794054097621983	0.44155172477285975
4.0227582612249355	0.014882584970290111	0.014882584970290111	0.6620217767143218
7.688863725229494	-2.1943728101450524	-2.1943728101450524	2.5038468689212428
5.559838897772511	-0.14890846189772503	-0.14890846189772503	0.3619622188333092
15.584288691557298	0.6196947753648487	0.6196947753648487	0.5305980890278995
9.121818512331977	0.06047405859870637	0.06047405859870637	1.8771508329986113
4.973925296471742	0.34135634374173063	0.34135634374173063	0.8100667614570877
32.8376002561333	5.211615099829271	5.211615099829271	1.2117266057305347
6.105246827108015	-0.1281513045438258	-0.1281513045438258	0.6047256641504071
10.654384270324899	-0.0473838079527398	-0.0473838079527398	0.9170768169395712
18.13793449425091	2.6143846984629633	2.6143846984629633	0.7337924098559699
33.18655360480594	1.765248655651514	1.765248655651514	0.49395947003769447
20.271605036820066	1.099770569375834	1.099770569375834	0.9458842385165682
18.983508030553754	0.5673879564107984	0.5673879564107984	0.5135799446383223
10.504784787283107	2.254856124553741	2.254856124553741	0.946841695071112
6.45176946542189	1.1855757289146192	1.1855757289146192	0.6513872108308979
17.863172617038813	0.20395031175432773	0.20395031175432773	0.8412175756820244
30.893672179326717	-1.8029453228393808	-1.8029453228393808	1.2409466403336913
12.535697235284102	1.3308184018327671	1.3308184018327671	0.7828709745786586
31.288980289317124	4.780494743747619	4.780494743747619	1.426350773416111
12.20643438908756	3.2159343282744928	3.2159343282744928	1.9972020269376738
29.880015693002637	4.093773002231623	4.093773002231623	0.977092544715699
37.92356759832195	8.214560735392768	8.214560735392768	2.679172954414842
43.64510622541973	-0.4702171941450456	-0.4702171941450456	0.7233547017248003
10.967958631730607	-0.33828460886304157	-0.33828460886304157	0.6334980836615728
5.120462056978271	0.503024815649265	0.503024815649265	0.5823668418237531
5.361543862822905	-0.6980441250550828	-0.6980441250550828	1.4722392688011456
8.136608119924727	-0.37572246673394927	-0.37572246673394927	0.23639980819809606
4.094926355237348	-0.23893677212374825	-0.23893677212374825	0.7620952671520941
7.970440593428295	1.9584493167208497	1.9584493167208497	1.2368388247116413
19.963706331760264	5.652848470725978	5.652848470725978	2.145018335102709
23.458249968249984	6.194901995382563	6.194901995382563	2.12240052116482
29.365052351504264	4.3269636170390315	4.3269636170390315	1.0555804842346441
53.21181102633635	4.99775614244418	4.99775614244418	1.4315173736801963
104.54369816198768	35.925847844302346	35.925847844302346	13.350338459120557
101.7431316146511	22.407879317860473	22.407879317860473	5.319256737535402
47.381026750132705	9.84115208682624	9.84115208682624	2.366458296809865
114.88806931372366	13.594558979550618	13.594558979550618	2.324240670206743
75.74263312312098	10.92732390960227	10.92732390960227	2.5002349868943043
86.9232899517129	17.147267824091713	17.147267824091713	3.6333989444807875
118.47553239554861	19.885640789212	19.885640789212	3.8041973558353672
76.41181087500902	15.762208700698032	15.762208700698032	4.246063995573024
86.77028544921431	24.67725867754615	24.67725867754615	7.692039367414452
39.42921437175195	8.627627129271184	8.627627129271184	2.234331637825632
31.609623395642995	6.165362357997774	6.165362357997774	1.6002190871206938
42.08291932099038	7.934352234315252	7.934352234315252	2.2523400797480337
50.14818688183671	7.352315886888253	7.352315886888253	2.403437019753278
39.921755656190086	4.2216080083496506	4.2216080083496506	1.317129650822529
153.62220458085363	20.217649211546362	20.217649211546362	3.056268560779711
39.45092072185389	8.712289969927495	8.712289969927495	2.479253248788233
88.24775187331254	15.182214859712033	15.182214859712033	3.190818002515191
137.7723586294546	21.984099565251363	21.984099565251363	3.745774007651424
57.2616462432738	12.296431219187921	12.296431219187921	3.5412518819315326
154.56472091234824	25.650330891180513	25.650330891180513	4.704870917314837
42.530382681404326	7.380028349349642	7.380028349349642	1.5093012195074844
108.65831077540811	10.448632269685481	10.448632269685481	1.4069069243588066
150.7071590848126	23.99141364338788	23.99141364338788	4.597125826325487
29.25839207622262	4.906502971118153	4.906502971118153	1.244673911870296
56.26801781466907	4.420082822129969	4.420082822129969	0.8783513407132791
41.69055459349417	8.737043369426159	8.737043369426159	2.1399320162739923
39.99113286881874	7.851793142442327	7.851793142442327	1.8693819023212785
106.85773653735833	15.196150911877389	15.196150911877389	2.7934293522448437
55.731807969148	11.866078648894593	11.866078648894593	3.3132922411724754
104.3648322218155	16.738869058054068	16.738869058054068	2.9547775253569912
68.08291130619331	14.205538886187261	14.205538886187261	4.5263387295941
44.38256654305103	7.365642831069967	7.365642831069967	1.965809727691469
66.41464566885529	11.62784767783614	11.62784767783614	2.6455539191738295
56.275924401804026	10.108017285685253	10.108017285685253	2.3146752360198017
110.61062730780016	19.897369266944278	19.897369266944278	4.668520894173957
65.33300268895013	12.859946306245163	12.859946306245163	3.0912348484693255
93.77732268015893	20.279006474982364	20.279006474982364	5.125935094110555
40.55141506138376	8.615447811126485	8.615447811126485	2.1738130968218528
66.01744167579466	12.77637641897047	12.77637641897047	3.062210165442956
61.40974964154959	15.839311439989554	15.839311439989554	4.4793228395170726
94.33611466263751	17.544273209319844	17.544273209319844	3.803959818579339
134.91581678981248	36.34238876597241	36.34238876597241	10.41226136267301
49.82310721094109	13.954362779525816	13.954362779525816	4.543919663857579
36.362945496764794	8.56347098357434	8.56347098357434	2.4927746798951564
24.487945961331008	6.943981930442348	6.943981930442348	2.671803915167271
30.613211722922856	6.930265890417155	6.930265890417155	2.430357625091042
36.45825180803667	8.943585020523237	8.943585020523237	3.8475703708135085
24.82373932937185	0.32629051421146277	0.32629051421146277	1.2988612530400194
9.372713223141753	0.9818629136629476	0.9818629136629476	0.5566010560091191
15.289368723527785	0.9209590546409223	0.9209590546409223	0.3611563974376784
51.43786528068273	3.6783183146222505	3.6783183146222505	1.7170638813744146
7.998684868205501	0.04658065297302134	0.04658065297302134	0.35746752441935353
5.492209939935151	-0.12936733467232694	-0.12936733467232694	1.183343805250727
17.690421355100572	4.052438250912729	4.052438250912729	1.5589101952114996
9.850143954779856	0.8988461315939839	0.8988461315939839	0.3814519211685925
10.06198872969024	1.8724703893037768	1.8724703893037768	1.0513429412595958
8.567089783679641	3.637753459297943	3.637753459297943	3.7958974695394296
11.129559608442468	1.3655351876566426	1.3655351876566426	0.7238699581313665
3.911444970506113	0.13943746406476057	0.13943746406476057	0.727120371097446
6.17135532239281	0.11930332643030865	0.11930332643030865	0.3449778998598033
28.120486349791825	2.4110318784175524	2.4110318784175524	0.7922543079477181
5.7359683738766245	0.7807531492238049	0.7807531492238049	0.6218420475971338
16.833779747251697	3.3565240501149014	3.3565240501149014	1.562882523088363
17.829052493677402	1.7020443574047397	1.7020443574047397	1.1188691905167765
9.24418181781337	-0.2338888081218786	-0.2338888081218786	0.530622746763675
10.01243628493491	-0.1431311639887422	-0.1431311639887422	0.5561450940717036
3.371589243496304	0.24831737114119673	0.24831737114119673	0.38397129514601486
2.7386279242161407	0.9471409558096822	0.9471409558096822	1.442099078472649
14.498349495741278	2.60856126567854	2.60856126567854	1.0901098227523531
7.726033759525398	0.7454368679273513	0.7454368679273513	0.6333638132728451
6.381278407185599	1.8681974729941613	1.8681974729941613	1.5608136391083751
16.71764784879208	13.805572081286542	13.805572081286542	14.287727935945286
3.4945515186566056	-1.6708948430083463	-1.6708948430083463	7.0230663126066775
16.130148041804645	0.3143867890522618	0.3143867890522618	1.205941016603114
9.802245843489342	-0.44467863981415395	-0.44467863981415395	0.845198497315629
12.296726577844069	-0.42945002829030554	-0.42945002829030554	0.9374870808140817
11.752483781291993	-1.4819237478201783	-1.4819237478201783	0.5575610359585966
4.485224404731664	0.532060366795439	0.532060366795439	0.46722917010256926
8.33553566280052	1.2601262872770076	1.2601262872770076	0.44592227542382956
13.355804007838671	2.253353468273419	2.253353468273419	1.1486614974820188
4.419109079105138	0.2879162911641936	0.2879162911641936	0.48881291758393836
4.428698116520758	-1.7020662693277404	-1.7020662693277404	1.3880624815553875
11.173376828722429	-0.6635521120759275	-0.6635521120759275	0.39336862977750603
7.890305887738445	0.01389406971813021	0.01389406971813021	0.19626806418648177
3.2713482703931263	0.9856707609277239	0.9856707609277239	1.0279011342305073
12.130181286335656	0.25275499020943837	0.25275499020943837	0.17942490594600144
2.7322565805335244	0.1329204659832868	0.1329204659832868	1.0011221873568192
54.97035120570993	-6.510949709735097	-6.510949709735097	1.2319785325344954
9.492274413801498	0.054521315251922935	0.054521315251922935	0.8287745839142494
3.0933210569893097	0.4771070172201179	0.4771070172201179	0.5054940674633978
11.283962337938746	1.5562705684711808	1.5562705684711808	1.2252116077721502
7.775109795039095	1.892903656176003	1.892903656176003	0.7754692450936265
2.6776129414742735	-0.5882036518837463	-0.5882036518837463	1.5825022701177804
14.390761164076869	1.2712611954863722	1.2712611954863722	0.3951897788388323
8.312687676245618	0.10745673236000006	0.10745673236000006	0.41957458957107435
5.477582074123723	1.120587964916021	1.120587964916021	0.9670957861710694
9.553941216591552	0.25651290665581516	0.25651290665581516	1.182548101335593
23.003833570459854	-2.415595780849955	-2.415595780849955	1.173038835714782
10.534759350375717	0.6703427838757393	0.6703427838757393	0.8225088270284875
9.510999498688959	-0.4734107944039299	-0.4734107944039299	0.8808091305274458
12.149344383553876	-0.38615194988636053	-0.38615194988636053	0.32547470487771213
21.23217532942307	3.85638952152148	3.85638952152148	1.141663291260883
3.1117369471136263	0.8471385071920035	0.8471385071920035	1.226808141223429
9.314911172378864	2.35756978622243	2.35756978622243	1.219112381590756
6.188215189441571	1.7258190580298538	1.7258190580298538	1.014302307249405
3.979763348021455	-0.17933946765673978	-0.17933946765673978	1.261628764471102
13.751107127259534	-0.7736432199619918	-0.7736432199619918	0.7012218802716204
402.7943554789873	-22.76999277224689	-22.76999277224689	1.6585169177810484
20.04522773074492	1.946937718721606	1.946937718721606	0.3797554205205408
11.881011503439456	0.8978460411860518	0.8978460411860518	0.5258620554669132
3.862346871006693	-0.16844166460742546	-0.16844166460742546	0.2339202919787482
3.160604325195124	0.311001248307151	0.311001248307151	0.4121047977961738
3.299540532096992	0.7750367945051877	0.7750367945051877	0.7562011151427445
10.318154655443104	0.7770289627419676	0.7770289627419676	0.44404102434368103
4.3708421778002124	0.7898062966056956	0.7898062966056956	0.4502842903637849
5.978061880613844	1.1351658772299824	1.1351658772299824	0.8399912169284672
3.059580932768792	0.3035952113549619	0.3035952113549619	0.5065198958466314
5.139587826025428	0.26166963483981326	0.26166963483981326	1.2517835681923468
20.140863244475867	-2.2895515651704255	-2.2895515651704255	1.026543845137776
7.212317343655686	-0.4411836553090981	-0.4411836553090981	0.5880223335782678
11.765500920859573	2.007306607984007	2.007306607984007	0.5430582054530766
7.265576651535461	0.9809856919976111	0.9809856919976111	0.9108397020641873
8.58619868761766	-0.5398430237073126	-0.5398430237073126	0.7152951853116564
2.840454293658458	0.2956124172180362	0.2956124172180362	0.15385726738484062
15.469225919503842	0.040615382667544504	0.040615382667544504	0.6196059728601625
3.2170935193178245	0.10503070519473104	0.10503070519473104	0.47130071963309794
4.902744462125937	1.5121816267730794	1.5121816267730794	0.8798213466240375
5.220107445484545	-0.39832021105772786	-0.39832021105772786	0.3559965894335547
9.458578566960638	0.14873912096199696	0.14873912096199696	0.5445271813123681
4.988194697292103	-0.41251900328170715	-0.41251900328170715	0.3231479812659915
8.41344760266163	-0.6978905817824903	-0.6978905817824903	0.9185005479395789
21.33278647069613	1.781261211915613	1.781261211915613	0.8918007189834958
40.147491447461434	4.539066056645896	4.539066056645896	0.8369766651554571
25.167382282633685	1.4668240074964674	1.4668240074964674	0.37950014396966925
18.530852037542317	0.16160398549793256	0.16160398549793256	0.6958086439460073
3.956446743292648	-0.18322985321568205	-0.18322985321568205	0.2511420755868423
19.456746747897665	-0.5810546077072565	-0.5810546077072565	0.9128196358203633
4.765745120751922	-0.38032679029407856	-0.38032679029407856	0.49339829545946057
4.181903488048013	0.7905711662697571	0.7905711662697571	0.9452285466688318
2.6854669407119496	0.2264957493026384	0.2264957493026384	0.6796540616071869
4.865841641631875	0.6253497410860177	0.6253497410860177	0.9289109311974751
21.927435380502125	2.6832448725184883	2.6832448725184883	0.7774191209195865
11.91852477599658	0.5750584345222364	0.5750584345222364	0.899643045415113
10.739556696893327	-0.4273782518349006	-0.4273782518349006	0.3924805188253133
33.19570198935311	13.085005635598941	13.085005635598941	5.915150143047287
32.828190754705346	3.6594064214928794	3.6594064214928794	0.7445508072219502
13.293972620624452	3.033507281322807	3.033507281322807	1.1266633455347146
29.39693377628804	4.875490148112861	4.875490148112861	1.1665499798110672
40.32423166852095	6.545163214362035	6.545163214362035	1.4577635534049507
28.224485707738367	5.7487145600115745	5.7487145600115745	1.9356927945792324
19.686125179039955	2.8745429772433497	2.8745429772433497	1.9542764769190524
48.92129655790795	15.559132904838876	15.559132904838876	5.502843613291711
58.70589364295909	9.838702080854992	9.838702080854992	2.0496381655271647
91.92972359523728	16.214009681463136	16.214009681463136	3.895814967464039
176.82608012249096	37.343483172744136	37.343483172744136	8.642193470013895
89.30461917840752	17.394166280187857	17.394166280187857	3.8066988681535263
236.17898380728073	18.191987975022382	18.191987975022382	1.779193020438965
322.65492658236144	37.75834006834956	37.75834006834956	5.321551430233943
280.57351253670925	44.42920869508768	44.42920869508768	7.802102265023386
204.02625495613702	37.51592437119761	37.51592437119761	7.383138438431815
35.357288729888225	5.37897488097673	5.37897488097673	1.4172046369315574
31.58869399205277	4.76815252944528	4.76815252944528	1.6825565184891977
73.75652031197626	8.638964184250295	8.638964184250295	1.4964646276883775
37.83973947468675	14.09346515706522	14.09346515706522	8.813373936048352
24.317415490379446	5.660021037127701	5.660021037127701	2.1046716027527714
27.76959275200248	4.219110656310356	4.219110656310356	1.1487893507817062
31.722185461358492	8.079245462161252	8.079245462161252	2.517408481733564
29.055976127744177	6.1947022281953545	6.1947022281953545	1.7978125410703831
46.8927532229007	9.696134173191812	9.696134173191812	2.431625496324934
78.25326615633223	11.613094839157249	11.613094839157249	2.692974218906638
27.01267222521824	4.390588665254622	4.390588665254622	1.189882870310875
14.259194061694771	3.2733986389548946	3.2733986389548946	1.424758549867134
33.30908569914973	9.816298616855217	9.816298616855217	3.2878185319543505
40.921328231450964	10.067133474772831	10.067133474772831	3.526829058772288
49.87763862553484	20.74878164005315	20.74878164005315	9.64726567983581
39.18420929777081	8.641120346987789	8.641120346987789	2.2935897204130113
23.00993362827435	4.194511269998053	4.194511269998053	1.143996378055767
21.886463670373185	5.408787408883907	5.408787408883907	1.819367684025214
69.325285238446	17.200711847388114	17.200711847388114	4.768326359087524
19.49261369342372	3.7993166184724587	3.7993166184724587	1.1895316950611443
14.87073188708997	1.8312727887550853	1.8312727887550853	0.5044182989910395
12.836180446650598	1.3368497667204424	1.3368497667204424	0.5816046150111502
52.28528977131352	13.830934095013369	13.830934095013369	4.3672484652919055
23.932822064748894	11.390253443747566	11.390253443747566	7.786333560714504
2.152466001525445	0.0179280752627238	0.0179280752627238	0.3812441247173071
5.217069528681313	0.48151578360171227	0.48151578360171227	0.3301739690673697
5.034263646271836	0.34449496093643	0.34449496093643	0.2864680337996961
5.975899825345323	-0.8963596577258213	-0.8963596577258213	0.9345588464691144
8.105610402512433	-0.07045468693015214	-0.07045468693015214	1.0239258459587752
5.311652428248795	-1.3500732061074496	-1.3500732061074496	0.9264393876872552
21.697091906340063	4.079238187852406	4.079238187852406	2.5324668380538147
8.14849285723465	-2.655844216322735	-2.655844216322735	1.6295546702497636
8.889172643902194	-0.8937007258431988	-0.8937007258431988	0.6789476236837017
6.917528982234223	0.689156150350191	0.689156150350191	0.4233859958096963
16.385584104990645	-1.719671468046543	-1.719671468046543	1.146456396089131
9.199941872152165	0.6739547845681753	0.6739547845681753	0.5565875062654767
2.1199149295071344	0.40301056282084874	0.40301056282084874	1.0578553465103575
3.9845267104250905	0.12730184049950316	0.12730184049950316	0.47316493825748085
7.762593288408581	-1.0189423265685091	-1.0189423265685091	0.6095548433584885
5.503537359748061	-0.6250502563327762	-0.6250502563327762	2.399555654818613
3.1329844855499913	0.1636519517518713	0.1636519517518713	0.8593305499691175
12.280750004163787	3.4267612941210057	3.4267612941210057	5.943957010808334
8.126380424912933	1.8656399533458015	1.8656399533458015	1.706482554572288
20.295614919691804	4.3716893404339885	4.3716893404339885	1.7925992807087066
6.596541754331023	0.49721890355391396	0.49721890355391396	0.43933241545712853
26.205726941272175	5.143431838155831	5.143431838155831	1.4562504335253557
15.366592314373657	2.827562855053704	2.827562855053704	0.8030777819233553
10.895917451499296	1.1629344789849807	1.1629344789849807	0.5554121390647745
29.95898084469548	-2.798406507435851	-2.798406507435851	1.6054814036292373
12.246361703781073	-1.1404627054212242	-1.1404627054212242	0.5790727859936854
9.951620136278173	0.8934261553490742	0.8934261553490742	0.45882463982038313
14.146343200981153	3.0363443587684213	3.0363443587684213	1.3799897642731078
29.609976436615636	7.357727874612216	7.357727874612216	2.278596475012159
24.64441919838351	3.928707371607511	3.928707371607511	1.1498336576088235
26.838490279982864	4.7358723912949054	4.7358723912949054	1.2002738905989934
50.894125988457525	13.853484782273684	13.853484782273684	4.971744218249082
60.73504663592695	4.683532243074039	4.683532243074039	1.661969806985149
42.142217741109505	9.680350471037581	9.680350471037581	3.488621130305669
72.37867219017915	12.001476777423484	12.001476777423484	2.8950285938985925
58.855566543489104	9.532089529333582	9.532089529333582	1.7139635972944305
75.0911219995743	12.269357517315486	12.269357517315486	2.395603759662987
90.63517229835794	11.560976393263902	11.560976393263902	1.8642859503140523
16.276034034857094	3.8627493547032516	3.8627493547032516	1.5069940078010384
116.78639780904777	20.864404582939777	20.864404582939777	4.687664398136587
64.24358863469728	19.53935354785203	19.53935354785203	8.573336524993035
84.43202648807461	28.793983888784126	28.793983888784126	11.08631798219751
27.25881564065531	7.214783924107007	7.214783924107007	2.2940924835645147
67.88452289231162	11.850390020677292	11.850390020677292	2.5120933478606013
160.70221650309202	35.571286949127256	35.571286949127256	8.185275788919673
63.19925951077991	17.288959232522746	17.288959232522746	5.4235009380511165
27.50360837298812	7.274174280633334	7.274174280633334	2.339823278563915
61.13607852995794	20.261695759509802	20.261695759509802	7.193708885328468
86.69411444085762	17.31973396079891	17.31973396079891	4.49163845285425
145.16239006538447	37.59631170086376	37.59631170086376	10.418339534084586
45.06052565890197	9.719566465383334	9.719566465383334	2.653976806816946
72.54349461913105	15.273259536961532	15.273259536961532	3.540221161780146
128.28954637851285	25.631474744142054	25.631474744142054	6.687034126493126
78.69015959930678	19.100846667186605	19.100846667186605	5.312825046209135
59.146107948654645	6.710755067867561	6.710755067867561	3.126570597188699
82.47905335421164	10.050709444763875	10.050709444763875	1.8888041399410198
66.65412658525058	14.00478156027218	14.00478156027218	3.3966446659912277
19.773080502233423	2.6057948719306356	2.6057948719306356	0.8596870457372305
9.448298328304212	1.0517951758568929	1.0517951758568929	0.35036523755970517
10.071522474891164	0.6221276225171728	0.6221276225171728	1.049222710400256
11.118576425497865	0.8206251382490435	0.8206251382490435	0.5626289213136434
9.379432467214917	0.34160351320807814	0.34160351320807814	0.4042995588980834
8.041817799504706	-0.19378465443173606	-0.19378465443173606	0.27923755239830195
3.2505058438158727	0.8816271362891732	0.8816271362891732	0.5812858450424208
8.06786808609233	0.0002958686249702072	0.0002958686249702072	0.4789870309714773
7.036279793860803	1.32303356211081	1.32303356211081	0.753974934207382
4.160588283336873	0.06114654182493318	0.06114654182493318	0.3163247418333726
4.74260671620725	0.7126133204846244	0.7126133204846244	0.48812236611248266
9.273807143842479	0.40127774627145274	0.40127774627145274	0.5474008128355009
5.920131645502789	-0.001937379030097382	-0.001937379030097382	0.4278295495663048
16.194706557465075	-1.1905437625179582	-1.1905437625179582	0.520272013357386
7.460658308452847	-1.2564551856577753	-1.2564551856577753	0.7616465956960917
3.6505032218122553	0.011586118507426062	0.011586118507426062	0.6821953571239707
4.783901599310153	0.449336461817704	0.449336461817704	0.5439067962503763
10.62480872576058	-3.577413049942243	-3.577413049942243	2.3319470254831938
3.75742526912163	-0.06495559056989442	-0.06495559056989442	0.28893868621237145
10.88615018062193	0.8465403682959279	0.8465403682959279	0.36890647038685115
2.2945296595524005	0.19173996603447663	0.19173996603447663	0.8073186443965692
2.9300371667357603	-0.33837648196520553	-0.33837648196520553	0.5622562815117877
2.98323733333947	0.2954558695854348	0.2954558695854348	0.3949724291564806
25.87403602585639	0.19602182993476047	0.19602182993476047	0.42210200407994575
5.4142944253968	0.5562210756836995	0.5562210756836995	0.9890580039743887
4.252494315979717	0.7152409162612888	0.7152409162612888	0.5446801239503763
16.202317013762684	1.660769879971491	1.660769879971491	1.4246313254901748
3.9076541216588043	1.172980667265004	1.172980667265004	1.0272911486406506
4.534960858806557	0.21957082191772853	0.21957082191772853	0.37735630274382964
5.134229969485274	0.4067633042597127	0.4067633042597127	0.43513146761834576
11.465470619760127	0.7457283132097202	0.7457283132097202	0.40672344223266405
47.05407621813777	13.606311601368978	13.606311601368978	4.352351251683822
9.989129112039889	8.082817437586616	8.082817437586616	10.106536247703401
19.09511795493492	4.329655244705618	4.329655244705618	2.0341388367790683
6.7160738393038715	-0.36803550267660656	-0.36803550267660656	0.4610806116220548
5.697618525249418	-0.9292741960973594	-0.9292741960973594	1.7438544189136582
7.66521558587876	2.169443499580498	2.169443499580498	2.036667719780974
19.00116956171416	1.630663743811785	1.630663743811785	1.0229000018898995
8.227943581837987	-0.49685931909106446	-0.49685931909106446	0.5122914264407865
7.081187646133619	1.9543771915621142	1.9543771915621142	1.0582868958553264
5.3924514905965735	0.5227632140290099	0.5227632140290099	0.41644026045688604
15.437085710864334	-0.7555079579500632	-0.7555079579500632	0.23352098281357828
24.875608530824614	-0.8404594253241747	-0.8404594253241747	0.637370988177339
9.074379714293222	1.5405473147798279	1.5405473147798279	0.9946201197223951
7.150410076940338	0.8628165389322564	0.8628165389322564	0.3034605326003183
7.284737645769134	-0.5294064895524543	-0.5294064895524543	0.7877414890179807
8.900319080943513	-0.5740112576698918	-0.5740112576698918	0.38592849491195286
5.4106966893059525	0.8066655947498305	0.8066655947498305	1.209116851740163
5.267173780236452	0.6939484705527715	0.6939484705527715	0.7503709358801742
2.71119552790906	1.1322913635349028	1.1322913635349028	1.434175535167213
6.728641390876686	0.045793214338339286	0.045793214338339286	0.9124949592202963
6.65332080013144	0.16135137473959474	0.16135137473959474	0.4905656704903477
8.089376941138225	-0.4075167799685397	-0.4075167799685397	0.3016868514780238
9.395074982954053	0.05408137529166352	0.05408137529166352	0.3526372691135713
12.59376038637338	-0.4375617917232757	-0.4375617917232757	0.4071506215650104
8.34182620189768	0.9761299906251916	0.9761299906251916	0.2733727681125471
7.3181031912286505	0.09831891251500692	0.09831891251500692	1.239702722726207
3.38036168601336	0.1469589552367019	0.1469589552367019	0.674342735311893
7.921975014894665	-1.0893404952933066	-1.0893404952933066	0.7819859387118586
6.111953214670155	1.3635949905670153	1.3635949905670153	0.5453307583211694
7.395145930572184	1.7794855199262738	1.7794855199262738	1.3994786117006255
9.141464641157764	-0.017770880999249627	-0.017770880999249627	0.6183969070708756
4.763085478084751	-0.027159382860203557	-0.027159382860203557	0.3525346928761636
14.659667492981065	-1.7813225119481806	-1.7813225119481806	1.7284928065968639
5.246686208950232	1.3388497081318316	1.3388497081318316	0.8492507157017511
8.240748646932188	1.9307799829593013	1.9307799829593013	1.911857818479573
16.232360548864797	4.791600641942717	4.791600641942717	2.6188389099705636
8.289014002874305	-0.7068204353246044	-0.7068204353246044	0.7337881791261666
15.637576731577338	0.329182981417226	0.329182981417226	0.5839140941048226
5.082235598023768	0.8500478051524847	0.8500478051524847	0.5747336965936565
12.174032077711253	0.36810198892328555	0.36810198892328555	0.4489568060883104
7.281729468353321	2.516513110589605	2.516513110589605	1.4511002293033208
2.6876589926726053	0.0499761449589754	0.0499761449589754	0.6649979951141121
6.392619077661992	-0.7190797317772606	-0.7190797317772606	1.7267862218243162
4.729018906880551	0.47181247377164637	0.47181247377164637	0.6352616452018744
2.9106429268402367	-0.005727775441384318	-0.005727775441384318	0.5282678538095227
9.98761736850788	1.5372129336105882	1.5372129336105882	0.5964720684438259
10.37997612895403	0.8912664487018308	0.8912664487018308	0.8300159715722071
8.008497999271075	0.02019972785491815	0.02019972785491815	0.8276743519640388
4.780886178001087	0.38267091901826067	0.38267091901826067	0.7427725797226669
4.49939262079433	1.0543432111575726	1.0543432111575726	0.7283392076857576
8.374063386975362	-0.6335453463346763	-0.6335453463346763	0.2872963557938581
2.687589950348741	0.06465055879509762	0.06465055879509762	0.6442987286037438
22.245213447809004	2.4416005922648845	2.4416005922648845	0.9534649958419148
30.255374293524667	-5.573167570406365	-5.573167570406365	1.7430735858171014
7.330330876311304	-2.0778547750860645	-2.0778547750860645	1.9785453412278922
4.242754321952551	1.1183040111179874	1.1183040111179874	1.7066413433019174
12.053302442951797	3.24525524765468	3.24525524765468	2.227977805543965
38.79990666360912	3.7896628502267915	3.7896628502267915	0.9026597347388965
2.6817337619587813	0.45640289659447925	0.45640289659447925	1.0016668859633984
5.045842199902056	0.49866088836753386	0.49866088836753386	0.7708252781378434
4.386476956243791	-1.1888158409141616	-1.1888158409141616	1.7664906770002073
5.083216982836276	1.0812452579745842	1.0812452579745842	0.7333365756179681
45.49975350063035	4.863989212882417	4.863989212882417	1.1683177567458187
7.740570298743958	-4.154012408196667	-4.154012408196667	5.36547423033545
19.292201605371744	4.140319216849495	4.140319216849495	2.57391952797775
7.779419306667312	-0.3134794900802259	-0.3134794900802259	0.4958475212858629
22.747559936805914	-6.911275543977501	-6.911275543977501	4.050142815718601
13.427015763451877	-2.3398861324999567	-2.3398861324999567	1.806357362945269
7.65560502819786	-0.4589515232765093	-0.4589515232765093	0.7285447917577477
2.2181253405807877	0.4092563547840338	0.4092563547840338	0.6268747788428728
10.112879762069552	2.451819496843713	2.451819496843713	1.1357490225095075
4.9135738989807045	1.4969702655784147	1.4969702655784147	1.0172311782105372
24.388968941838638	-1.810708593702682	-1.810708593702682	2.230135230512643
17.944284706171203	4.5641643779365	4.5641643779365	2.138301751669686
11.281030477273175	0.320863806835603	0.320863806835603	0.7407543125271031
15.382157877364477	-0.6316147199521149	-0.6316147199521149	1.0888814259516304
73.52581950826126	16.03998781224248	16.03998781224248	3.824872672247532
25.91136004654939	4.663184161097972	4.663184161097972	1.5847424389741753
70.3099358736481	14.012234829522088	14.012234829522088	3.2275465329291833
80.43483415062053	24.074571410801376	24.074571410801376	7.547387257424387
35.399881797132664	10.588097650168375	10.588097650168375	4.561810154432696
15.838546238619402	4.641765262387381	4.641765262387381	2.0576570417704447
24.798337492031116	6.939622312575052	6.939622312575052	2.411518101482199
19.32102895317421	6.214983417052412	6.214983417052412	2.548033634577786
25.60739541824705	4.510733134173187	4.510733134173187	1.979048249393083
42.63383816621326	5.470881824313092	5.470881824313092	1.1696047096532718
99.86889081242005	13.960860821689636	13.960860821689636	2.6166469377390347
42.941809338487666	10.22879402424893	10.22879402424893	2.8101362861389547
35.21579979846574	4.4559282068078625	4.4559282068078625	1.5700703767492445
23.348687998859944	3.642498386770758	3.642498386770758	1.0596300037000799
27.895360672713682	6.289531329469676	6.289531329469676	1.7021922492582104
21.45378713876213	4.288669219818403	4.288669219818403	1.1230854757989703
28.385378011079673	4.11096157520942	4.11096157520942	0.9325463510861836
43.171610418921375	5.294370352246279	5.294370352246279	1.0817036658009231
27.731931867633524	7.019085912272067	7.019085912272067	2.507864789670495
22.327210891959595	5.8084240314271725	5.8084240314271725	1.8096321825616768
155.07375645641227	54.85376859167655	54.85376859167655	20.25252264618355
84.85477635196422	22.59496308794183	22.59496308794183	6.652131068560242
105.49452659289405	30.355371769430032	30.355371769430032	9.668904941244527
98.27557178985758	31.38475085080263	31.38475085080263	10.899360523069417
93.50245183289178	30.57248272715653	30.57248272715653	12.237008940116429
19.601910816976353	4.682090341032177	4.682090341032177	1.6687817471133237
31.955688103964853	2.2519253096487715	2.2519253096487715	0.5862366180450116
24.064442156800425	5.115975372661386	5.115975372661386	1.745349243304454
36.09022141588804	12.31382849648154	12.31382849648154	4.737729477814543
23.705363476861535	4.781663368234269	4.781663368234269	1.7666959242851836
16.44136649034334	2.3321239178566233	2.3321239178566233	1.1141410759910453
60.98412708028147	12.497638615240724	12.497638615240724	2.932311391208601
12.364356376914062	3.728050577262026	3.728050577262026	1.5791720034569208
62.28140317796792	20.917472807726263	20.917472807726263	7.659754520148787
30.720256348601648	5.973218248993566	5.973218248993566	1.8268886992660252
65.1614415031364	15.791029599791552	15.791029599791552	4.253105163239248
36.928258950960185	6.181255870108534	6.181255870108534	1.7455631336877762
18.57119223735933	3.715424180047969	3.715424180047969	1.4479230777349439
15.009847920076705	4.802572347399135	4.802572347399135	1.798766826079808
20.900728773309652	3.6647862364328336	3.6647862364328336	1.3845800757103839
28.070342313900248	5.886086888001725	5.886086888001725	1.6639909801258317
23.919124735011806	8.072973193401277	8.072973193401277	4.028123504009295
31.952453536858773	7.468819117414757	7.468819117414757	2.2303387380091313
18.33566777815969	2.970070197002982	2.970070197002982	1.0170444418277844
6.883601284025512	1.1295949080209506	1.1295949080209506	0.9944329084556743
31.341924906726977	8.834215348209948	8.834215348209948	3.4382171160240507
6.963331184123327	1.2577633580844332	1.2577633580844332	0.9329572420876286
12.8098313978514	0.17287050559464606	0.17287050559464606	2.413209490297386
14.241733059293423	5.133904364752238	5.133904364752238	3.430820315591508
4.944047446002567	1.2420998380620016	1.2420998380620016	0.8833599925836112
3.9192895606060874	0.02534622111757125	0.02534622111757125	1.2196220520445795
2.423308938561341	0.3302029871474783	0.3302029871474783	0.6993884014902375
12.923266769104666	-0.44573120835895474	-0.44573120835895474	0.38061412914874176
15.644520130665578	1.8075849116594407	1.8075849116594407	0.8631342371738533
7.054809838366667	-1.3804769580461378	-1.3804769580461378	1.393846029597856
13.832248172379725	0.5802895768907927	0.5802895768907927	0.40522579269292264
7.501320353872139	0.3850277600919767	0.3850277600919767	0.2516150394617346
16.950636676617457	1.4017959969962477	1.4017959969962477	0.32311253632537174
7.327254635360248	0.35447037527830855	0.35447037527830855	0.7272751690284496
13.401619013098395	-1.1221982551001985	-1.1221982551001985	0.9431778196764583
15.654651762867292	1.4040357838144473	1.4040357838144473	0.8164826056751838
8.809622816762703	0.7665343141753681	0.7665343141753681	1.064216722760415
8.358820960031814	1.8085943397989022	1.8085943397989022	0.6034119231337397
17.082302533324725	-1.3742841510861676	-1.3742841510861676	1.1800850116119046
34.466702262421876	-7.245702698863761	-7.245702698863761	2.21871402542536
31.06245101599598	1.3613972708546256	1.3613972708546256	1.511387545225482
12.242592541659732	-0.7314006854624416	-0.7314006854624416	0.48513964528681663
5.530650078584402	-0.49322175252797607	-0.49322175252797607	0.3027852754385771
7.9828703197011555	1.3149284753705222	1.3149284753705222	0.5539786397550206
24.28172420603618	3.257529843595117	3.257529843595117	1.5018015872597748
17.245010795983482	4.433272237212941	4.433272237212941	1.877198130313337
13.90578389883015	4.034617827285606	4.034617827285606	1.7428067480458158
49.52037521514206	10.465590667473712	10.465590667473712	3.143606196249581
22.366987697446877	2.477978725663818	2.477978725663818	1.7995026268351728
21.026205710191824	4.423672772348676	4.423672772348676	1.8650631854193922
28.13374536744142	5.434054671748563	5.434054671748563	2.256530939001848
55.5494081353318	12.992261269939384	12.992261269939384	3.7105516260967275
36.48480397341643	5.23716544780263	5.23716544780263	1.5519797190033569
46.266939320851094	11.267898284849082	11.267898284849082	3.244216799689434
39.44780569042249	8.281313119436561	8.281313119436561	2.224001976554524
92.50725590216051	27.388733302406802	27.388733302406802	8.963329544554298
56.242839012180845	14.447724055928722	14.447724055928722	4.479855929178527
160.58440421343164	30.415458059993288	30.415458059993288	8.179116122807285
68.0141068523517	13.931127478617398	13.931127478617398	3.2219355557007012
53.3323210703518	14.389917946922262	14.389917946922262	7.084165878044531
45.857242727688686	7.975021581369284	7.975021581369284	2.2546357779202
20.583213619220704	4.470922862307979	4.470922862307979	1.5206768119460181
41.26354312159464	6.444089781938475	6.444089781938475	2.4496120739109943
81.20643141494482	2.1507863500364746	2.1507863500364746	1.3998806562495494
44.49888703644603	4.874508891866703	4.874508891866703	2.0065322686684235
68.57903388212286	-5.436662880994851	-5.436662880994851	1.7308224767538058
49.25880260885543	3.916392644332272	3.916392644332272	1.4116778057888009
96.29591163211774	-1.7369643398129333	-1.7369643398129333	0.45153597262671513
43.38838967109963	7.697118047027903	7.697118047027903	1.6753254247864497
85.11909717194362	1.8320997534885788	1.8320997534885788	0.5625787655992506
48.91507460812743	1.4900995569835398	1.4900995569835398	1.8123643130581168
25.263148335405937	-2.9635530331782305	-2.9635530331782305	3.429933007854492
23.144855459069706	-1.6148017269438064	-1.6148017269438064	0.6878747093376302
11.912130296780179	-0.87059317496817	-0.87059317496817	2.151442866830062
20.594848183821572	2.2868332231739714	2.2868332231739714	2.4000535510804113
3.741219739313012	0.7071603027029307	0.7071603027029307	0.8831221281043945
4.729789853411379	0.044407229789647264	0.044407229789647264	0.4306108954706393
3.0410251092367053	-0.51620250155942	-0.51620250155942	0.5057972730728529
6.00162144847075	0.5775538107753464	0.5775538107753464	0.6166434811900027
21.06320140678802	2.0119575191532832	2.0119575191532832	0.9655726552612433
13.338974475744122	1.6089060115256317	1.6089060115256317	0.7691528867492947
8.152119640072868	0.5686336563910414	0.5686336563910414	0.7114866925304727
7.268486578245281	-1.7285691118754718	-1.7285691118754718	2.414305814885256
46.51708537763986	-3.6565120821707366	-3.6565120821707366	1.0298399405157577
50.5173921617145	3.832028451693049	3.832028451693049	0.6948534940621308
12.076046829175226	1.3327542694943848	1.3327542694943848	0.9204603434429626
3.034495681405989	-0.16865391665320056	-0.16865391665320056	0.3169624517584326
16.695834419333117	-1.7918335837312767	-1.7918335837312767	1.027611826414368
9.484411864597941	0.9232625763395547	0.9232625763395547	0.6486085420272643
14.205622024043185	-0.6506801806561272	-0.6506801806561272	0.3645603752112388
12.798958498996049	1.9877210363397828	1.9877210363397828	1.0348768307558809
8.364832126107425	1.1266756003020175	1.1266756003020175	0.35064837911053043
