x1	x2	x3	x4	x5
2.626201721758181	0	-1.8838232920646536	0	0
1.007586472402802	-.4334129378941913	1.4278917459675748	1.3551603197219633	0
1.0908828451777373	0	0	0	.6705132453637553
1.839059497431632	0	0	0	0
0	0	0	0	2.2690258815154514
0	0	0	0	.6872508512564488
0	.0458517339277954	0	.10014208886108003	-.3783188766563977
-.3677512706805352	.5461001458118006	0	0	0
-.26863593287450316	.2010375164052257	-.5064891051722185	.09153024420771422	-.9563230876268194
-.7408590911647551	0	-.6767537608524227	-1.0488527955256097	-.5711115700578381
.1977211423257138	0	-.6261726037166188	0	0
0	.7849167281566699	-1.9064035664625283	.3227283384563403	0
0	.04922224798483721	-1.8576654605218077	0	0
1.1845471582001157	1.0606236865790957	0	-1.249628357520635	.19641178153262853
.8096014304125484	.9968045065284911	0	0	0
.399287825489615	-.4668613529019213	0	0	-.21188196707983997
0	0	-.10669808390019016	-.20068008244157848	0
0	0	0	0	0
.7382064639761181	0	0	0	0
-.3307791985863792	0	0	0	0
.2992043574925618	0	.6281535588052909	-.6346006772465049	0
0	.4068880428356315	.1655840908168797	0	0
0	0	0	0	0
-.7917968889287562	-.014639395929897991	-.5644198255262184	.39713223055492836	0
0	-2.0844117262146096	-.9204352417117425	0	-.061751854715379716
0	-2.9354875044182993	-.34459247439992213	0	0
0	-.7546425313706319	0	.22437494608153197	.39879940028662636
0	-1.0534173818089951	0	.003656486227358813	0
.8826722893743848	-.7392108513728074	.009982135737159786	-.14538101036299045	.21643902277650595
0	0	-.11322684279008022	.2930696665064512	.33926959018950814
0	.052824227734239254	0	-.31069238061708027	.16933224663856902
0	0	-.5568410115448855	0	-.20568536722847924
.04835149306224118	0	-.19889167584878054	.195639022674077	.42819222501554344
-.5833168830804489	0	.8393692682780952	0	0
-.634074230255183	-.07835741301360294	0	.2014127535136742	.10411528896501447
.2829291846136926	.2800088897417251	.5739369995917117	0	-.13725872492949112
0	0	0	1.0240346169807786	0
0	0	0	0	0
.35423070792920636	0	0	.2882882824131595	-.5962582897514485
0	0	0	0	1.3783535264002416
0	0	0	0	0
0	0	0	0	0
.3901672056164284	0	0	0	.5776705694248563
2.82247106905934	1.0484087450252584	.33970271375947714	-1.548586767197446	.9541232597427599
3.039129601314221	-.11538389037413893	-.24163528035627435	0	-1.858111165131862
1.2963448221703595	-1.0785562203367245	0	.7059867894298023	-.33781460000324876
1.1770248503012868	-.9633606753415009	.5057962867590368	-.44865222049394415	1.1166788540865464
0	0	0	0	.007252784610735363
0	0	-.1787491099335185	0	.5430115492809521
0	0	.5069897825671273	0	0
0	-1.024404459252424	-.759957446781079	0	0
3.0828032527828064	.7519803693780845	-2.0192525321657597	-.8073745562966284	0
2.0757298064845546	.4368362694509971	-2.58571503033554	0	-2.2840386471479985
1.863580684323415	0	-3.2953614493292944	.9357455967615842	-2.7946764580120633
1.0199990060643942	0	-2.0346518629171895	2.588163048812727	-1.8140712509274959
2.730922044059568	.8186963324339822	-2.67733743948335	1.8581679127721706	-.6766775983515695
1.4155322978083942	.7785134724728764	-3.251166125811855	2.4161019110036865	-1.0272783475324652
1.1931357703490968	.8974225818717342	-2.162107186022421	3.9893990203572733	-2.2306860890477602
1.3549076531204143	1.043081100900245	-1.132795520146881	0	-.9242749072544472
.10279521305128647	.9790415886950118	-2.9027051750082418	2.9717595455650585	-.6779930910109042
0	1.0455180811840483	-4.298780797357978	4.744882255111565	.014688899970159569
0	1.474975633218246	-3.212033158676108	4.681609288804818	0
0	1.5809251642510926	-2.2436674144223323	5.120679574740058	0
-.272409803785809	2.540717193732751	-1.0939561354539187	5.620364813425165	0
-.8580956592144929	2.5287807628221124	-1.9535296534453028	6.83074429017841	0
.7903339615420176	.8646579731186446	-1.4621632934335522	5.5622245822872	-1.1968006693984499
.4134685298348134	.0696584822639813	-2.5463813962361823	3.1224123017075076	-.7417675776809898
0	.9195384900751814	-2.499285092357977	4.821713261815117	0
0	1.3036480175512482	-3.0364694981298337	3.245508165012327	0
0	1.1398212665678908	-3.3020752681545558	2.3488959888052943	-2.8367697566662207
0	3.441796049204537	-1.2460801708033487	1.7523439629018422	-2.669770867888542
1.8156350729538915	2.6140495179247947	-1.5350367365716884	0	-1.142192445440536
1.480416317821489	2.10596997339118	-1.1704552664633483	1.388883563118156	-1.8541456999240922
.7158511228395473	3.295330647127236	-1.5904875062993376	1.2629063629998651	-1.2462463166650801
-.35071985296256086	2.1578157317762567	0	.24597593676614582	0
0	2.8074051454539735	0	0	0
-.05370280556518481	3.107698624444337	0	.14216474128891093	-.05707516189003411
1.623831299644037	4.70792251559988	-.9849875919087215	1.8337641203680637	0
1.0440094811873188	2.739848249332253	-1.1809410006099266	1.9419653049269205	.009029630847448122
1.5588400105042934	3.034209238762399	-2.4962124547838576	1.8298803890328126	1.0494460121164395
.975030532377847	3.446483888586475	-1.8678035102719304	1.1237170678232613	-.5395874526245252
.8543813641331335	1.2992842458715441	-2.5893789947331385	.2745326485786538	-.8655387105490862
1.1242713654855563	1.0947155232696775	-3.107045243639497	0	0
1.6721602475192991	.8954497411791471	-1.0949820389856932	.37117581597847993	-.39111998117845437
1.551849444846521	.9844738933687275	-1.272052926885989	1.6593290165418526	-3.179666766541401
1.9408447909036108	.33140671477453876	-.6389758110247674	1.248844299408202	-4.598493055088898
1.2326634263761234	0	-1.599913646342191	1.363971568883379	-1.6495763656834777
0	-.06587073971513735	-.3109231755018125	-.3820429098369754	-1.7806712625912358
.4825210472037572	-1.5089047447222548	.2618398191560475	.010827282232057117	-1.5385427750734504
0	.8146951356276457	0	0	0
1.010806080624162	1.243078319649808	1.0703417094103014	0	.7937344782281582
0	1.3917072665449375	1.123966508095459	0	1.763135554020999
.43184272355089137	.7705947872590109	0	1.4475438166222185	0
.7897376841789789	.5091641000038906	-.48877988623674473	-.30187055242988764	0
.1833554225538097	.6283828741163656	0	-.4571968689249899	0
.9010201827342093	0	0	-1.795697882013231	0
0	.6862610224759671	-.43402443354777676	0	-.05420960809356104
-.6810535306493242	.8631937321601059	0	1.1393287077911212	0
0	0	-.010115621933941665	-.0484040969395206	-1.1547916564662977
0	-.10867680310628974	0	.4442168873580463	0
0	0	-.06963360092206872	-.8015726280523172	-.5681909904238146
.7667358096745	0	-.37023566627172344	0	.036182179691443744
-.13134513196867778	0	.3186470714195447	-1.507693485584193	0
0	0	.4560762643115538	0	-.42365680946355544
0	0	0	.04254688921893669	0
0	0	-1.4699084888910123	0	0
0	0	.27683833267601277	1.0299678515242368	-1.6240190150798097
0	0	0	-.9696555460853287	0
0	0	-.046558781451916054	.8287512177881377	0
0	0	0	0	-.12505112732244136
.4581339357659563	.2647958461858075	-.09120542945738727	-.68630331947083	-.08749202330100811
-.49727070486650904	-.10195925248847475	0	.05253763163473729	0
0	1.1684811164601172	.07049075914545398	.933686434496933	0
0	1.3098746821032192	0	3.3854009798794324	0
0	2.5188289603560574	-.9207130918787308	3.5531728838575343	-.9095828286129539
0	4.061293161044207	0	3.8634269502154144	0
0	4.502078476966056	0	3.515624480759894	0
0	2.1765395798839187	-.6165189236490735	.26963911577563504	-.12371635534582937
.881041674355165	.8842603831469369	0	1.3723656602162488	-.4967276442376104
1.8263214405045716	1.9471393378288588	-.7444343187285999	0	-1.6609793170652096
1.4449901262613136	1.6034978314592074	0	0	-2.51130292386076
3.3782411231922693	3.1923133751255475	.757393527131719	-.9716683421307193	-1.5315236237394159
2.8684842841702776	3.167250657680091	0	.4795123823358774	0
2.8624358197926556	2.0403222641632324	0	0	-2.082335827210214
2.1881050295172146	2.46521510138601	-.7601550106924461	0	.193049784590425
2.567459637297779	1.9033630050661103	-.4242224432947507	.5324348830876301	-2.1036215500992617
1.9692165643686779	1.6244077095742113	-.30151318738457594	1.2314779693921432	-1.6319561373804132
2.96296766432375	3.00733039902547	-.7087602390427412	-.36284200305757447	-.37639612631632424
2.2415149103127745	1.9375411991818163	-.37566095928446236	0	-2.2847436978483326
1.9900872427400444	.9566684459782606	-1.4420487368159485	1.8644290120887017	-2.125626077024107
1.3520092537968318	1.663749705137125	-.5240876374987098	4.13146267400366	-.7339745070134696
1.6520972857694087	2.2598104297053343	-.8008001805839657	1.3370009263163984	-2.6386680547580847
2.8229928480404647	1.6111773611483464	.039827280410114074	-.5558343970077364	0
1.071842468743329	.8836724702055981	0	-1.320100564673377	0
-.33086514663334843	1.4231499989372882	.4241083891329976	0	-.1744118938731744
0	1.1460060724090437	0	.26316678252197895	0
0	0	.1111161807898236	.1131054847376533	0
0	0	0	-.4148766675372525	1.4152186591086147
0	-.47726613366346077	.31228854187452	0	-.619949595322707
-2.084491937528281	-.8352736012257802	0	.31687492119952476	-.3998631375954126
-.14793227525176877	-.16236228741225117	0	.25550117725452226	-1.5810230706675545
.8098029862031384	0	-.22873530373798617	0	-.9565809762947637
0	0	-1.290564111364798	0	0
0	1.036353816288191	-.2377741018478256	1.3041335366139986	0
0	1.0518394397348398	-.7361228692834263	-.5211627525824348	0
0	0	.042312842127768646	.3357700748302923	-.3967791473266267
-.8445430648958154	0	0	0	0
0	-.12931561240560538	-.5230587134994334	-1.2519569767622187	-1.4215826363652422
0	.044889404252343	-.3508293098646022	.7929338321235374	-2.4581251015584984
-.2590018280815827	.4493631381656855	.42232978776159996	.5345494477043212	-1.1509574997310823
-.46115802565766795	1.4194785285003308	.3060893401336635	.33039499509918746	-1.5571605937901523
0	1.0433595708912424	-.3392227498949979	.8282158220111084	-3.4337335649350975
1.5289256749497522	0	-1.4488304408572805	-.1356194707004696	-1.9406848681693352
.809003224734562	.5385072152013433	-1.5414539216698075	-.1034481972298874	0
1.063660040024463	1.4090134364771967	.619423876691146	1.1912686046523198	0
0	1.5077129685360102	-1.074756743371049	0	1.7810750393674772
.18892415840097437	.3925868525601538	-.552571688899638	0	-.5025864646434578
.524603050349459	.7957612266932259	0	0	-.6712182016787276
1.8904405178740809	.7920196547181748	0	1.65004395138331	-1.7892722377390484
2.0737983550911046	1.1371598644670393	.8769954297383371	.8922099335263892	-1.2015115644186456
.8120945307831209	0	0	1.4816393245918063	-1.6573311978782852
0	0	-.6532942935653803	-.05388233768321865	.018153808695378137
0	0	0	-.795193000553676	.27178742614216556
0	1.2356419336256885	-.857961493222615	0	-.8273969962612289
-.7731966784785491	.4479331006742736	-1.2307684356030266	-.19719695659436048	0
-.5860120190660515	-.7612500751172949	-.5609796322343682	.27384712063062844	-.8356510424259301
-1.8962118048138603	0	.9074283363468947	0	.21521573092362528
-1.4911307397774614	.058265128455316444	1.9947125011569737	-.11924104426011217	-.9821519107597978
-2.90517730410751	0	0	0	-2.6978264226555524
.12530374867776128	1.1748674366747636	0	.6796043759607959	-1.110908507539851
-.4208256708364788	2.899158132090636	.25040934359594874	0	.45588271099407157
0	1.6421332935349655	0	0	0
0	1.7145226174150165	0	0	0
0	0	-.6479623959192055	0	0
0	0	0	0	2.1834680026764457
0	1.7121893760416298	.5659137642655817	0	-1.2089876263722643
0	2.2667273840352284	0	-.9132663153863747	0
0	2.9396822390869204	0	0	0
0	1.7970000681328795	0	0	-.31347301542338
.32449028813476705	1.3496782910083684	-.2745251839596534	.2793965980230774	-.999721888026039
-.22738538016039472	3.155917118961204	-1.3433605879799537	-1.4385019718599594	1.1177812393739766
.09658346749367808	3.5993389267961167	-1.0716853377012274	-3.8431912013818366	0
-.09618896877481531	2.6778634176035876	-.7739972553022395	-3.185504857161427	.08362773162114923
.9080901460727929	2.154518589801765	-1.740419044511856	-1.9343522372063733	.44837307938528415
0	2.0774698410225207	-.5691470984230325	1.1820422633160417	-1.3978130027223825
2.2886185386685467	2.6535220871920564	0	0	.9014643291242616
1.9258385016155541	3.463174412750394	.23208201609444412	0	-.8322487427064884
2.174319967804623	3.4924240928969503	0	0	-1.6846408139798843
2.4402498802737047	3.344430487994698	-.9210219306629014	.2554555521473492	-2.524361012373816
2.069977226120444	3.8604381012075155	-1.5014390139974285	0	-1.9087308190174137
.9274044208828585	2.641909588071494	-4.603303647036097	0	0
.38580291015864465	3.879457142384946	-2.901567826772791	1.925394732152013	0
0	4.262670187729388	-2.290994211833043	3.3121340739940828	1.1579751987453628
0	4.087159353914324	-.9819925690651101	1.3185974593807128	0
2.0529025647981767	4.604499111557031	-.6913436833110274	-2.3257617223606974	.7294944432592643
1.2744963140128853	5.918592552672353	-1.3789579452407208	.09097626362686095	1.8088635438896963
0	4.11976175992248	-.36618354459408575	2.021576805000059	-3.6389773141844897
0	4.402215764923771	0	0	-2.7792497302714443
0	3.922575272914378	.2807172051524366	2.64864600686522	-2.0930879459550007
-.2780246185983154	5.477361246123762	0	1.3978650059907942	1.7324843945571633
0	4.6872314550564145	0	3.9063261659172936	0
0	3.995589350805173	-.12566254419843426	0	-.21429859329198928
2.061568688749538	3.1966043083874034	-1.095636018902423	.11289891049298459	-.5980270597002872
1.3693665360920786	4.318777850367685	-.7902211081317206	.4622080874386756	0
1.7052260595536903	4.263146197343456	-2.0437448530710594	-1.068201216752648	1.7216154086387707
4.2367498293093035	2.3094457533754698	-3.2811523727155834	-1.4699396186036762	0
1.6556547415200458	1.0464978561193032	-2.4804205556870835	0	-1.6427355806597306
0	2.8036139603394092	0	2.4207805945881815	-3.9668719297387462
0	2.7607401056814553	0	2.732398224662048	-5.826582565658963
0	3.0289416271846537	0	3.188089186515217	-4.297355535035251
0	2.2091622297710733	0	2.938868131570344	-3.689890436989499
-.3475233169317833	2.519639883108966	0	4.024213096227671	-3.436348053143629
-.12709441296561894	2.2467379846120688	0	5.162314313345951	-2.778485550501357
-.06191535901200301	1.7610010473276028	0	3.0963175844355875	-1.714147355973537
-.08478619428361123	1.4803069677895184	.758677324204815	3.21093409634646	-2.1757110177529455
0	2.5851736004867054	0	4.8676678934577335	-1.9186666463677007
.22723688561322725	2.554805073078039	-.16110447278838808	4.642106731497736	-1.7582969140575828
-.4947373615090588	2.6506709942955395	-1.4226230503104755	3.682707699562931	0
1.1635842567144723	1.3319403832566241	-2.298147179725579	0	0
1.2950747675887837	0	-2.169122347120186	.4727107495498264	0
-.7846105118138066	-.45574454488873484	0	.2275763527377369	0
0	.705080849335807	1.3894318249537487	0	-.38486353901277043
0	.9789477868814677	0	1.3237625893195122	1.1540178358195599
-1.0342570178939454	1.6535213710682575	-.6772655679168766	.648287736190255	-.9031971571546136
-.1698861004214105	1.0403199190089454	-1.448594565574251	0	0
-.1636837768233498	0	-2.8372281172451146	-.6435307105568479	0
0	0	-.2271690049485563	0	0
.3353265422823293	0	0	0	0
0	.20003846122561192	0	1.1376178093714837	0
0	0	0	0	0
1.5327471021645886	0	0	0	.23043840222991258
0	.3532497608202333	-.006706151840070562	0	.5779962986229925
.8307843514000449	.44803250877100054	0	0	.179416074763181
.14255932906753638	1.2679573027719386	-.44498479794160395	0	0
.5129431687977094	2.0137496777767874	.5598518861493024	1.4818440116320566	0
0	0	0	0	0
0	0	-1.0722664083883753	0	0
.5176981593686238	-.13250094201095086	0	1.1393345668992327	0
.26360597854997475	.22119911002762438	.5278755738458094	0	0
-1.0457560246134245	0	.5911919077996077	-.9170416557070805	0
0	1.6013085204664694	0	0	0
-.27318252722861647	-.06650380644775178	-.5243387344926707	0	-.7637792891794444
0	.8255510777837388	0	0	-.7052908491745935
0	0	0	0	0
0	.24986989008564184	0	0	0
-.4985990397460027	-.19821286551638911	-.3555096178343752	-1.07535564948549	0
-.29573268772359007	-.7549529891734552	0	.5529776991359447	-.24216968940491812
.7171737609128928	0	1.711756481326013	0	-.5365704733637632
1.1440701291282822	-.4875157897033594	-.30836595865173483	.4640399426274345	.6655981631224492
.7436041220045098	0	-.014168579955973246	0	.6027753218282348
1.456025150557911	.1981725814691972	0	0	1.3997627577157248
2.0915941161118696	.16629112486074316	-.30502303128307096	0	.573743075572406
1.7947855129802004	0	.37046399593598617	0	-.6721760112257185
.623698325847107	0	.09965817996177888	1.5686292921968588	-.7578266969788238
0	0	.3605911156747439	0	0
.042425371447235516	0	0	0	0
0	0	0	0	0
0	0	-.46977353838332225	0	0
-.07889626418904333	0	1.281250477817387	.34185396792820716	-1.321434036539433
0	0	0	1.398433605354037	.6825505827003691
.7550394007565279	1.1455747020367455	0	0	.14240537597937564
.3595354238127043	-.5744115681339138	0	-.4555268566410323	-1.842263513335582
.2098519358669172	0	.8335574239750199	-.681168078944573	-.4751894649403139
-.5220280550653881	.47985697161806806	0	.34519872336267743	-.7775858595200739
0	0	0	0	0
0	0	0	0	-.835836933839156
0	0	0	.8945772481367337	0
0	0	0	-.18233338694809142	0
0	0	0	0	0
.7230576215652045	0	0	0	.4578375665099297
.31549391863996	.367013262390937	0	0	0
0	0	.6234354759052302	0	-.2992500595872666
0	0	-.1821700122095541	.5810922793188051	0
-.8920585982999915	0	-.004038602335640823	0	0
0	.5737248426605275	0	0	0
0	0	0	1.903379814729429	0
-1.330615711856378	0	.6878270693390891	.30036218554575733	.25626439154631986
.752798037459656	-.7841729938314999	-.7144360574884803	.15038792341291907	-.8834246100093481
1.0718776965052725	-1.0703818519440533	.07971143929688806	0	0
.8891878026331105	-.46196265122033336	-.11964989490293428	1.015693759694532	0
.8363332707623884	-1.7475703069536033	-1.4277660092009101	.25670285012409555	1.1689492934519006
0	0	0	0	0
0	0	0	0	-.46882622865480084
0	0	1.3210148318722177	0	0
.7228818864861843	-.18625990038076706	.8369667989718472	-.2026998584637171	.8447267295197501
0	0	.08539006825755441	-.23541499624054893	-.481079885610302
.36233747720766857	1.1009940109935212	-.345964330073983	1.617846496107192	0
.46113134332046085	0	-.41880794789567327	.531308785319418	-1.0794106319196952
0	0	0	-1.318322369992878	0
1.2085239672309334	-1.384141089302139	0	-.25026723103203474	0
2.172081017917519	-1.245834704423319	.3416983500881772	.7827540239969109	0
.25196907457370066	-1.2931941588466465	.7350465299935881	.788246036626876	.6927310855255087
-.0808265070099311	-.23259040041109696	0	1.9296287366395064	.3275462149513595
0	-.3353691689134725	0	-.8217191518562019	0
0	0	0	-1.4040005586138145	-.16549465689663884
-.3376424076038296	0	-.21170646045613034	.6356736208428166	-.7107819485252281
-.7267131952472987	0	.338374465043129	0	0
0	.43235068423718503	0	0	0
0	0	0	.10817981344974043	0
0	-.9808230812917518	0	0	-1.20882239756344
-.13618223074818908	0	.3725226279551888	0	.3909615030488642
0	.2866917544133979	2.023786248981981	0	-.7534949800572263
.9552273406172415	.23177933493910693	0	0	.6250725044909553
0	-1.118918086246695	0	-.21561419747577226	-.6451449801376117
1.0041454183142142	1.1066965924491912	1.7210170400155924	1.2762526336249884	-.03649916437358297
0	.9724338773697174	1.3881421445611815	0	0
.8088020752631377	.5777565683047583	1.489667799970606	-.34367239837106955	-.34720257518078423
-1.049069065283558	.9965008337798951	1.0593506345936599	2.7673100311818306	0
-.33408445357836275	.21862083323539216	0	1.8590940627771915	0
0	-.24664253738286443	-.7386094835967696	.4133139950848037	.11402487738973859
0	.19490624319854755	-.06483786199462958	-.5267882119425128	.26626289070792863
1.2232378567292677	.428966682233892	0	-1.107890810710026	0
.8230130138979642	-.3949278182127106	.36083570487926453	-.8116262144030916	-.8795695780364794
.8495864639070986	-.35098104620921433	0	.11874809202000033	-1.7576405745335029
.3954776610109185	-.2590865205868334	0	0	.09918183391863533
1.2722999618392734	1.7432082966046694	-.03669403287013401	-.8116333680597372	-1.5648424418867874
2.5544601855484284	.5637028791005816	-.059970706775685764	0	-2.837684377314908
4.326481921045917	.6332442180195124	.3409329171662516	-2.0482810860993874	-2.7962493414368335
2.437584773874901	1.4749131694015352	.9414963859248149	1.7924706175013576	-1.9545661894744275
2.340223027824215	0	-1.173461966509004	0	0
2.5384319051720805	.5858438952388456	-1.5285148209097283	1.327157600930549	-.6911464008152091
2.53055502284612	0	-1.8714198479211848	.3877155536427819	.2830827069159154
3.7048315290427487	1.11124222768636	-.5934190610271164	0	-.14627010800096152
3.5365545799139833	2.141596340956	0	0	0
3.0297644609284156	1.2907707412679825	-1.5790330134957384	1.9553036140935212	-.6683148462537277
4.324291779596837	0	-1.9989915644188736	0	-.3741929356954175
3.575420257205171	0	-.9332049985012815	0	-2.5408122180703456
3.119628042017231	0	-.7388875583152936	1.503775109697218	-1.0370430983733887
1.4061117490039472	.8251372786836033	0	.47134983493144184	-.3025569461920972
3.0669563093420793	.72446350933338	-.15530272622791574	0	0
3.0030217718124264	.8103613034007822	0	.10008895430712109	-.2888119045121837
2.927874421323055	.6500441435758271	.3041895507067479	.929274179904253	-2.394078937693884
2.7018235127737382	.827232052148177	-1.208207176368264	.5264417793753396	-1.3502439480054742
3.9551894770532265	1.8718619197354527	.045799954045740915	-2.1994820203741026	-.25360583008074905
4.651631854111511	1.537333496622754	0	-2.9722319423066983	0
3.9284799137988102	2.0812330710954168	0	-2.1952854333795395	0
5.263071004454424	1.2865966101806365	.10065183927118612	-2.9964189248916155	0
2.8998761034288347	1.9823123187819034	0	5.313412331530007	.6925622082137993
4.235348014136384	1.758756194116975	.8274025250823775	0	.7004206180228315
3.1004383283102386	.6770358525626512	.1521455021036786	2.107870914813656	0
3.0439807445156855	1.0591489252632007	-.68675557464344	.3592783632267401	1.1104498590407423
2.4201748345512	0	0	.8650845819137905	1.3846924118234556
2.0487743361797275	0	0	-.8975837283682885	1.3521400356470892
-.5163450149723421	0	.10507103040567262	2.4835394012369423	0
0	0	0	0	0
0	0	0	0	0
0	0	0	.884582337644507	0
0	0	0	0	0
-.07943447673456724	.2786794614483429	0	-.02194483850313733	-1.1159853925960606
-.2665229420462709	0	-.8213396865230966	0	.5512516775030238
0	-1.524862116867373	-.8141293710091961	-.9738669325679697	0
-.27344754143562144	.1361567800022106	.7480756487704744	.4734542703722061	.2273068720273686
0	0	0	0	0
0	0	-.1606452932436108	0	0
-1.8325108963982162	0	-.20485397423891072	0	0
0	0	.49377264191723746	.5765436429785427	.12808050878708205
0	.33788844076242613	0	0	0
0	0	0	0	0
0	0	0	0	0
0	0	-.31794154392770363	0	.9203819170715828
-.8123604053598643	-.7719551279794619	0	0	.11946297591448787
-.39702432953193856	-.8319350514809958	.24798531567940887	0	-.1304164077562754
0	0	0	.6610680457381962	0
-.47079523632191544	.4831331894934303	-1.049151830568609	-.4597397461896331	-.18590106833419728
0	-.4977747433189812	0	0	-.36074728459874505
0	-3.2696549917251367	0	0	-.8578184022688282
0	-2.1979578390455554	0	-1.703966153851819	0
.8367856890569885	.025185409936402725	1.0635022997323298	-.2810242701047665	0
0	0	0	1.0817335312827236	0
-.8315024030965873	0	.3161334614787814	0	.3701079297102318
-.008413310193201233	-.39823910559438475	-.5622282889117771	-.30726372887260633	-.11105313261650807
0	0	0	.09403809960163656	0
0	0	0	0	0
0	.8568222205263596	0	0	0
0	0	0	0	-.13765428600721652
0	0	-.6641023850104903	0	1.0924114006413368
-.40217254666239133	0	-.6560137456451682	1.1668912373226799	-.7350015674341073
.7132723779543093	-1.4391035894653645	0	0	0
0	.16772413527450775	.40310883146098864	-.45193903993302753	0
0	.5005560684624628	-.23120812912039346	1.3602357641840581	0
0	.20924443553557523	0	0	-.12844071142267277
0	0	.18837831970761726	1.7424295410700583	0
0	.8086883108640286	0	1.5075147208785935	0
0	0	0	4.1252908283485	0
0	0	0	2.565799427412115	1.2732495815630325
.3469780125136609	1.0698689348638255	-.34566066846380694	1.7372258832265723	-.10749797301515583
.9122372945633206	1.3774647709499235	0	-.7579578345611875	0
1.735404430451377	.11779884435870872	-.48387185856131754	-.46150232992738527	-.37182935889629803
-.7312093196196761	-.751786732865936	-2.8413186008389673	.2811521752091259	.6729824912744671
0	0	-3.0448894810963996	0	0
0	.7832368389312963	-2.0084447636955307	-.5906438734105955	-1.1935793323378383
0	.5076179033378755	-.5253348439215767	-1.176157987754551	-.7277570359295404
-.43055215564839827	-.6699772859139778	-2.4300295613044836	.6530646323655881	-.8619098841705372
-.3921187910905377	-.4289640909068686	-.5492001913541547	0	-1.685134760520909
0	0	.7888473795640094	0	0
0	0	-.5640449678359721	0	-1.7615230045346935
.896437234039154	.5241335359813659	.1618900867105163	.605266643364811	-.028762333057240408
2.1367016385287956	0	.6866604633830795	0	0
1.8889488137978585	-.18338599461617588	-.6678478352396554	2.0685308896651837	0
1.840775347731129	0	-.07581436524819718	-.1532028566110728	.18655084057571814
.6351004485846314	-.9180604370672067	.6985302818190424	-.25946010999910596	0
0	-1.7436899285745922	0	0	0
-.15346354219240999	-3.171811690215022	0	0	1.2973181156900337
.49244873338251	-1.6446126802570022	.18557524440987286	0	0
.8225328384738894	-2.0583921536618592	.9102196438598211	0	.31252434959221026
-.1882207667467387	-1.7912775961987948	0	2.059892583175867	-.76508870017053
1.1210022698000113	-1.2442039071884643	.22383433959751325	0	0
2.6878635574052288	-.2191702309674879	0	0	0
3.0834426526932748	0	0	0	.06758093397378861
3.0458938036538576	0	0	0	-.022750271607850592
3.7118861761515767	0	0	0	-1.9633086139707054
3.734829199336519	0	0	-1.016634222975077	-.15420724978265626
3.7242742352559173	.4875282552337078	-1.1012766034558399	0	-.38652144408259603
2.4011121054400686	1.7216213335502533	-1.0712970199636698	2.109185312672645	1.1537656036636867
2.7328960142455974	1.2930271420794446	-1.1753058500071085	0	-.20659538871290034
1.891486343682757	1.1165992097993853	0	0	0
3.680995211064678	1.500953364338273	-.3954962644837865	-1.0472465865412592	.9654741630256428
3.6369730587530698	2.6221783150640134	0	0	0
4.141430632444024	2.636113229978101	0	0	1.0041290614274458
3.2613068662164295	1.2017120578042941	-.4413223525181793	1.6812914883387182	2.9874439794992824
2.5578035846768015	1.7390348864894856	-.13638424546797256	.13810987138902292	.23851560427511526
-.27863635815604937	.493574702034593	-.18189804628637887	.09648258304560886	-.24783575898023194
-.2910208488703419	0	0	.8474933495333422	.0972022774383372
0	0	0	-.38331106964534867	0
.16555247031085796	0	-.33986161909125	.45874475438546714	0
0	-.975171910974147	1.0002245471904634	0	-.8890245648003973
-.53722745989371	0	1.8121786487809723	.11405193631899097	.3616176406556598
-.3044635562385021	0	1.5672648267374605	-.3067455556904802	.12284443832778907
0	1.7309177768187243	.40525010438385584	0	.4989341794755845
0	0	-1.4144700423498842	.1640282344585432	0
-.8452776086931125	0	.9837891086257918	.28025114816803864	-.9021271017793049
0	0	.6020100701708486	-.5494411530202656	0
.7518442307279941	-.8211213242606081	.5422746751331788	.6433202349068049	-.7286843906581937
2.340951899758612	0	.397619884602898	-1.7943074253377151	2.0908294176899047
1.9782985183866726	-.747645802362671	.038891339100851796	.025438880915170797	0
.2230905594289006	0	.7507544855998658	-.9686118321246207	.17862661158621906
.9165073413693187	-.6150085522286659	-.11441748959786534	0	0
-.9322083328721291	-.43825445517172074	0	.2509046038011427	-.3640366580995148
0	0	-.010125207475314202	0	-.5716485057078836
0	-.5524722099304409	-.42180508030834557	-1.7357180054756096	.23880158089684272
.8046342811122742	.8009704271358263	0	.1015470768421955	0
1.256684598411284	.337942913131257	0	0	0
-.05246080881759793	0	.006694788689144582	.15899879094016725	1.05109169966112
-.6560112325877194	0	1.7064097357323837	-.7153448818997781	0
-.03505189903767439	.09291959786990352	1.5591269802893732	-.6730245783260721	0
.6548862150588942	0	.3596106491970065	-1.0607156199190753	-.2060989086739212
0	-.8243181619880565	0	0	-.23563456096327087
0	0	0	0	0
0	0	0	0	.06974210015074325
-.34683441072578636	.03932550262089862	.14163757940127192	.45847108075887416	-.17539244493105002
.46435837336044344	.06804910717679444	0	0	0
-.3505330905061456	-.8547554058978043	0	.9260254024490742	-.5173569538294871
-.25323014096327057	0	.5446511106740686	.21232151552102518	.05871050349771323
0	0	0	-.3010524358087731	-.5933949307914144
.3418483127539973	0	.5381415665837943	0	-.20800778264437847
-.011196718752136556	0	0	0	-.9896666610762902
0	0	-1.0892828695669623	-.4906413621176492	0
0	.42845768870113377	0	0	-.327921292962832
0	.7102783611614834	.4830592478097025	.36210652696026246	0
1.2325999144594166	0	-.347669893758926	.8284350616045872	-1.6507823821001888
2.2687832055250485	-.0759555149749831	1.1237328523998515	-1.3171783284448026	-.862622029059609
1.9870211289905622	.6197198010065844	1.4456922960544474	1.3087640876638178	-3.428859483907183
2.077602736928974	1.2209752722702876	1.0684518791015125	2.401683502145846	-1.4625739063195664
2.703135256012055	0	0	2.9623374625653414	0
3.806730282743964	.7648131984518174	.5515516185564143	1.8647401131485617	0
4.91126951660487	0	-.913970957931054	-1.3982864987065071	0
4.514588708445447	0	-1.3933317505819254	0	0
3.9986111054909697	0	-1.511841208588919	.5054079578027292	0
3.582909435931613	0	-.6811764334679126	0	0
3.462619675117526	.1929986647764501	-1.0831404177947759	1.4194740160595687	1.3175218237226152
.7725843936598251	2.620875315089939	-.6101196195603784	2.2506428489280275	1.2182987365346631
.753438872425362	0	-2.426539439388414	1.3664319532725435	1.227828060225547
3.160602630712906	0	-4.309805078061026	0	0
3.0711800689349413	-1.077011198994654	-2.8986260335602743	1.8153045068676075	0
2.1923494327802593	0	-2.0770168566110416	1.7906848694691282	-.3283853999427156
2.8546970803377247	0	-.6241775620374543	-.22595899967656624	-.8545221458009936
1.9029910844278526	-1.2463175124156831	0	2.1657134204359596	-4.546957422030755
3.214412808295628	0	0	1.818530249764342	-4.215012630285633
3.2510066586440187	-1.0407249446211628	-.11941290925441772	0	-1.329520585168922
1.1981071822955895	0	0	-.13372308350731144	-3.5182353829995017
2.0165953767226723	0	.4619325397082386	0	-3.4776843162328466
3.170048719954749	0	0	0	-3.5291124146556103
1.4265171478094412	.25174429798755477	-.35196550801463355	3.10245742090979	-2.2866017894793136
2.5407125127681067	0	-1.1203659738811864	0	0
3.08819993357715	0	-2.9302066910576987	.7214683222794872	-.7308031616899463
.9848276952115622	.9599056094929511	0	-.9312996536292779	-1.1645720346057704
3.6235004265280595	2.1660709206948754	0	0	0
3.2000576929011006	2.034668426771677	-.8672527683230451	-.05604625815442235	0
3.1152998378885917	1.0698756450206814	-.3290248035937643	.6338147669638504	-1.2029934381623304
2.844726728022921	.561125543361879	-.8048468720267957	1.2889462167196186	-.8287073489358212
2.081345343406622	1.7037508979422098	-.5660782685573311	-.4042207699618975	-1.1882871844034626
3.1259277731894017	1.465181255820409	.09414631191733125	0	-3.878982170553342
2.8701887226060654	1.3210860400130806	0	.5183489596690265	-2.991159030360847
2.4083074621873544	1.4170390516255857	0	0	-1.5281193508762183
3.412466194308397	1.4996178767199662	0	0	-1.9458503446506017
3.2160053763735466	.4267945458724342	-.23399407091649058	1.289953257567926	0
1.2042134950115273	2.1266894891908668	0	1.296828467407992	0
1.810498841688244	2.0219948586522998	0	1.9794375792209213	.42601476133740634
3.304327035349231	2.7039007484279414	0	-.393528082978974	1.016874675394709
2.2135461925826316	2.714936671740885	-.6882486861645077	.8724541582515573	.08395732591907729
1.986587648868453	3.185549258311757	0	1.2963663372654737	-.7797783183205762
1.4409138064289455	2.3651403210589743	0	0	-1.052734517938886
1.5127669839847473	3.0693916250740867	0	2.447111088100954	0
1.711524356143061	4.123883164222756	0	2.87184864121845	0
1.5980639194924242	3.9130472367128197	-1.194432327611707	1.437869099319345	0
1.5348113324926058	3.48024074981895	-.9631637869260762	.5692492832418445	-2.213678570308766
1.525269467703851	3.3260255334802484	-.9441822513986123	.6482027561092523	-1.6396170565414878
2.13137504918467	3.528905477847085	-1.1363977798669895	.17294445964607918	0
1.3378599741651922	4.097725232303534	-.7549804945949404	.22064297909799913	0
1.2122323286474266	3.887723096550309	0	1.4446566693688538	-.8505535236523413
1.0602624689466351	5.086205766519409	-.7567448203022011	-.2728043571458279	-1.3446299023350412
1.9938343303883337	5.259606242820856	-1.860738870399578	-1.4302484164053872	0
2.35552634366889	5.34407393358767	-2.2660936787217083	-1.125780642564958	.8906123015407215
1.944820851474919	5.1772455928243994	-1.0659034285923323	0	0
0	4.962850486467489	-2.2670368093347775	2.1667977170476576	0
0	4.044614835789425	-4.113291490741129	2.6777237552698083	0
-.1413637005149492	4.255913405927727	-3.362817228423577	2.194747045628648	.24646756371667533
.2798005688401486	4.950879322942761	-2.268624501440126	0	-.38530751129607305
-1.5474591771381698	4.489356242274498	0	0	1.3895597814502803
0	5.057327659942978	-1.3464714863680325	.15230430316869292	0
0	6.234659546776234	0	0	0
0	6.910090641278702	-.7693816777169791	0	-.8889534500544177
0	5.646198238034093	0	0	0
0	5.697908330477461	0	0	-.5185975317175904
0	3.3879271724326485	-.733471235964984	0	-1.7174542367357937
0	2.945171596018933	0	0	0
2.127966283073678	1.2516515750652497	-1.4005311878701248	2.169018056440382	0
1.8192854145092165	1.899316883750179	0	.6248114816053605	-.849932279915283
.38103583099552996	0	-.18565574067835933	-2.245278551369912	0
0	0	0	0	0
-.9676138425992684	0	0	-.10470831044608803	0
-1.572876310898224	0	0	0	-2.0779051365604335
0	-.2992120262806062	0	-.8362325770924132	0
0	0	0	0	0
0	0	0	-.6453965071212314	0
0	0	0	.030394894502520087	-1.234519092372199
-.3266258344793125	0	-1.3762986050917774	0	0
.1856590780986343	0	0	.031156171565686855	-1.5363422793263324
-.6914300837748094	0	0	1.5442862115496876	-2.239070038796651
0	0	0	.2948772930714547	0
.4051695171218945	-1.9378972674679895	.6509875390837667	-.7337546242534123	-.8059694662230644
.8418081125631809	-.8551302104040571	-.16440870390273998	-.24942299683684843	1.1058638532915688
1.1813215973749482	0	.6484775063817976	0	0
0	0	0	1.8143631321629714	0
0	-.016121924591601444	0	0	0
0	0	0	0	0
-.3774921596344285	0	.16980606745783647	0	0
.7739398303189857	0	0	-.014720828943202091	0
0	-.2972961223619389	0	1.2556799290237595	0
-.4790070041792345	.4910665310851895	.633783497434016	-.08647886279211336	-.30111713685230534
0	.2290961760677896	.8091577490805468	0	1.0563720282972215
0	.44733676734340516	0	.23313524202817248	0
0	0	0	0	0
0	0	-.11967295976523214	-.029593203626184176	0
0	.8713401125301141	0	0	0
.9169190707936754	.3910316410330035	-.31671240016739627	.663099104511322	.03931831360103462
0	0	0	0	-.009688520508820957
0	0	0	1.1009269337455034	-.6129793649187933
0	0	0	0	.7822790428821891
0	0	0	.635923550227411	0
0	0	.17735618153252375	0	.21677478144123333
0	0	0	0	0
.015460583027507857	0	.20107655996053309	-1.7151375621941958	.39145765735461246
0	0	.8082366634901725	0	.004633199118985631
0	1.0769533019350435	.08538165684863103	.9192888272639562	-.17264124298319727
0	0	-.47842429753151977	.807962246986788	0
0	0	0	-.250944067731292	0
0	0	0	0	0
0	0	0	-.16089230174783398	-.2725259700269366
0	0	0	0	0
.9085001660032535	0	.19488188862540917	0	-1.7388328318635466
-.2425901540421075	.5467149157374191	-.41846996816974374	-.2510851624061394	0
1.0332136466176167	.6943521643102823	.20322478521567833	-.34399525804617326	0
1.1491390423485608	.6627822609430392	-1.0061031565870309	1.2979560426299537	0
0	0	0	0	0
-1.0941227601353398	.935177868997126	-.36332066154183823	0	0
0	.5357185699383256	-.9071151257027955	1.066597147209042	.055590521568443935
0	.7774167048395138	0	-.03769054644417047	0
-.788654160434654	0	.3933937650108156	.04189998071907835	.327073371290853
0	0	0	0	0
0	0	0	0	-.0005319544534744813
0	0	0	.40274699574735817	-.24222848786271306
0	0	1.146343421800546	0	-1.0820709383889138
0	.21265251682605482	0	0	0
-1.7215854411552578	1.2719723451940306	-.0737003816054439	.4751336009272665	0
-.5812222083028018	0	-.40495353624024233	-1.0752234373779683	-.44287516108932956
0	-.06847236299405335	0	0	0
0	0	0	0	0
0	.19789179334157914	0	0	0
.582858244320891	.5503309007605064	.6597261780691143	0	0
1.728267699127573	0	-.3971907536554165	0	-.012940474679998926
-.19324693444894003	1.031632135708918	0	0	0
.22876266143625043	.7671261734017495	0	-.21199053709517135	0
1.2930620794779597	.8404864780741854	1.8518860839958466	-.711847163969143	0
0	.7561297855575884	1.6943285478312091	0	.581323735474196
0	0	0	0	0
0	0	0	0	0
0	0	0	0	0
0	0	0	0	0
0	0	0	0	0
.22121108725734107	0	-.17122327841037593	-1.2908449046526387	.28062359307852797
0	0	0	0	0
0	0	.5998802599407935	-1.6213305300498422	0
.8051906194132951	0	0	-.30265611241556156	.6351439231384804
0	0	0	0	0
0	0	0	0	0
0	.5923405169424218	0	0	0
-.10354899683847321	.005763704910747847	-.6246631847069153	-.5679946294942091	-.4602379857514892
-.716903378486702	0	0	0	0
0	0	0	.7050693645239958	0
0	0	0	-1.3305496623564217	0
-1.0278197608855	.0944285446542606	0	0	0
-1.8869892545253275	0	-1.2932540183955834	1.8083581224099259	-2.154673851964109
-.08075875924483666	0	-1.8123994787542657	-.7794601412436761	-1.0026602505157287
0	1.2756966760332684	0	0	0
0	1.670699745333131	0	0	0
-.028304803338164236	.2041735801607455	0	0	-1.5938272457210403
.317817322640187	1.0947380394465365	-.5611924605871852	.1266813360307244	-.3301586200530443
0	.4110405488838065	-.7001441041842122	0	-1.5470959653868213
.19659429836741568	.14662228784849593	-.08325585523000184	0	0
-.3319018546700083	-.7703055230395079	-.37649974741002423	.5569992834283523	.9730972689188593
0	-1.6384095163474224	0	0	-.617986151732436
0	-1.065950160100666	0	0	0
.18325800472043174	0	0	0	.22486294587766695
.8940010967934072	.008456105187062829	.467794238116987	.059506620665841364	-.9325434698043784
0	0	-.4133464281603883	.3342064833077008	0
0	.4526801625033777	.38902649840953407	0	-.17407524131340424
-.6084820197248575	.16595860040803928	-.2699410513433109	-.31335508312926363	0
0	0	0	.07830648884710872	0
0	1.527249089348713	0	.5361880541246284	0
0	2.5678805511125384	1.4226735301311884	0	0
1.7104820289237193	2.571945523721404	-.3015014847930124	1.4758791387169292	0
3.3559700595563937	2.723926444656536	1.1854920962771902	-1.3249921207362532	0
2.5285455371594754	3.4931494197215613	.14358995631885968	-.39883491525448095	0
1.5846342012019021	1.984062936136027	1.2759420456058712	2.353893504820571	-.26964509781523227
2.122913743629696	2.2331901145544735	-.4196412013955314	.8905906562932892	0
2.3999196573787605	2.339012389222766	-1.141868421799655	1.1922823713257575	0
2.530747147246588	2.0569920128898973	-.155386852674266	-.3812571864276181	-.7307379976543845
2.5428922954022317	1.5876949033482848	-.3379794917908041	-1.6888962522375177	-.912884526029243
2.6192040364001095	2.4003638401292235	-.9415318533336746	.0734041879559578	.13917759174056166
2.4606856265472037	1.8093650294801367	-.7805313768832132	1.1817859190106186	-1.1060677342031546
2.4215888090547804	1.767407865582665	-1.4646986639778066	.8419218091037692	0
3.0327830481409115	.9355776973196899	-.2308243816635647	.8808437466712429	-1.0976463987926366
2.6265786286230717	2.5364968145544293	0	0	-1.3836102672639166
1.7903220157510609	3.08560513183939	-.9859876420813325	0	0
-.36340949182213655	2.076755201442152	-1.8919782319229879	0	-.7206019372289814
.5766090014330668	3.072535934203151	-.9043059117220288	-.4409196567179915	-.9848556318402012
2.3822982143675224	3.29743056491347	0	-2.0495379000728873	.16529700057973282
2.8780106653097284	3.42656083290633	-.7860953721486472	-.12656461578440414	.9593056966370642
3.2555607853621287	3.452171840800237	-.4631752352538014	0	0
2.7000212581909326	2.8151256285049344	0	0	-2.6954805873493086
2.664776883571279	2.8841697224598555	-.7233984599036869	0	0
2.3431508969368604	2.7845690047203795	-.8965622659394248	-.6686505128573215	0
2.4135464877932575	4.436722700734112	-.042559106449529704	0	.6489559400164175
1.3439689443434428	2.832768549867615	-1.3122663689899927	0	-1.7933528111351
2.3739818467301417	2.190876058382411	-1.9865218178058663	.44794815714914776	-1.8455788364740808
0	.44582578654920624	-2.026603995485366	.603866133450596	-.2866361549820561
-.44389984469812205	1.074648537025957	-.6235720480239079	0	0
0	1.4687774099208812	0	-1.5796752267022978	.2686411630386799
0	.9339482969290435	0	.3218863933009914	-1.9898848363457589
0	.9999482791773486	0	.11515928260246651	0
-.0067843043059395425	0	0	0	1.9191135991001917
0	0	0	.2898689074143619	0
.9134065195613882	.7381811453299323	1.577813521620626	-.08220787502671822	0
0	1.0537230639854507	2.812465453480344	1.3763802495194744	0
-.012491708363166154	0	1.2468253163857719	.23130244494912455	0
0	.8387016442771855	0	-.39127210859397904	-.8680550976527968
0	-1.1152018533014851	0	0	1.1128099334270043
0	0	0	1.0895400769952894	0
0	-.2994615582865888	0	0	1.0850013964709826
0	.21785285775757296	.25943815650331664	0	0
-.24538096028759354	-1.2977635873553977	.021003292378368232	0	0
0	0	0	0	0
1.2462762431368983	0	0	0	-.11294132680609384
1.1801892294800524	-.17800359162101267	-.3891416766262892	.22914757626546123	0
-1.3127745872237138	-1.1541124551580653	.3070302042860846	-.45855336249865997	-.09512917313387707
0	0	.6539035169098346	0	1.2615620318678626
-.7896444805118811	.20633968963265614	.49540723475316506	0	0
-.8687194242150034	1.5263311843448992	-.19780252388203934	.42987823442813766	0
0	.9354829363343742	-.22420926697106788	0	0
.8061817688673261	.6727583720317997	-.1889895795270999	0	-1.2708682531321507
.013373970987274733	-.20314343402559193	-.6200535450856877	.0550261071219198	0
0	0	0	1.3467931150709247	0
0	0	0	0	0
.5358259370240435	0	.23206574395534307	0	.9317442340511588
0	.16657167083696328	-.6433472797878287	1.1007366179051847	1.5236282206605996
.3828641269003006	.5670723758525669	0	.06892254564017461	0
0	0	0	-.003963230918765104	-.9070591043112542
0	0	0	0	0
0	0	0	-.9191914339609422	0
0	-.809671494311151	0	0	1.8220977788347628
-.5943089438201438	0	-.23230895649164013	0	0
0	0	0	0	0
0	0	0	0	0
0	0	0	1.0557819179110304	0
0	-.09053011029106312	0	0	0
0	.7612944112756328	0	1.552447410652195	-1.2688325653793668
0	-.5839210758687892	0	0	0
0	0	0	0	0
0	.4651665876612967	-.6677040759821501	.5079271126151181	-1.703490390356503
0	1.5834555437432842	0	1.5522100018123448	-.902155322005425
0	-.10672759430574885	0	0	0
0	0	0	0	0
0	-.8708785421626984	-.3978778730882294	.7212474169473665	.2061325259895292
0	-.754714058184132	0	0	-.20624400492288186
0	.1360342955411969	0	-.4357280997245464	0
0	.5008662372551842	.444821072901592	0	0
.24843081252330831	-.15163540590213392	-.8919960426851522	-.7721454695270182	.692331764436418
.7238937525766308	0	-1.7624523167213852	0	2.3476583787118193
.6172921541394863	-.31724909968032616	-1.0046471765143286	-1.0640962183593479	1.4941307474763814
.7130809479674899	-.011655718280429779	.27055385748728134	-.2829730919566321	.1768821157254516
0	0	0	0	0
0	.4455018361151031	0	.18102297013750368	-.3615101023649625
0	.3243083100728242	0	1.8668947847964277	0
0	-.13124966133892185	-.032165151729872166	-.40830667468035275	-.9298492439051937
.5625102004532004	0	0	0	0
-.44508865222548544	1.0839977970819468	.5091046994587457	1.7612927767274802	.054121956950251196
0	.9514034420609959	-.7490217771835377	-1.4192080052751803	-8026801799204675e-20
.6413820792270728	1.4160916689230862	0	3.7072676259774946	-.09465959135578395
0	.13297968742151237	0	.26732342558701916	0
0	0	.5025681315611157	0	-.735303099757665
1.3100889299517384	1.0741674562423873	.268258264110828	.38996131434666603	.2446955688793984
-.773442529727478	0	0	0	.9106411471497264
0	0	0	-.7791984335913273	0
0	-.296564669537908	0	0	.8950557148546443
-.9048499119077822	0	.6927339726289956	.25483151591929587	0
0	0	.1837555958688772	0	0
0	0	0	-.06993504058009363	.4747577821501884
.20630442629142576	.9150897914770366	0	.3178268102511306	-1.2597556128478002
-1.62921972036146	.7301610635196711	1.6950169601773981	-.05904512652833378	-.047149214918252025
-2.299641032881013	.975975823217459	.5848787795552987	-.6838325710518014	-.222198804616338
-1.0519162552782664	.8870800928890232	.2395161134645617	-1.3751946633214105	-.3853801490247937
0	0	0	-.6061020651679051	.21519037842968716
0	0	.9553981875767552	-1.2831174262138392	-2.954950446810246
0	.8631107011539363	-.21566496622577674	.1388024327707493	-.04636175921984417
-.2689183496704819	.8968631623414522	0	.4312586275528739	-.5370061050260082
0	1.0730180099904634	0	-.5488466842905045	-.876656406250715
0	1.421664036192231	0	-1.4427221935711723	0
0	0	0	0	-1.922499210505853
0	0	0	0	0
.42342748906367494	0	0	0	0
0	0	-1.0500553151696637	0	0
0	0	0	0	.9805786976759403
0	0	0	-.8516744839275905	0
-1.2767549724089755	.2011524631094089	0	0	0
-.2532510830630492	0	-.21118531315648204	0	-3.2856791945921526
0	0	0	0	0
-.9550360531892196	1.06313082819919	0	0	0
-1.4062886597083137	0	0	0	0
.11275642368529923	0	.4326341769007855	0	-.6210283935218871
0	0	.2188022872114745	0	0
0	0	0	0	0
0	0	0	0	1.5931374686920108
-.9705528773973776	.781104341024025	0	0	0
-1.1695795671258504	0	-.056663735712145835	-.8222943568162803	.2582071238293535
0	.24147004168840702	0	-.3738262496527237	.8410965785769771
0	0	0	0	0
0	0	0	0	1.2084927118289983
-.35125060102299155	.19331943067456542	-.16857814319717884	0	.2078400949154857
0	.7324857680176997	.34123058776447934	-.2705952059903278	-.9224852064664184
0	0	0	0	0
0	-1.0828044802116499	1.4086589007251984	.7730828656414324	-2.175066615883996
0	0	.9695078516383715	0	0
-.2081589780893592	0	.44417970902220916	1.4239644080790026	-.646640403597897
1.6717417639940204	0	0	0	1.3075973931135276
0	0	0	0	0
.07572278762460027	0	0	-1.0587238829717431	0
0	0	0	0	0
0	0	-.3407541806926422	0	0
0	-1.2373801642037277	-.782022361302057	-.7946562295511259	.2893942534673511
0	0	.4581754847738433	-.12774574429946017	-.4265052682306263
0	0	-.025230051861691805	.4774888955705442	0
0	0	0	0	.014658297511288332
0	-.5658698852715124	-.11212996215277611	0	0
-.06056736967425719	.2934015349027227	-.11416547237315028	.7120064771488779	1.4361253017502937
-.3748506184594598	0	.17721389360556278	.3344815780562629	0
0	0	-.4430790069898476	0	0
0	0	0	0	0
0	0	0	-1.0574033143711223	0
0	0	0	0	-.9473564375066947
-.08309071776480549	0	-.014826884155434983	0	-.418448523228131
0	.2834849106388513	.11992849379789777	0	-1.382964608426689
.09807861490489178	0	-.7323496515241257	0	1.0370816653993478
0	0	.5106039387610537	0	0
0	0	0	0	0
.4324272352799602	1.0340832248358722	.6019580897961427	-.4887599666843341	-.7126093542309951
1.5636945714327428	1.8188675581701212	.7442294248565634	0	0
0	1.9238522597605578	0	0	0
.8333390421587985	2.629807550119317	0	0	-2.1269786542258786
-.05915959000345426	2.1088262762195074	0	1.8691169181522418	-1.6551495821403903
.22585373202145603	1.2918497809222076	0	0	0
0	.3808513539850288	-.2616591326907603	-.21637180507577353	.4274681094469556
-.183009713210732	2.5031195437314535	0	-.16734931041070442	-.12170072248053146
0	2.4004730390577294	-.7208094209586078	-1.627571236672261	.7544084156817599
.9263370969379741	1.0870273228126008	0	-1.0745609207582605	-.659129468996839
0	0	0	0	1.3003899974763795
-.4525798984224467	-.8898328233868866	-.7407052847268923	0	-.37512636815029754
0	0	0	-.2825534550316652	.4095202545255485
.9055869823155753	.6128636530305274	.040749708116644634	-.13138506407159878	0
-.2553724835211487	1.1425707015301585	0	0	0
0	1.80249765214321	0	0	0
0	1.4375298781702464	0	0	.05028952668536124
0	1.2021553498962496	-.2891786102820537	-1.1135889489755262	0
0	1.5162317261674723	0	.47185070172683513	0
0	2.3763825471656377	-.021344840241956153	0	0
0	1.8849677470101855	-1.0789535609893994	1.101903421501262	-2.296137755843842
.813559083338881	1.449480748031275	-2.3834195192439225	0	-.21038475256023687
.8998738633498178	1.444241713303499	-1.263152786879321	-.9507709303188392	-1.9577092178035715
.6992398049664033	1.4115275283358695	0	-.2885693214234102	0
0	0	0	0	0
0	0	0	0	0
0	0	0	0	0
0	-.8067585489957183	0	0	0
.2845840881719935	-1.6026613684530604	.7749594408743835	-.5074529853719539	1.3237253478583626
0	.17145968010466578	0	0	0
.4283353809905649	-.25015257868640367	.6102431508618443	.4557084017860653	.6010216032488943
-.4462660845944071	.30808983494905634	-.42495355876972984	2.2143808156133975	-.34008883672278667
.5874185578453189	.9204097714766389	0	.7652914399867853	.282711746217285
.7217434222625131	.7897177102309643	-.5381606836628785	0	0
0	0	-1.4126440760318721	-.24604595198522788	0
0	-.5413794860172615	0	0	-1.0770016760277996
0	0	-.738154447996509	.9153555956479444	0
-.009436156562227183	.09368985468649077	0	.09090947536249971	-.8424517903165925
0	.8020359279729631	-.05595722040076312	.5893298551682891	.14130043489631292
-.8227588659517965	0	-1.6467304158513936	.3150140156241046	0
0	0	0	0	0
0	0	0	0	0
0	0	0	0	0
0	0	0	0	0
0	1.5311742849688108	-.1364104766541534	0	.36723160442672886
.5146626857241082	1.550622636860805	.37553498539189584	0	0
0	0	0	-.021702117550296496	0
0	0	0	0	0
0	0	0	0	0
0	.6086038422668563	-.006887716223177798	0	0
0	0	.06272442084821955	0	0
0	0	0	0	0
0	0	0	0	0
.23354356779002589	.7847462828893528	0	-.4503953176908906	.4092666132857091
0	.7127929612361488	0	.8450727994951943	-.786910189122834
-.8704760826279373	0	0	0	.05879204396332516
-.19716182269782012	0	0	-.5913441157704502	-.3384749407474442
0	0	-.05614200707969027	-.05099137448967223	-.4414086503411745
-.029368200224923542	0	-.23991195952325792	0	-1.2404173634426754
-.4005370395023135	0	-.6674174102243362	0	-.27953371103986757
-.49887173033723764	.35680636929136644	-.061806415167481595	0	.15315941031500394
0	.252326902373075	-.4031393171026903	-.0024129136369737125	0
-.524430298065813	1.0417337614750002	0	-.2715096973329796	.06727317593737026
0	0	0	0	.023956223070530358
0	.6436192232866177	.6211019907269446	-.7094312790510338	-1.1654503856544756
-.6175696815132858	0	.6498770090520306	.6332051095001383	0
-1.0177446919254094	.12598973823746362	0	-.35387370672922536	-.599485437700404
0	0	0	0	0
.41975478921369785	0	0	0	0
0	.5081173351342071	-.3862620946093982	0	.48190892647390415
0	.4418896081887288	0	0	0
0	0	-1.339709758985551	0	0
0	0	0	0	0
0	0	0	0	0
-.1906131914101713	0	0	0	-.08063140262546031
-.08759593925505539	0	0	0	0
0	0	0	0	0
0	0	1.2549178748294711	0	0
0	0	.658348171856304	-.20380609032127817	1.339668206143577
0	0	0	0	0
0	0	-.7663035770666315	.40376284658290956	0
.30610784406534547	.2982806026510648	1.5095857370801793	-1.0904561705970208	-.30722328046967384
-.6730559746739775	-.04086756618446291	1.503949272014296	-.8588774265102173	-.030843053637951867
0	0	0	0	0
2.170457898512759	.081331573262172	-.803528400380039	.7259250377933939	0
0	0	0	0	-.013317277403645078
0	0	0	0	0
0	0	0	0	-1.0342726945836425
0	.7398189292842846	1.3811818979631691	.20269684844767438	0
-.019457610418111893	.9125747540106375	.21798337840256055	.6864261358431449	-.06683610485365814
.15422413261141843	-.4241104793738235	0	-.46773629884606627	.5476538099034822
.9026225664061859	-1.115021855363986	0	.5576689760033552	.04853760809914273
.9320003948193563	0	0	0	0
1.5870754240400615	0	-.0748595624301693	.21829986242897437	-1.043728458136111
1.5281837025653686	.8475970457470055	-.6038219203761269	.952921266816859	1.1890379263269468
0	-.9676659159878529	0	0	0
0	0	0	0	0
0	0	0	0	0
.5262516536366685	0	-1.132078871465639	0	.3271523820847415
.03345656343611428	0	0	0	0
0	.3518891575696049	.7175377975876438	0	-.400726271303085
0	-.09179616590149842	.062252262772469966	1.1385604946122319	.3969500420753239
0	0	.2712425931151189	.22816505641437856	-.641598011000616
0	0	.2735825718550061	.4082233482010926	.14591449592829875
0	-.6321926395043432	-.9890430582078781	.6061722789227377	.27209640180969236
0	0	0	.8427909551409292	0
1.5292586629819866	0	0	0	-.45952740016019406
.507324262531557	0	0	.22888751915461725	0
.7135890638681652	0	-.11988934420558552	0	0
.9890843667541077	0	0	-.038308845054958574	.7509588178579538
1.8348469869046078	-.7115683492853844	0	0	1.89811637695746
1.232418833171979	0	.5517401322987147	0	0
0	0	0	1.312299237744284	0
0	0	-.40584973037250344	0	0
0	-.9337516999259778	.08788949487397289	-.8808723600106765	-.6058875301106802
0	.05538656703370911	0	0	0
-.3800582776565408	0	-.049425878896667164	.09862496569411583	0
.6788769361279348	-.0898656701657507	-.7654781209538702	-.17900426773380856	0
-.19483143297933858	-.10300065270083816	-1.150360366301868	.39063470943390055	.05124130137316981
.10422204528085553	.27071954975904455	0	0	0
0	0	0	0	0
0	0	0	0	0
-.4691345255837137	0	0	0	0
0	0	0	0	0
0	0	0	0	.09783675859567154
-.021101342265197803	0	-.30585750124669986	0	0
1.0336042366809337	0	.5431358709408106	.17312030582183685	-.7634070796038459
.4830348629670428	.6854999604225012	.35498270903622686	1.8580707395629774	-.28696843469481725
0	1.0756234094784374	.8979581354469086	.14661085790621664	.14352572608194292
0	0	0	0	0
0	0	-1.020414069296167	0	0
.4750759222936555	0	-.006691635506864357	-1.1269128693695651	-.7838606034953657
0	2.1104265247794745	.4016565525076117	.3652870257549607	0
-.11801932632850276	2.618225869242209	-.4692627615179853	-.23637476690888676	0
-.01885034080203126	1.1813773325788839	-1.0472230573492065	-.5318744412529993	.8061022609635479
-.7294849462647194	1.3875304983551442	-1.6667880554015684	0	-.6202284324007669
0	0	-1.4051318157962744	0	-2.1151242314913694
0	-.14584534702970653	0	.5087142670456601	-.7911400834657719
0	-1.0758624784429196	1.7909504795345184	-.48874463563587406	0
-.7365088894216105	0	.7517061269061015	.4128912358315119	0
0	0	0	0	0
-.27804217913099727	0	.536291539579371	-1.0282001238774359	-.8740140588407039
-.5801928952433909	-.18970368515530261	-.3427947975006779	.7139289422263919	0
0	0	-.37912964893063256	0	0
.49815991707995577	.4882088607026867	-.42746715136092106	0	0
0	1.1800240324627824	-.6086804872031087	.6029061081981035	-1.9009868087345652
0	0	-.8051494454426191	0	0
0	0	0	0	-.6514178419535016
.05677585566574182	0	.03899374064860525	.18217502957000012	-.3869484212943332
-.6169062918057806	1.2738307199010268	.8187170424795115	0	-.04642631211519077
0	2.3608594239465415	1.355134471619611	-1.1970540876687359	-.25744836801426085
-.0328662016019598	.5964228783749848	.4951628357261713	.1473153868229147	.23221435220982228
-.1497872046115517	0	-.7822901516455393	-1.1851125938185225	0
.5160396753112259	0	0	1.1983655775199802	-.48367004886107334
3.9174927070495174	3.1421831996118494	-.8852916282975678	-.6217581101793881	-1.438860988626237
1.2142049873078737	3.827703181259369	-.8036260854009083	0	.2602971715544754
2.7420572356760253	5.282988922665187	-.6744344700725868	-2.8709915564859663	1.9044467292468958
4.090016108091225	4.480489294986851	-1.7208094026009442	-3.251065811748385	.7278450602218003
4.3622979018983195	3.611805412163055	0	-1.59752104151508	-1.753428627341894
1.1055563335488339	3.5177410973275713	0	0	0
2.993340914504604	4.613460150776436	-.06586794860428671	-1.9268290449880023	1.162798396489235
2.8522206314127185	5.030934053970856	-1.2140412605079578	-.42728406619331355	1.742818410120814
1.9733139225927063	4.3382782719722	-.6056642321733738	-1.706346762839217	-.80389414731369
2.5408580514239767	3.0159740928352585	-2.4661600464034255	-1.0480983212500594	.2012777167217999
1.543116729641546	3.318249198932388	-.8301013120642086	1.0981748652175627	0
1.4699912718233128	1.8389693697344034	-1.9941755145952937	0	-.6440527954110709
2.613549045579008	2.2501348408572843	-.8428656381642623	.6836465487137116	-2.12640187158085
2.055178779599159	2.1548333345303052	-1.89132246722924	1.6917732508056387	-1.6259809663201112
1.0353801974875798	1.583550127205631	-3.138057582608706	2.1080436688651583	-1.816937348661886
1.5059893025761601	-.3415865634978831	-3.84059853688589	-.447757009690959	-2.9833265536074314
.9295716210602512	1.0432390593304919	-2.5096467083144702	2.064093621837145	-5.335099095648316
1.2831515451086641	.32013069569011143	-2.8018541694505923	.55711863751403	-4.556113910120636
1.023492112594648	0	-.8603895220569794	0	-5.864221038013659
2.721872358499867	0	1.5553961974024761	1.7891735014027832	-6.443133931354945
2.698360661001935	.15922639205811337	.6744257793884845	1.8459760339142102	-4.9190398911273645
1.4382168002791726	0	.7230039629272833	1.2506254705464437	-3.7577145686221924
0	0	0	1.9776603046012604	-5.3445896851553885
1.1765991250304662	0	1.6842646461406057	3.5618369062769806	-7.528690587655956
1.2582118067648733	-.16368462422648783	1.2444917354127423	3.745373464442968	-7.9493037300709695
2.326086869811681	0	1.0530053869528326	2.4354353567976497	-5.889930229232597
2.7138368575656924	.3632346687778065	0	0	-3.796082565770284
3.2202863306123457	.7125754232156088	.7011313610545641	0	-3.0137337561150335
2.9844217572234313	1.5801405546796894	.4251147945905527	.7640824760860339	-1.4319488268305205
1.452171567086487	1.3898725317710312	.461732588112879	.7282346803967861	-.30146229345211845
.8947359378095651	1.00755946116724	.6395608699136525	-.49784585109748	-.6111448313993569
0	0	.21180646644186718	.9102512613821896	0
-.1088282287177822	.2654551830919407	-.11717887176494705	.47314659589468216	-.30210325137478616
0	.4280404948488604	0	0	.3750059287638616
0	0	0	-.0873332699156501	0
0	0	0	0	0
.18941960943538025	0	0	0	0
0	0	0	.7257063970087946	0
.2378062404946269	-.12716464579221337	0	1.5917048590452434	-2.17706932499312
.5227233285268758	-.357779974985693	.5249048753810056	1.7553664928988686	-1.4947742541185485
-.330210819614521	0	0	0	-.492789332094389
-1.3600296393093272	0	-.12337939254449162	0	1.9767082962950313
0	0	-.4910869803444307	0	3.284143020798675
-.2720380588178128	0	0	.4852020445781431	.6554828619435978
0	0	0	0	.720920265449013
0	0	0	0	-.23692795435150035
-.2174117516447443	.4401173441311802	-.11637367928229159	0	0
-.4297690666617041	0	.8180656852918902	-.5486255602815125	0
0	0	.6834015163626075	0	0
0	0	-.18350341493689587	0	-.27119632944161126
0	0	0	.2081967332256871	0
0	0	-.13478502577788443	0	.17884778774625457
0	0	0	-.49832863422756657	-1.019901053964591
.2945599287017507	.31657838848401554	.4079104930351193	.7703148093447902	.5101481141694149
-.42220875064000724	-.1679536782353267	.024290431386234046	-.26751909528301915	.24727657979792433
0	0	0	0	0
0	0	0	0	0
-.4666969143190362	.6060754038187907	.11747642625398394	.8967178094454109	-.5003417795637817
1.4489769658574962	.4506531289111619	0	0	-.8990151165972512
.7273445676540147	0	-.5274073468863474	0	-.3382093022077962
0	0	0	0	-.03336277937508808
