3:J : J
1.3482100689511947
3.127324524083944
1.8585282696394305
2.369281797886041
5.527696827343398
6.61811197850213
4.6262182501666125
7.9988153384773115
6.897491927272893
4.222385372927973
1.7557711798228681
3.112834755599961
1.7124416419782496
0.5685105180963533
1.095170145795906
0.3143517120731203
-0.647208994226035
1.4365831624695202
4.179852354200097
1.6169110984232153
1.1770921116338853
-0.027584110588142766
-3.9881674456139327
-0.2892850495037009
4.062910989772253
4.814487512490877
2.6955676024070745
0.3843377435257729
3.201696675526246
1.4247065704813042
0.11921978264667027
6.40239857427015
5.278137454416134
5.997351485026674
1.2132882326197099
3.276714362737774
1.028547059681702
4.118738512536399
5.687551034162769
9.92251837830855
3.024075620369467
5.374891128387473
1.09113395547722
1.9519157721729439
2.50091295827044
2.4922932628250174
5.736289610341717
1.6800802477743098
2.8350636092004793
2.044578464228196
