m1	m2	m3	m4	m5
0.4173997033531876
0.254980569079941
2.933857446351287
1.2876359916412379
2.9983282861414597
0.9686224304714002
2.1083658806109042
0.5391625218636892
0.43339394137093445
1.9612359999057571
0.5789052297608314
1.055261651314079
1.7821885627929628
0.7873673555432423
0.6933342796212187
0.4115896508482773
1.4425174321513672
1.0176524343141182
1.8629225616990794
0.33616430717190854
0.3799158027240962
0.7120940265054482
0.23152722481646484
0.0758867927543155
6.354637670516214
1.032898987084345
0.27767518472171726
1.2837207994212614
1.100389942225562
0.7905103554511791
0.7182929936925847
0.3592663658444714
12.019558516410758
0.5241758065315203
2.9005884228781844
1.2147616601217426
1.4283302945008214
1.7613869712409926
1.4320277938440218
1.2438241073411935
0.5752829638019026
0.10308361352790776
0.3201132978771763
0.657920885151116
0.8388938402065209
0.16018194330657412
3.1915664304942823
0.25731598020404356
1.4077036147010846
0.2405242787212774
