0.4281796116669578	0.9156768933673539	0.006385979009410247	0.9156768933673539	2.7260078925191285	0.033042139755056876	0.006385979009410247	0.033042139755056876	0.18957061435541214
0.5942524324007217	-0.07625953934442221	0.009919376759800593	-0.07625953934442221	0.24826976447504825	-0.04173240738333738	0.009919376759800593	-0.04173240738333738	0.11983023751511702
1.2980487338368958	-0.8754517633834472	-0.9409576455561366	-0.8754517633834472	0.9918145013686903	0.7512765822925832	-0.9409576455561366	0.7512765822925832	0.8338802023300018
1.9503529943626368	-0.13060395806556474	0.27663685647794295	-0.13060395806556474	0.455864297359234	0.01760997787931439	0.27663685647794295	0.01760997787931439	0.39628724320242775
0.5282574126603022	-0.3748112925125947	-0.43109130983017757	-0.3748112925125947	0.5145514990022944	0.1952589770978175	-0.43109130983017757	0.1952589770978175	0.7899837327818914
0.4641224181272421	0.13884759743250857	-0.32482273106300724	0.13884759743250857	0.3110668134655168	0.04959662305226854	-0.32482273106300724	0.04959662305226854	0.6434002338111406
0.290104936810728	-0.2178412018326291	-0.1257253238702448	-0.2178412018326291	1.2662625092534048	0.04792769221127378	-0.1257253238702448	0.04792769221127378	0.19492647023934256
1.0797798454458163	-0.24864276004440394	-0.12831301135992348	-0.24864276004440394	0.23132962528952028	0.07799178456429742	-0.12831301135992348	0.07799178456429742	0.14721298842980393
1.509613498701393	-1.1226746189861099	-0.9020708255241937	-1.1226746189861099	1.3707855390921126	0.5800217670286506	-0.9020708255241937	0.5800217670286506	0.7267125979146333
0.7058840735552347	0.009467796816670121	0.10913858045941356	0.009467796816670121	0.24657632516996036	-0.05507198155052109	0.10913858045941356	-0.05507198155052109	0.10507720068480486
0.6023059221056702	-0.3468917977632282	-0.5973235880947467	-0.3468917977632282	0.4320464367210361	0.5899929503151901	-0.5973235880947467	0.5899929503151901	1.0340213168538426
0.49306342292015776	-0.4714749826675343	0.017127927806835207	-0.4714749826675343	0.8782935394028394	0.079981030647945	0.017127927806835207	0.079981030647945	0.2903434953851897
0.29194930856654977	-0.39568931882265407	-0.11009532591818451	-0.39568931882265407	0.9971412347640497	0.269178996365762	-0.11009532591818451	0.269178996365762	0.15892504244352407
0.2833726887253103	-0.2164436146960974	-0.21880048027467203	-0.2164436146960974	0.5000091850575188	0.3925997931971554	-0.21880048027467203	0.3925997931971554	0.514912720607462
0.4741257276436165	-0.08844692863707855	-0.07536446061047182	-0.08844692863707855	0.24331911153736147	0.015401536436315895	-0.07536446061047182	0.015401536436315895	0.17252459515717652
0.7217682554063063	0.19732846263532766	-0.18804047413067346	0.19732846263532766	0.9610396113779305	-0.107678514123794	-0.18804047413067346	-0.107678514123794	0.31049187962375807
2.0303340204745512	0.03750153646055547	-0.10686801542813808	0.03750153646055547	0.291464030126016	-0.034971161884827844	-0.10686801542813808	-0.034971161884827844	0.22651535378069898
0.6354232837762226	-0.32271795329330355	-0.15483142479149933	-0.32271795329330355	0.9078305043784725	0.39867167019696714	-0.15483142479149933	0.39867167019696714	0.740030176840159
0.4774463950146349	-0.1552670823715388	-0.04224012321467113	-0.1552670823715388	1.0292604833392187	-0.008680905670959202	-0.04224012321467113	-0.008680905670959202	0.294906861899338
0.46769687796674575	-0.23787724071624183	-0.17256700739705585	-0.23787724071624183	0.3191376253881093	0.2513313223399533	-0.17256700739705585	0.2513313223399533	0.3815514270281295
6.112155796096751	-0.7513689385709642	-2.0736442009598828	-0.7513689385709642	0.30750495984350096	0.2811518037168478	-2.0736442009598828	0.2811518037168478	1.0100331375459974
0.48445864472629513	-0.22953359056645584	-0.36336324340489673	-0.22953359056645584	0.333399866964633	0.3346992888580521	-0.36336324340489673	0.3346992888580521	0.7974996575329849
0.2004501829017381	-0.14727019903322358	-0.12624730863233447	-0.14727019903322358	0.2896353742754946	0.13566408313731235	-0.12624730863233447	0.13566408313731235	0.24514145894456632
0.8362162261521637	-0.4163886113625635	-0.6171811138186742	-0.4163886113625635	0.4677281592764146	0.4769710642615087	-0.6171811138186742	0.4769710642615087	1.0000189197371763
1.453459644287279	0.2369080232324216	0.5070981235575553	0.2369080232324216	0.35762984358501687	-0.12701153009206717	0.5070981235575553	-0.12701153009206717	1.3070208603458644
0.3091985505127328	-0.320260886037541	0.08063446721173603	-0.320260886037541	0.7145773728087312	-0.050302493644597185	0.08063446721173603	-0.050302493644597185	0.22952536124630527
0.2417752375371368	0.27528798786088665	0.2022980896416153	0.27528798786088665	1.4172049362849597	0.9019449654174319	0.2022980896416153	0.9019449654174319	0.771095251488261
0.3867945210474679	-0.03454210682746772	-0.2011567577114166	-0.03454210682746772	0.43693094869786475	0.3522742565295319	-0.2011567577114166	0.3522742565295319	0.5308966793234339
2.3600660192530656	-1.1104221658339357	-0.051391652416493634	-1.1104221658339357	0.6497091074109244	0.05254419247745027	-0.051391652416493634	0.05254419247745027	0.1543609272250951
1.1310099345448328	-0.5997970566196277	0.32638446172824154	-0.5997970566196277	0.5179599770936306	-0.2886394669730572	0.32638446172824154	-0.2886394669730572	0.6316529585135199
0.24908821570062228	-0.2705901181246716	0.20348432335474326	-0.2705901181246716	0.4930213064532937	-0.2590967538870184	0.20348432335474326	-0.2590967538870184	0.41499387032455043
0.9442085215536269	0.13718504577595098	-0.37590194844660435	0.13718504577595098	0.4269377027186801	0.23578887706622875	-0.37590194844660435	0.23578887706622875	0.5789953562031591
1.403010436164622	-0.6991705837350741	-0.486868715609407	-0.6991705837350741	0.584802068651703	0.19325178990633846	-0.486868715609407	0.19325178990633846	0.5283643920773753
0.3310200622197571	-0.03226450669933624	-0.1207703877080135	-0.03226450669933624	0.09544554272468278	0.035280031201240285	-0.1207703877080135	0.035280031201240285	0.35491545009137254
1.7998637340446444	-0.7735295954907414	0.8984412091635477	-0.7735295954907414	0.5442756548528769	-0.38408847104839017	0.8984412091635477	-0.38408847104839017	0.7188013592907486
0.2902614041818601	-0.04769757407984691	0.16783495406724552	-0.04769757407984691	0.21130093939614314	0.11897906704490717	0.16783495406724552	0.11897906704490717	0.4148625120711074
0.5823843882362673	-0.4627355908861441	-0.1604065463783639	-0.4627355908861441	0.6506373054049079	0.23813717692379185	-0.1604065463783639	0.23813717692379185	0.38949322968571953
0.512973571709897	-0.08796262972758251	0.5015786081869492	-0.08796262972758251	0.43487962310561856	0.06750996826211947	0.5015786081869492	0.06750996826211947	0.8203842821675907
0.6989225315229209	-0.158623899851785	0.6628483880729685	-0.158623899851785	0.25379506310082184	-0.5011197155587919	0.6628483880729685	-0.5011197155587919	1.7237438904006173
0.7895650877513051	-0.3838751421435342	-0.395266883143648	-0.3838751421435342	0.8393908479073169	0.05648493827091166	-0.395266883143648	0.05648493827091166	0.4932671070141663
0.456465524595869	-0.28723975667755547	-0.24389059068402394	-0.28723975667755547	0.5091995253862751	0.21412120522073824	-0.24389059068402394	0.21412120522073824	0.24440353794475422
1.7896087406340702	-1.0358428212729103	-0.5768798475949383	-1.0358428212729103	1.4089232602301327	0.9588769602805713	-0.5768798475949383	0.9588769602805713	0.8953157173601763
1.4826926970492667	-1.4376706649214643	-0.9916129694539139	-1.4376706649214643	1.764695550582199	1.0315453434866688	-0.9916129694539139	1.0315453434866688	0.9017897926451488
0.6060183309037843	-0.26296647689076713	0.24171723059998462	-0.26296647689076713	0.7140447460612188	0.19785768534153517	0.24171723059998462	0.19785768534153517	0.47214351955851463
0.6419103634951397	0.06931463512766912	0.05427582840240967	0.06931463512766912	0.11197159249626043	-0.01639405309764765	0.05427582840240967	-0.01639405309764765	0.26372225646259745
1.2503093082869587	-0.6599783524326384	0.533381952129728	-0.6599783524326384	0.49653465182055356	-0.2581087045648761	0.533381952129728	-0.2581087045648761	0.3964178608659395
1.1555104257500917	-0.7554822055231982	-0.10896355964927654	-0.7554822055231982	0.7302685098238053	0.09666671419583817	-0.10896355964927654	0.09666671419583817	0.14403703899340065
1.0710246375816963	-1.5003998688655071	-0.32776429511798194	-1.5003998688655071	2.6116284884097904	0.5387698572623357	-0.32776429511798194	0.5387698572623357	0.853707845357563
0.8873060855379822	-0.20675463740987243	0.14828073417424084	-0.20675463740987243	0.29051748755976403	-0.0677683452857187	0.14828073417424084	-0.0677683452857187	0.19221551061180253
0.900835926101846	-1.1670391110401621	-0.22667514447728138	-1.1670391110401621	1.9926861029798821	0.413649338063538	-0.22667514447728138	0.413649338063538	0.19844752092588722
