1:J : J
4.28699992182684
7.030157451657112
8.316868420463903
2.6060741767062425
-3.5211325228405213
-2.694476978603852
-4.705662307096656
-7.579558540415924
-8.42246312412408
-6.868997495032676
-3.5202984753150597
-1.3627691818405592
-2.695179686868298
-2.9450757594419614
0.001849571204114303
1.9535974694548026
2.007489524785551
6.774391175190268
5.209909841290972
7.793103219372919
-0.925912027465381
-0.9303216500746729
-0.5115540865171964
-1.887538215708679
-4.345579660466561
1.5418810814009367
-2.8088020341522295
3.920011725513178
5.838214038695213
1.6565368322901395
4.193124446617221
5.962308513001542
1.799421080751208
-0.7521649075785933
-5.113985332403826
-4.0020557927303395
1.737164054110035
2.7222033401974084
-3.5947916939181344
-4.185940886748053
-5.831966445057628
-3.7897203586341166
-4.418082455808723
-5.764684859504236
-1.4368043995761592
-0.36388281453429916
-4.564533664058694
-2.3601087409113135
-2.5864687678947815
-5.081160170221935
