0.5966289266010946	-0.14476403879367888	0.2836981775931845	-0.14476403879367886	0.34789692708038666	-0.2512066157155326	0.28369817759318444	-0.2512066157155326	0.504802401742663
0.38491576653207926	0.04108441143317189	0.10674964639037143	0.04108441143317189	0.2345394381895155	-0.09777183096625132	0.10674964639037143	-0.09777183096625132	0.4201343111106713
1.343211112335896	0.7787004626333894	0.8087689123083759	0.7787004626333893	0.707990404246925	0.4471927751828459	0.8087689123083759	0.4471927751828459	1.054116414068312
0.7432991050390976	-0.42563544263434944	-0.28575413808931227	-0.42563544263434944	0.7189230624426244	0.49830285898782345	-0.2857541380893123	0.49830285898782345	1.138566620494254
0.5387555547382978	0.1609148786151444	0.20206425673625344	0.1609148786151444	0.3116475955947773	0.1115126903011511	0.20206425673625342	0.1115126903011511	1.2515779046043274
1.5674248633967662	0.7733693889658337	-0.40051510003326435	0.7733693889658337	0.6204361117898285	-0.25354669323979406	-0.40051510003326435	-0.253546693239794	0.6618464722318441
2.5854761422146186	-1.5982540064790376	0.07244412447513193	-1.598254006479039	4.404071339708292	3.316373729812349	0.07244412447513093	3.3163737298123497	5.018998079404407
1.368031943615416	-0.41101954422010695	-0.3747817811055695	-0.41101954422010695	0.4757687530854983	0.1931480523180642	-0.3747817811055695	0.19314805231806415	0.8755610479941769
1.0825182417209787	-0.3803608843494634	-2.4718054896503614	-0.3803608843494632	0.6303824834540777	2.092153989746231	-2.47180548965036	2.0921539897462313	10.407050115547483
1.2978829290235205	-0.6763027523207737	-0.3984683035148865	-0.6763027523207735	1.4911583719209798	0.5049116688789562	-0.3984683035148864	0.5049116688789564	0.40383601905918864
0.6099867185432644	-0.23509647091689392	-0.2802340390905461	-0.2350964709168939	1.0049191746320127	0.5390204640498237	-0.28023403909054606	0.5390204640498237	0.6490620636749259
1.923273222975447	-1.2476684449418145	0.20054267406233395	-1.2476684449418147	2.1063718839378347	0.20549402878275325	0.2005426740623338	0.20549402878275339	0.5537015574532969
0.5817206097189374	-0.03593056487107671	0.027439347938583686	-0.0359305648710767	0.42647209090701804	0.21987644901770753	0.02743934793858368	0.21987644901770753	0.7809824202539226
1.1105281933442877	-0.29685859188698066	-0.008984146372585183	-0.29685859188698066	0.6651129354539389	-0.3463917571105737	-0.008984146372585098	-0.34639175711057374	0.8043568003464127
1.1321105424124505	-0.5222576301532781	0.5230579987167054	-0.522257630153278	0.9599455025581387	-0.6015664567152703	0.5230579987167053	-0.6015664567152703	0.8492372950088416
0.34669608868584595	0.03462522504260059	0.04471203080688258	0.03462522504260059	0.20220775536133387	-0.04919804476940057	0.04471203080688258	-0.04919804476940057	0.40707156417392354
0.3514460454980772	-0.07388504960009828	-0.07110909574522419	-0.07388504960009827	0.6686246871495437	-0.01880518777332109	-0.0711090957452242	-0.018805187773321085	0.4360243840940052
0.8443516723810391	0.4673585506130081	-0.0640322647929964	0.46735855061300824	0.7890906147586487	-0.036939073215538035	-0.06403226479299637	-0.03693907321553802	0.4284202658882893
0.32411595566897816	-0.1479166101430417	-0.18068401115376875	-0.14791661014304172	0.6064894142392521	0.33863706310301317	-0.18068401115376875	0.33863706310301317	0.531608586985549
0.41170750571841347	0.051301615520925825	0.033272568613022246	0.05130161552092583	1.2834360863872978	0.33492996217729737	0.033272568613022246	0.33492996217729737	0.49359510516132205
0.4360405179585279	-0.14823255673382676	0.14183124768420907	-0.14823255673382674	0.2946687172825043	-0.10621224400751926	0.1418312476842091	-0.10621224400751929	0.7052080879146885
0.7650304156638043	-0.23368286430774857	0.34272336336344184	-0.23368286430774848	0.8329339155140529	-0.47534852791330257	0.3427233633634418	-0.47534852791330257	0.5799009734838547
0.4204799926368679	-0.04423457300349928	-0.2735640573498364	-0.04423457300349929	0.49627834911772434	0.19440116411210398	-0.2735640573498364	0.19440116411210395	0.9600961626913102
0.5978335712579061	0.013863531330610926	0.33009228437986143	0.013863531330610933	0.48226417031399615	-0.12371490019559907	0.33009228437986143	-0.12371490019559907	0.9214972316534751
1.0747221574586667	-0.17472274777971072	0.2001433681089798	-0.1747227477797107	0.7198747506506163	-0.48383400977662316	0.20014336810897979	-0.48383400977662316	0.7678892675857025
0.8805728757730745	-0.23478992546466704	-0.2141890140331639	-0.23478992546466704	1.0147781707150507	0.4595070811487505	-0.21418901403316393	0.45950708114875044	0.6625313079203807
0.34752765604824915	0.14512025486700544	0.044772049151822146	0.14512025486700542	0.3941090981182814	0.0879544410634355	0.044772049151822146	0.0879544410634355	0.46115773095787294
0.4544984202192096	0.058628778796711495	-0.057757640385594174	0.05862877879671148	0.8374076053174921	-0.15133891240066116	-0.05775764038559415	-0.15133891240066116	0.4488576930914671
3.8929757947482266	0.8106079837468744	0.11727251397433604	0.8106079837468745	0.4329818077846157	0.02871232529253262	0.11727251397433602	0.02871232529253262	0.5743368708244826
0.8794961571978476	-0.38269799245096975	-0.26770808637837085	-0.38269799245096975	0.7617253759334209	-0.26296325845108137	-0.26770808637837085	-0.26296325845108137	1.1598219542255426
1.0549124381005994	-0.1009750356201565	0.22604174775953007	-0.10097503562015649	0.6098494501719395	-0.18716034196794085	0.2260417477595301	-0.18716034196794085	0.997599842117554
3.0843615079931026	-0.36836880004211064	0.5398900004043617	-0.3683688000421107	0.7046951539520537	-0.2554432450794929	0.5398900004043617	-0.2554432450794929	0.8325134750708494
0.39470334848929023	0.13228233402902512	0.24372109526710634	0.13228233402902514	0.4308595354628553	0.09664989348645624	0.2437210952671064	0.09664989348645624	0.7829105533401232
0.5915725113241866	-0.031762495354270934	0.03218364696924493	-0.03176249535427094	0.42258738266205687	-0.17805703694806568	0.03218364696924493	-0.17805703694806568	0.5988756720198507
1.5738067990762241	0.07805246035987957	0.14707347153203887	0.07805246035987953	1.0825312205401276	0.4482719350097662	0.14707347153203884	0.4482719350097662	0.5199932856429335
0.7869552462788525	-0.6777973391389873	-0.6786305075309451	-0.6777973391389872	1.2874100401801827	0.8941802228697112	-0.6786305075309451	0.8941802228697112	1.1519742064876741
0.901165745211519	-0.2542098130519288	0.21270192523515985	-0.25420981305192886	0.6472720103368184	0.15621394824006155	0.21270192523515982	0.15621394824006155	1.4025063307320944
0.8598153449465588	-0.025984750176326645	-0.0026309631599688798	-0.025984750176326645	0.4277121466226996	0.0011104076635644758	-0.0026309631599688798	0.0011104076635644758	0.20839929762006904
0.5865398002781879	-0.35609348761137605	0.20223340194254386	-0.35609348761137605	1.2694571799942853	0.03398241829315914	0.20223340194254383	0.03398241829315914	0.32369024787067524
0.6448916979919226	0.12086475680058084	-0.009914665741615269	0.12086475680058084	0.5548243629335726	-0.007841058368999886	-0.009914665741615267	-0.007841058368999886	0.5066898714421094
0.4293405020153	-0.0037231582694083956	-0.15148011223425478	-0.0037231582694083887	0.6850703222323038	-0.24379805033602095	-0.15148011223425478	-0.24379805033602095	0.8493603321410667
2.7363928716606187	-2.7700643948909027	-2.294487911656568	-2.770064394890904	3.6958975206105644	2.8234438738689493	-2.294487911656568	2.8234438738689476	2.4872745902773525
2.0054419706964817	0.3259332050270602	-0.27547506903128705	0.3259332050270599	0.2050194026778492	-0.035120068971620205	-0.2754750690312872	-0.035120068971620254	0.4340296643477285
0.2741050965847312	-0.10139261629523885	-0.0844308444603453	-0.10139261629523885	0.40890665062134346	-0.20930662574200593	-0.08443084446034531	-0.20930662574200593	0.5588937017847557
0.4430034070004631	-0.03402701472619767	0.06346252024200513	-0.034027014726197666	0.414361554817085	0.18640721947005603	0.06346252024200513	0.18640721947005603	0.4003700478907251
1.1736375594366053	-0.8700056250739018	-0.07069745309618572	-0.8700056250739018	1.5057274411460728	0.14584630341053043	-0.07069745309618575	0.14584630341053045	0.27440577462196
1.2917465080807726	0.08964112802673306	-0.03577333121992739	0.0896411280267331	0.9837133417671347	-0.1652468577770545	-0.035773331219927394	-0.1652468577770545	0.3006759919608932
1.1888038245546029	-0.18127291549169636	-0.2345268533468427	-0.18127291549169638	0.32331162972379535	0.05453795841756649	-0.23452685334684276	0.05453795841756649	0.37616621305713716
0.8109655681697838	-0.2506841431065976	0.2038660247467639	-0.2506841431065976	2.107378321271314	0.5132435414780105	0.20386602474676396	0.5132435414780105	0.6049483602558721
0.9453060154176257	-0.2513217758103436	-0.32869081883140455	-0.25132177581034354	0.7395397290611097	0.04723072070538626	-0.3286908188314046	0.04723072070538629	0.37103884823748917
