3:x1 : x1
1.2516247326714216
4.033637213246554
4.113637061605595
5.655119783071039
4.804968046795083
4.640063317572125
4.165969293621429
2.6182767328103878
0.898392821622575
2.4066757446838682
3.1839404499337998
3.3768570018372825
0.4868998283601246
0.0039424953395340995
1.9962857758998953
3.713657740203628
1.415686875547847
-1.4951276314803792
-2.704072469704194
0.13916354584662904
-1.1005243106288214
-1.7159560239611762
0.1944386608534297
3.3804537857901473
2.265801122673542
1.1937682918239554
1.620525124560495
1.768608889641617
-0.6486857280840203
-1.1610374256318527
-4.23504946982597
-5.417597589491126
-4.2375767944996205
-3.810697011725983
-0.7111542383059405
0.24035380623782268
-0.3238722740561746
1.2778922537674964
-1.2161558665087513
-1.2155113175234737
-4.604554939957204
-8.323422335310868
-7.327332879374509
-8.929103790867886
-8.803296565545148
-9.482041993568297
-7.704643737727613
-9.578336685173886
-9.176047088228856
-11.011188379787855
