1:x1 : x1
0.4944793369074968
0.771882384143245
0.8691226167338643
-0.3407812453018313
-0.3985008458559833
0.321607824503298
0.5209058108159049
-1.811020501274377
0.336323441838546
0.7583833364753217
0.41036105154838454
0.32838313091287596
0.1421759034365684
1.448610316181758
1.6646655547727502
1.3240153884740384
0.5792269510209472
0.3326684227483923
0.7775511153058765
-0.12601838820416256
0.6453689921068462
0.0451276459484474
0.18735658421661333
0.3595271902072603
-0.03152026754808958
1.4000096196570477
0.049991540307891595
0.6708800365129008
0.8633607979537163
0.9909444087689356
2.64820616021106
0.10086853541266988
0.6344983790961927
0.7140295766107613
0.5627026888503811
0.28206227521896865
1.0529351744685358
0.5708798716232095
0.7313873652053083
0.3636489051399616
0.22310999237024948
1.1410716701962667
0.8818038908518386
-0.14060265553572726
0.20210221366504333
2.0383119937395286
0.9227147269156981
0.808487228314473
0.191736287742245
0.17841741163132946
