2:J : J
5.446699652293392
6.608405840911401
7.872226845224136
8.957006585975945
7.243536811441486
7.438666582725484
4.354848190081186
3.8415690348635714
9.778276424445918
10.29871862464987
10.815734321457045
5.270548304302362
4.997182805565926
6.629861601969719
2.2434798242100586
5.769124639917976
4.9712276173008885
3.3641818089721154
0.1506819566184346
4.7565130876885116
3.891210244615333
4.572112901789023
4.762350080925055
5.713582374174567
8.029116674515656
6.848819406955315
3.966110696735495
0.9469602587239491
4.625170369558663
1.4099391331515727
5.139991917860421
8.009565363195184
10.676739015927634
11.706681224577052
8.972206919347215
4.804058088491736
1.8849758812873056
-0.844083779442697
1.4662639144464884
8.917424353873333
17.485369756126282
15.33831004489379
11.945220117972895
11.586107387211618
11.129004962814681
10.763703656498556
3.2038038991469104
9.545481123019142
4.91508061775105
0.9802957298282229
