2:x1 : x1
0.21420668055935835
0.46443357579839356
0.35778621941248356
-0.21786187791860703
0.7990708231359106
0.5606356769981611
0.4311963907022364
0.9805023740355485
0.29494523992139476
0.38656964526083604
0.0006235025384109787
-0.08372154353979316
0.2164805180305845
0.4047910134221379
0.5853341761035115
-0.054696626152676474
0.27606073097960027
-0.23767947752311797
0.14374721527742915
0.7222057110958304
0.0945515772871299
0.37903160737270924
0.13693844393546512
0.6189590508893408
0.8974978279366547
0.04223991947115205
0.5675481627288919
0.15912936041798423
0.31204549911816637
0.34651078220175946
1.0783368420680917
0.4784705922167337
0.24292612340177208
0.600307453112127
0.478141440000577
-0.08995748924452407
0.17622799075426754
0.13412587722167396
0.2607281607237682
0.39190294918209856
-0.2195669893377112
0.7367562355027569
0.29701028049082195
0.5862768726139539
0.5392204983673002
0.058335210831828105
0.14185460861070834
0.6727766029722335
0.8785726033400393
0.11916064951401634
